sentence,sentence_preprocessed,sentence_length,word_freq,high_low_freq,word_level,long_word_count,is_complete_sentence,is_complete_context,is_blacklist,is_greylist
不少人想為家裡添購一台淨水器，可是，面對市面上琳瑯滿目、售價從千元到數萬元價位不一的淨水器時，往往不知從何下手，以下，有幾個選購淨水器的方法，可供民眾參考。,不少 人 想 為 家 裡 添購 一 台 淨水器 可是 面對 市面 上 琳瑯滿目 售價 從 千 元 到 數萬 元 價位 不一 的 淨水器 時 往往 不 知 從 何 下手 以下 有 幾 個 選購 淨水器 的 方法 可 供 民眾 參考,45,不少(35256) 人(1550512) 想(449884) 為(761341) 家(236822) 裡(520435) 添購(440) 一(3701681) 台(29325) 淨水器(30) 可是(125487) 面對(62914) 市面(2063) 上(1233218) 琳瑯滿目(433) 售價(1651) 從(496546) 千(19677) 元(60807) 到(546906) 數萬(2164) 元(60807) 價位(840) 不一(3317) 的(16029838) 淨水器(30) 時(623734) 往往(41388) 不(2282521) 知(108500) 從(496546) 何(46992) 下手(4033) 以下(29388) 有(2217079) 幾(229415) 個(2296574) 選購(915) 淨水器(30) 的(16029838) 方法(99064) 可(307359) 供(17109) 民眾(17097) 參考(24401),"{'High': 42, 'Low': 3}","{'Unknown': 12, '第1級': 15, '第1*級': 4, '第7級': 3, '第2級': 2, '第4*級': 5, '第6級': 2, '第3*級': 2}",4,Y,Y,N,N
一、改善有味道、濁度等水質問題，建議使用有活性碳濾心的濾水器；財團法人消費者文教基金會指出，如果你住的地方水質尚可，但偶爾有異味、濁度等問題，或嫌氯氣過重，可以選購採用活性碳濾心的濾水器，因為該濾水器具有過濾細砂或大部份重金屬、除氯氣及異味的功能，不過，無法將水軟化，也沒辦法過濾農藥等有機化學。,一 改善 有 味道 濁度 等 水質 問題 建議 使用 有 活性碳 濾心 的 濾水器 財團 法人 消費者 文教 基金會 指出 如果 你 住 的 地方 水質 尚可 但 偶爾 有 異味 濁度 等 問題 或 嫌 氯氣 過重 可以 選購 採用 活性碳 濾心 的 濾水器 因為 該 濾水器 具有 過濾 細砂 或 大部份 重金屬 除 氯氣 及 異味 的 功能 不過 無法 將 水 軟化 也 沒辦法 過濾 農藥 等 有機化學,72,一(3701681) 改善(21559) 有(2217079) 味道(14200) 濁度(10) 等(327380) 水質(728) 問題(280782) 建議(45709) 使用(99640) 有(2217079) 活性碳(Unknown) 濾心(9) 的(16029838) 濾水器(52) 財團(2156) 法人(2764) 消費者(15236) 文教(1353) 基金會(7844) 指出(38456) 如果(322121) 你(1414837) 住(69815) 的(16029838) 地方(139164) 水質(728) 尚可(590) 但(597124) 偶爾(15400) 有(2217079) 異味(364) 濁度(10) 等(327380) 問題(280782) 或(478077) 嫌(7613) 氯氣(59) 過重(1349) 可以(560531) 選購(915) 採用(20582) 活性碳(Unknown) 濾心(9) 的(16029838) 濾水器(52) 因為(425061) 該(148369) 濾水器(52) 具有(60702) 過濾(2145) 細砂(12) 或(478077) 大部份(4237) 重金屬(451) 除(15929) 氯氣(59) 及(304586) 異味(364) 的(16029838) 功能(38600) 不過(186226) 無法(150606) 將(448374) 水(86260) 軟化(1093) 也(1590760) 沒辦法(16992) 過濾(2145) 農藥(1066) 等(327380) 有機化學(70),"{'High': 59, 'Low': 13}","{'第1級': 14, '第4*級': 5, '第2級': 4, 'Unknown': 26, '第3*級': 5, '第4級': 2, '第6級': 4, '第5級': 5, '第7級': 2, '第1*級': 3, '第3級': 2}",11,Y,Y,N,N
二、水源污染比較嚴重，欲改善水質硬度，建議購買軟水器；軟水器的功能就是把硬水軟化，將水中的礦物質或雜質去除，市售的軟水器又分為蒸餾式濾水器及逆滲透壓式軟水器，其中，蒸餾式軟水器殺菌能力強，分離雜質、重金屬的功能也比較好，但是容易把水中人體所需要的一些礦物質給過濾掉。,二 水源 污染 比較 嚴重 欲 改善 水質 硬度 建議 購買 軟水器 軟水器 的 功能 就是 把 硬水 軟化 將 水 中 的 礦物質 或 雜質 去除 市售 的 軟水器 又 分為 蒸餾式 濾水器 及 逆滲透壓式 軟水器 其中 蒸餾式 軟水器 殺菌 能力 強 分離 雜質 重金屬 的 功能 也 比較 好 但是 容易 把 水 中 人體 所 需要 的 一些 礦物質 給 過濾掉,64,二(152494) 水源(1594) 污染(5095) 比較(112212) 嚴重(39284) 欲(27451) 改善(21559) 水質(728) 硬度(409) 建議(45709) 購買(14998) 軟水器(2) 軟水器(2) 的(16029838) 功能(38600) 就是(2943) 把(617773) 硬水(Unknown) 軟化(1093) 將(448374) 水(86260) 中(1011729) 的(16029838) 礦物質(1304) 或(478077) 雜質(527) 去除(3331) 市售(423) 的(16029838) 軟水器(2) 又(535555) 分為(11069) 蒸餾式(Unknown) 濾水器(52) 及(304586) 逆滲透壓式(Unknown) 軟水器(2) 其中(95627) 蒸餾式(Unknown) 軟水器(2) 殺菌(541) 能力(93399) 強(34876) 分離(6551) 雜質(527) 重金屬(451) 的(16029838) 功能(38600) 也(1590760) 比較(112212) 好(448428) 但是(247988) 容易(80831) 把(617773) 水(86260) 中(1011729) 人體(10825) 所(527327) 需要(166793) 的(16029838) 一些(156929) 礦物質(1304) 給(240485) 過濾掉(132),"{'High': 54, 'Low': 10}","{'第1級': 11, '第6級': 3, '第3*級': 4, '第2級': 8, '第4*級': 1, 'Unknown': 27, '第4級': 3, '第5級': 4, '第3級': 1, '第1*級': 2}",13,Y,Y,N,N
逆滲透壓式軟水器可以去除氯氣的異味、雜質，達到軟水的功能，只不過，也跟蒸餾式軟水器一樣，容易把水中對人體有益的礦物質給過濾掉，而且，售價也比較高。,逆 滲透壓 式 軟水器 可以 去除 氯氣 的 異味 雜質 達到 軟水 的 功能 只不過 也 跟 蒸餾式 軟水器 一樣 容易 把 水 中 對 人體 有益 的 礦物質 給 過濾掉 而且 售價 也 比較 高,36,逆(3630) 滲透壓(50) 式(6856) 軟水器(2) 可以(560531) 去除(3331) 氯氣(59) 的(16029838) 異味(364) 雜質(527) 達到(35670) 軟水(3) 的(16029838) 功能(38600) 只不過(11028) 也(1590760) 跟(260280) 蒸餾式(Unknown) 軟水器(2) 一樣(188109) 容易(80831) 把(617773) 水(86260) 中(1011729) 對(897964) 人體(10825) 有益(4304) 的(16029838) 礦物質(1304) 給(240485) 過濾掉(132) 而且(180402) 售價(1651) 也(1590760) 比較(112212) 高(128858),"{'High': 30, 'Low': 6}","{'第6級': 2, 'Unknown': 15, '第1級': 11, '第4*級': 1, '第4級': 1, '第1*級': 2, '第2級': 2, '第5級': 1, '第3級': 1}",7,Y,Y,N,N
三、重在殺菌，建議用殺菌器；前一陣子又發現疑似腸病毐案例，不少家長開始擔心小孩子的飲用水安全，如果你很在乎水中病菌孳長，影響人體的健康，建議你購買一台殺菌器，殺菌器的功能著重在殺菌，但是缺乏過濾雜質及去除餘氯的功能，能搭配其他淨水器使用最好。,三 重在 殺菌 建議 用 殺菌器 前 一陣子 又 發現 疑似 腸病毐 案例 不少 家長 開始 擔心 小孩子 的 飲用水 安全 如果 你 很 在乎 水 中 病菌 孳長 影響 人體 的 健康 建議 你 購買 一 台 殺菌器 殺菌器 的 功能 著重 在 殺菌 但是 缺乏 過濾 雜質 及 去除 餘氯 的 功能 能 搭配 其他 淨水器 使用 最好,60,三(313861) 重在(31) 殺菌(541) 建議(45709) 用(377038) 殺菌器(Unknown) 前(272709) 一陣子(7466) 又(535555) 發現(175233) 疑似(647) 腸病毐(Unknown) 案例(9938) 不少(35256) 家長(15489) 開始(245562) 擔心(40962) 小孩子(8103) 的(16029838) 飲用水(329) 安全(35338) 如果(322121) 你(1414837) 很(715675) 在乎(12441) 水(86260) 中(1011729) 病菌(964) 孳長(13) 影響(95840) 人體(10825) 的(16029838) 健康(50041) 建議(45709) 你(1414837) 購買(14998) 一(3701681) 台(29325) 殺菌器(Unknown) 殺菌器(Unknown) 的(16029838) 功能(38600) 著重(4094) 在(3284238) 殺菌(541) 但是(247988) 缺乏(27750) 過濾(2145) 雜質(527) 及(304586) 去除(3331) 餘氯(Unknown) 的(16029838) 功能(38600) 能(582260) 搭配(6314) 其他(189445) 淨水器(30) 使用(99640) 最好(22016),"{'High': 52, 'Low': 8}","{'第1級': 13, 'Unknown': 15, '第3*級': 3, '第4*級': 2, '第1*級': 3, '第2級': 7, '第7級': 1, '第5級': 5, '第4級': 5, '第3級': 3, '第6級': 3}",8,Y,Y,N,N
四、住的地區水質不錯，頂多是讓泡茶、煮咖啡的水質更具口感，那麼可以購買混合式淨水器；這種混合式的淨水器，過濾材質大多以麥飯石或者陶質濾材為主，宣稱可以改善泡茶或煮咖啡的口感，不過，確實效果目前還有待評估。,四 住 的 地區 水質 不錯 頂多 是 讓 泡茶 煮 咖啡 的 水質 更 具 口感 那麼 可以 購買 混合式 淨水器 這 種 混合式 的 淨水器 過濾 材質 大多 以 麥飯石 或者 陶質 濾材 為主 宣稱 可以 改善 泡茶 或 煮 咖啡 的 口感 不過 確實 效果 目前 還 有待 評估,52,四(141667) 住(69815) 的(16029838) 地區(40339) 水質(728) 不錯(23297) 頂多(3254) 是(4642407) 讓(526314) 泡茶(986) 煮(12889) 咖啡(12867) 的(16029838) 水質(728) 更(361676) 具(41661) 口感(2607) 那麼(127785) 可以(560531) 購買(14998) 混合式(134) 淨水器(30) 這(2114032) 種(701563) 混合式(134) 的(16029838) 淨水器(30) 過濾(2145) 材質(2299) 大多(12946) 以(547785) 麥飯石(9) 或者(63631) 陶質(7) 濾材(Unknown) 為主(12900) 宣稱(8427) 可以(560531) 改善(21559) 泡茶(986) 或(478077) 煮(12889) 咖啡(12867) 的(16029838) 口感(2607) 不過(186226) 確實(36977) 效果(38188) 目前(48695) 還(625086) 有待(2538) 評估(16292),"{'High': 47, 'Low': 5}","{'第1級': 11, '第1*級': 2, '第4級': 5, 'Unknown': 19, '第5級': 5, '第2級': 3, '第6級': 3, '第3級': 2, '第4*級': 2}",5,Y,Y,N,N
確實效果目前還有待評估。,確實 效果 目前 還 有待 評估,6,確實(36977) 效果(38188) 目前(48695) 還(625086) 有待(2538) 評估(16292),{'High': 6},"{'第5級': 2, '第4*級': 1, '第4級': 1, 'Unknown': 2}",0,Y,N,N,N
連接網際網路，數據機是不可或缺的電腦產品，一台好的數據機可以讓你在連接網際網路時高枕無憂，而品質稍差的數據機，可能動不動就斷線，碰到檔案下載到一半時，又必須重新來過。,連接 網際 網路 數據機 是 不可或缺 的 電腦 產品 一 台 好 的 數據機 可以 讓 你 在 連接 網際 網路 時 高枕無憂 而 品質 稍 差 的 數據機 可能 動不動 就 斷線 碰到 檔案 下載到 一半 時 又 必須 重新 來過,42,連接(6551) 網際(3792) 網路(26656) 數據機(168) 是(4642407) 不可或缺(3649) 的(16029838) 電腦(38528) 產品(51029) 一(3701681) 台(29325) 好(448428) 的(16029838) 數據機(168) 可以(560531) 讓(526314) 你(1414837) 在(3284238) 連接(6551) 網際(3792) 網路(26656) 時(623734) 高枕無憂(294) 而(937923) 品質(19388) 稍(14118) 差(23865) 的(16029838) 數據機(168) 可能(271025) 動不動(1725) 就(1737544) 斷線(214) 碰到(15360) 檔案(10058) 下載到(46) 一半(21409) 時(623734) 又(535555) 必須(170592) 重新(44668) 來過(59),"{'High': 40, 'Low': 2}","{'第5級': 7, 'Unknown': 12, '第2級': 5, '第1級': 9, '第6級': 1, '第1*級': 3, '第3*級': 2, '第4級': 2, '第3級': 1}",7,Y,Y,N,N
許多人不明瞭，氣得大罵ISP服務不好，其實問題說不定出在數據機身上，所以在上網之前，除了選擇一家好的ISP，更要慎選數據機。,許多 人 不 明瞭 氣 得 大罵 ISP 服務 不 好 其實 問題 說不定 出 在 數據機 身 上 所以 在 上網 之前 除了 選擇 一 家 好 的 ISP 更 要 慎選 數據機,34,許多(159791) 人(1550512) 不(2282521) 明瞭(3269) 氣(53111) 得(573721) 大罵(1553) ISP(77) 服務(38055) 不(2282521) 好(448428) 其實(109290) 問題(280782) 說不定(11575) 出(84457) 在(3284238) 數據機(168) 身(122324) 上(1233218) 所以(239080) 在(3284238) 上網(3387) 之前(79748) 除了(75964) 選擇(75178) 一(3701681) 家(236822) 好(448428) 的(16029838) ISP(77) 更(361676) 要(851264) 慎選(380) 數據機(168),"{'High': 32, 'Low': 2}","{'第3*級': 4, '第1級': 9, '第6級': 1, 'Unknown': 11, '第3級': 1, '第4*級': 2, '第1*級': 4, '第2*級': 1, '第4級': 1}",5,Y,Y,N,N
選購數據機之前，必須先了解數據機的基本傳輸原理及通訊協定，數據機有人翻譯為「魔電」，在電腦課本中則翻譯為「調變解調器」，顧名思義就是將訊號重新變化調解或解變化調解的工具。,選購 數據機 之前 必須 先 了解 數據機 的 基本 傳輸 原理 及 通訊 協定 數據機 有 人 翻譯為 魔電 在 電腦 課本 中 則 翻譯為 調變 解調 器 顧名思義 就 是 將 訊號 重新 變化 調解 或 解 變化 調解 的 工具,42,選購(915) 數據機(168) 之前(79748) 必須(170592) 先(136649) 了解(82970) 數據機(168) 的(16029838) 基本(52069) 傳輸(1273) 原理(6939) 及(304586) 通訊(5667) 協定(2810) 數據機(168) 有(2217079) 人(1550512) 翻譯為(175) 魔電(Unknown) 在(3284238) 電腦(38528) 課本(2908) 中(1011729) 則(254096) 翻譯為(175) 調變(28) 解調(Unknown) 器(1597) 顧名思義(774) 就(1737544) 是(4642407) 將(448374) 訊號(4808) 重新(44668) 變化(42502) 調解(1129) 或(478077) 解(10054) 變化(42502) 調解(1129) 的(16029838) 工具(26319),"{'High': 39, 'Low': 3}","{'Unknown': 12, '第4級': 4, '第3級': 2, '第1*級': 3, '第3*級': 1, '第1級': 6, '第5級': 7, '第7級': 4, '第6級': 2, '第2*級': 1}",6,Y,Y,N,N
什麼是調變解調呢？,什麼 是 調變 解調 呢,5,什麼(431321) 是(4642407) 調變(28) 解調(Unknown) 呢(204566),"{'High': 3, 'Low': 2}","{'第1級': 3, 'Unknown': 2}",0,Y,N,N,N
數據機最大的功能就是讓我們可以透過電話線，連接網際網路，而後瀏覽各種資料。,數據機 最 大 的 功能 就 是 讓 我們 可以 透過 電話線 連接 網際 網路 而後 瀏覽 各 種 資料,20,數據機(168) 最(421680) 大(525780) 的(16029838) 功能(38600) 就(1737544) 是(4642407) 讓(526314) 我們(979260) 可以(560531) 透過(63117) 電話線(648) 連接(6551) 網際(3792) 網路(26656) 而後(7307) 瀏覽(2375) 各(243023) 種(701563) 資料(52866),{'High': 20},"{'Unknown': 5, '第1*級': 1, '第1級': 6, '第4級': 1, '第2級': 3, '第5級': 2, '第6級': 1, '第3級': 1}",2,Y,N,N,N
一般人在使用電話線與遠方通電話時，傳輸的是類比形式的訊號，但是電腦所能解讀的卻只有數位訊號，兩者應如何轉換？,一般人 在 使用 電話線 與 遠方 通電話 時 傳輸 的 是 類比 形式 的 訊號 但是 電腦 所 能 解讀 的 卻 只 有 數位 訊號 兩者 應 如何 轉換,30,一般人(11675) 在(3284238) 使用(99640) 電話線(648) 與(968432) 遠方(5438) 通電話(285) 時(623734) 傳輸(1273) 的(16029838) 是(4642407) 類比(1922) 形式(42448) 的(16029838) 訊號(4808) 但是(247988) 電腦(38528) 所(527327) 能(582260) 解讀(7922) 的(16029838) 卻(333007) 只(436725) 有(2217079) 數位(6297) 訊號(4808) 兩者(Unknown) 應(82417) 如何(148068) 轉換(6744),"{'High': 29, 'Low': 1}","{'Unknown': 7, '第1*級': 4, '第4級': 2, '第4*級': 1, '第3*級': 1, '第7級': 1, '第1級': 5, '第5級': 6, '第2級': 2, '第6級': 1}",3,Y,Y,N,N
這就必須仰賴數據機，將電腦數位訊號轉為類比訊號，稱為「調變」，而後訊號就可以經由電話線傳送到遠方，到遠方的電腦之後，再經由數據機的「解調」，將類比訊號化為電腦可解讀的數位訊號，這一來一往的訊號調變、解調變，就是連接網際網路時數據機扮演的角色。,這 就 必須 仰賴 數據機 將 電腦 數位 訊號 轉為 類比 訊號 稱為 調變 而後 訊號 就 可以 經由 電話線 傳送到 遠方 到 遠方 的 電腦 之後 再 經由 數據機 的 解調 將 類比 訊號 化為 電腦 可 解讀 的 數位 訊號 這 一來一往 的 訊號 調變 解 調變 就 是 連接 網際 網路 時 數據機 扮演 的 角色,59,這(2114032) 就(1737544) 必須(170592) 仰賴(3808) 數據機(168) 將(448374) 電腦(38528) 數位(6297) 訊號(4808) 轉為(4539) 類比(1922) 訊號(4808) 稱為(34293) 調變(28) 而後(7307) 訊號(4808) 就(1737544) 可以(560531) 經由(14759) 電話線(648) 傳送到(595) 遠方(5438) 到(546906) 遠方(5438) 的(16029838) 電腦(38528) 之後(190467) 再(326207) 經由(14759) 數據機(168) 的(16029838) 解調(Unknown) 將(448374) 類比(1922) 訊號(4808) 化為(4852) 電腦(38528) 可(307359) 解讀(7922) 的(16029838) 數位(6297) 訊號(4808) 這(2114032) 一來一往(160) 的(16029838) 訊號(4808) 調變(28) 解(10054) 調變(28) 就(1737544) 是(4642407) 連接(6551) 網際(3792) 網路(26656) 時(623734) 數據機(168) 扮演(20021) 的(16029838) 角色(52422),"{'High': 55, 'Low': 4}","{'第1級': 13, '第3級': 1, '第6級': 2, 'Unknown': 19, '第5級': 13, '第1*級': 4, '第4*級': 4, '第4級': 1, '第2級': 1, '第3*級': 1}",6,Y,N,N,N
在解說了一些數據機基本原理，這裡要談的是如何選購數據機。,在 解說 了 一些 數據機 基本 原理 這裡 要 談 的 是 如何 選購 數據機,15,在(3284238) 解說(5627) 了(3199291) 一些(156929) 數據機(168) 基本(52069) 原理(6939) 這裡(100385) 要(851264) 談(44043) 的(16029838) 是(4642407) 如何(148068) 選購(915) 數據機(168),{'High': 15},"{'第1*級': 2, '第5級': 3, 'Unknown': 4, '第6級': 1, '第1級': 4, '第3*級': 1}",2,Y,N,N,N
這裡介紹四大訣竅，希望能夠幫助你找到連接網際網路的好幫手。,這裡 介紹 四 大 訣竅 希望 能夠 幫助 你 找到 連接 網際 網路 的 好 幫手,16,這裡(100385) 介紹(26468) 四(141667) 大(525780) 訣竅(1805) 希望(119975) 能夠(96422) 幫助(62744) 你(1414837) 找到(65281) 連接(6551) 網際(3792) 網路(26656) 的(16029838) 好(448428) 幫手(1364),{'High': 16},"{'第1級': 5, '第1*級': 1, '第6級': 1, '第2級': 4, 'Unknown': 3, '第5級': 2}",0,Y,N,N,N
要訣一：望聞問切，了解穩定性及抗雜能力。,要訣 一 望聞問切 了解 穩定性 及 抗 雜 能力,9,要訣(873) 一(3701681) 望聞問切(7) 了解(82970) 穩定性(1310) 及(304586) 抗(7538) 雜(2737) 能力(93399),"{'High': 8, 'Low': 1}","{'第7級': 1, '第1級': 1, 'Unknown': 3, '第3*級': 1, '第5級': 2, '第2級': 1}",2,Y,Y,N,N
數據機的最大功能就是將類比訊號與數位訊號做轉換，其中如何避免類比訊號的雜訊干擾，是選購數據機最值得注意，但也是最難以察覺的地方。,數據機 的 最 大 功能 就 是 將 類比 訊號 與 數位 訊號 做 轉換 其中 如何 避免 類比 訊號 的 雜訊 干擾 是 選購 數據機 最 值得 注意 但 也 是 最 難以 察覺 的 地方,37,數據機(168) 的(16029838) 最(421680) 大(525780) 功能(38600) 就(1737544) 是(4642407) 將(448374) 類比(1922) 訊號(4808) 與(968432) 數位(6297) 訊號(4808) 做(411649) 轉換(6744) 其中(95627) 如何(148068) 避免(33211) 類比(1922) 訊號(4808) 的(16029838) 雜訊(309) 干擾(7859) 是(4642407) 選購(915) 數據機(168) 最(421680) 值得(34362) 注意(49591) 但(597124) 也(1590760) 是(4642407) 最(421680) 難以(30294) 察覺(6758) 的(16029838) 地方(139164),{'High': 37},"{'Unknown': 6, '第1級': 10, '第1*級': 4, '第4級': 2, '第5級': 9, '第4*級': 2, '第3*級': 1, '第2級': 2, '第6級': 1}",2,Y,Y,N,N
在連接網際網路時，若是經常會不明不白斷線，除了當地電話線品質不好外，有可能就是數據機製造商設計能力不足，導致抗雜訊能力差。,在 連接 網際 網路 時 若是 經常 會 不明不白 斷線 除了 當地 電話線 品質 不 好 外 有 可能 就是 數據機 製造商 設計 能力 不足 導致 抗 雜訊 能力 差,30,在(3284238) 連接(6551) 網際(3792) 網路(26656) 時(623734) 若是(17210) 經常(49295) 會(1014977) 不明不白(347) 斷線(214) 除了(75964) 當地(23011) 電話線(648) 品質(19388) 不(2282521) 好(448428) 外(109310) 有(2217079) 可能(271025) 就是(2943) 數據機(168) 製造商(2424) 設計(59326) 能力(93399) 不足(20371) 導致(30222) 抗(7538) 雜訊(309) 能力(93399) 差(23865),{'High': 30},"{'第1*級': 2, '第5級': 2, 'Unknown': 10, '第2級': 3, '第3*級': 3, '第4*級': 4, '第4級': 1, '第1級': 4, '第6級': 1}",4,Y,Y,N,N
至於如何選購一台抗雜訊能力高的數據機，目前並沒有明確的方法，除了多注意媒體報導、朋友推薦外，真的就沒有別的途徑了，不過綜合各方意見，大家一致公認，美國的USRobtics數據機，雖然價錢比一般數據機貴了許多，但性能的確頂呱呱。,至於 如何 選購 一 台 抗 雜訊 能力 高 的 數據機 目前 並 沒有 明確 的 方法 除了 多 注意 媒體 報導 朋友 推薦 外 真的 就 沒有 別的 途徑 了 不過 綜合 各 方 意見 大家 一致 公認 美國 的 USRobtics 數據機 雖然 價錢 比 一般 數據機 貴 了 許多 但 性能 的確 頂呱呱,55,至於(39363) 如何(148068) 選購(915) 一(3701681) 台(29325) 抗(7538) 雜訊(309) 能力(93399) 高(128858) 的(16029838) 數據機(168) 目前(48695) 並(442790) 沒有(594280) 明確(17292) 的(16029838) 方法(99064) 除了(75964) 多(318992) 注意(49591) 媒體(32308) 報導(27311) 朋友(101331) 推薦(11283) 外(109310) 真的(88001) 就(1737544) 沒有(594280) 別的(13116) 途徑(6747) 了(3199291) 不過(186226) 綜合(8011) 各(243023) 方(33724) 意見(34740) 大家(109692) 一致(17053) 公認(2800) 美國(148299) 的(16029838) USRobtics(Unknown) 數據機(168) 雖然(152988) 價錢(4047) 比(170486) 一般(80732) 數據機(168) 貴(14034) 了(3199291) 許多(159791) 但(597124) 性能(1202) 的確(33471) 頂呱呱(Unknown),"{'High': 53, 'Low': 2}","{'第5級': 6, 'Unknown': 10, '第1級': 13, '第2級': 8, '第4級': 4, '第4*級': 2, '第3*級': 5, '第1*級': 3, '第2*級': 1, '第6級': 3}",5,Y,Y,N,N
要訣二：最新通訊協定不要緊，與ISP匹配才重要。,要訣 二 最 新 通訊 協定 不 要緊 與 ISP 匹配 才 重要,13,要訣(873) 二(152494) 最(421680) 新(212453) 通訊(5667) 協定(2810) 不(2282521) 要緊(4155) 與(968432) ISP(77) 匹配(590) 才(394539) 重要(154863),"{'High': 12, 'Low': 1}","{'第7級': 2, '第1級': 3, '第1*級': 1, '第5級': 1, '第6級': 1, '第4級': 1, '第4*級': 1, 'Unknown': 1, '第2級': 2}",1,Y,N,N,N
目前數據機最新的傳輸協定是V.90的標準，但在V.90制定前，市場上有X2及K56flex兩大標準在互相較勁，想爭奪56KBPS傳輸協定的地位，由於競爭時間過長，不少ISP便先以X2或K56flex提供56KBPS的傳輸服務，在V.90確定後，並不是每家ISP都升級到V.90，因此市面上就形成新舊標準夾雜的現象，由於56KBPS的傳輸標準必須用戶與ISP配合才能發揮作用，所以選購數據機時，得認清ISP提供服務的類型，再來選購數據機。,目前 數據機 最 新 的 傳輸 協定 是 V90 的 標準 但 在 V90 制定 前 市場 上 有 X2 及 K56flex 兩 大 標準 在 互相 較勁 想 爭奪 56 KBPS 傳輸 協定 的 地位 由於 競爭 時間 過 長 不少 ISP 便 先 以 X2 或 K56flex 提供 56 KBPS 的 傳輸 服務 在 V90 確定 後 並 不 是 每 家 ISP 都 升級 到 V90 因此 市面 上 就 形成 新舊 標準 夾雜 的 現象 由於 56 KBPS 的 傳輸 標準 必須 用戶 與 ISP 配合 才 能 發揮 作用 所以 選購 數據機 時 得 認清 ISP 提供 服務 的 類型 再 來 選購 數據機,109,目前(48695) 數據機(168) 最(421680) 新(212453) 的(16029838) 傳輸(1273) 協定(2810) 是(4642407) V90(Unknown) 的(16029838) 標準(31106) 但(597124) 在(3284238) V90(Unknown) 制定(6634) 前(272709) 市場(65023) 上(1233218) 有(2217079) X2(Unknown) 及(304586) K56flex(Unknown) 兩(526190) 大(525780) 標準(31106) 在(3284238) 互相(23967) 較勁(667) 想(449884) 爭奪(3828) 56(1649) KBPS(Unknown) 傳輸(1273) 協定(2810) 的(16029838) 地位(36831) 由於(88111) 競爭(30766) 時間(213595) 過(412878) 長(107092) 不少(35256) ISP(77) 便(220860) 先(136649) 以(547785) X2(Unknown) 或(478077) K56flex(Unknown) 提供(73097) 56(1649) KBPS(Unknown) 的(16029838) 傳輸(1273) 服務(38055) 在(3284238) V90(Unknown) 確定(40181) 後(422857) 並(442790) 不(2282521) 是(4642407) 每(333357) 家(236822) ISP(77) 都(1125846) 升級(1962) 到(546906) V90(Unknown) 因此(184606) 市面(2063) 上(1233218) 就(1737544) 形成(47486) 新舊(804) 標準(31106) 夾雜(2113) 的(16029838) 現象(47383) 由於(88111) 56(1649) KBPS(Unknown) 的(16029838) 傳輸(1273) 標準(31106) 必須(170592) 用戶(1796) 與(968432) ISP(77) 配合(17173) 才(394539) 能(582260) 發揮(23985) 作用(37837) 所以(239080) 選購(915) 數據機(168) 時(623734) 得(573721) 認清(3207) ISP(77) 提供(73097) 服務(38055) 的(16029838) 類型(22282) 再(326207) 來(742183) 選購(915) 數據機(168),"{'High': 94, 'Low': 15}","{'第4級': 5, 'Unknown': 28, '第1*級': 10, '第1級': 25, '第7級': 4, '第6級': 8, '第3*級': 5, '第2級': 3, '第5級': 6, '第4*級': 11, '第3級': 4}",16,Y,Y,N,N
目前規模較大的ISP如英普達、大眾、Seawd、HiNet、年代等，都已支援符合V.90標準的數據機。,目前 規模 較 大 的 ISP 如 英普達 大眾 Seawd HiNet 年代 等 都 已 支援 符合 V90 標準 的 數據機,21,目前(48695) 規模(17762) 較(78424) 大(525780) 的(16029838) ISP(77) 如(195069) 英普達(Unknown) 大眾(22411) Seawd(Unknown) HiNet(16) 年代(15510) 等(327380) 都(1125846) 已(215610) 支援(7847) 符合(19232) V90(Unknown) 標準(31106) 的(16029838) 數據機(168),"{'High': 16, 'Low': 5}","{'第4級': 1, '第4*級': 2, '第2級': 1, '第1級': 4, 'Unknown': 7, '第5級': 3, '第3*級': 2, '第3級': 1}",6,Y,Y,N,Y
為了免去這類辨認不同傳輸協定的麻煩，目前繼興、凌怡兩家業者已經推出所謂的「雙頻數據機」，就是同時支援新舊傳輸標準，ISP端是哪一種連線標準，數據機就會切換到哪種標準，省時又方便，可以作為採購時考量。,為了 免去 這 類 辨認 不同 傳輸 協定 的 麻煩 目前 繼興 凌怡 兩 家 業者 已經 推出 所謂 的 雙 頻 數據機 就是 同時 支援 新舊 傳輸 標準 ISP 端 是 哪 一 種 連線 標準 數據機 就 會 切換到 哪 種 標準 省時 又 方便 可以 作為 採購 時 考量,52,為了(Unknown) 免去(976) 這(2114032) 類(58191) 辨認(2595) 不同(159432) 傳輸(1273) 協定(2810) 的(16029838) 麻煩(19949) 目前(48695) 繼興(2) 凌怡(Unknown) 兩(526190) 家(236822) 業者(6857) 已經(245160) 推出(10009) 所謂(59460) 的(16029838) 雙(19548) 頻(1480) 數據機(168) 就是(2943) 同時(115305) 支援(7847) 新舊(804) 傳輸(1273) 標準(31106) ISP(77) 端(15640) 是(4642407) 哪(64146) 一(3701681) 種(701563) 連線(1404) 標準(31106) 數據機(168) 就(1737544) 會(1014977) 切換到(147) 哪(64146) 種(701563) 標準(31106) 省時(254) 又(535555) 方便(14172) 可以(560531) 作為(58009) 採購(3679) 時(623734) 考量(9481),"{'Low': 4, 'High': 48}","{'Unknown': 17, '第1級': 9, '第3*級': 6, '第6級': 2, '第3級': 1, '第7級': 2, '第2*級': 1, '第4級': 1, '第2級': 2, '第5級': 7, '第4*級': 1, '第1*級': 3}",4,Y,Y,N,Y
要訣三：附加功能及贈品數據機除了傳送資料其實還有不少功能，例如語音留言、傳真、網路電話等，是否提供附加功能，都是選購時參考重點。,要訣 三 附加 功能 及 贈品 數據機 除了 傳送 資料 其實 還 有 不少 功能 例如 語音 留言 傳真 網路 電話 等 是否 提供 附加 功能 都 是 選購 時 參考 重點,32,要訣(873) 三(313861) 附加(2565) 功能(38600) 及(304586) 贈品(613) 數據機(168) 除了(75964) 傳送(2638) 資料(52866) 其實(109290) 還(625086) 有(2217079) 不少(35256) 功能(38600) 例如(72240) 語音(3301) 留言(1723) 傳真(1024) 網路(26656) 電話(38698) 等(327380) 是否(78907) 提供(73097) 附加(2565) 功能(38600) 都(1125846) 是(4642407) 選購(915) 時(623734) 參考(24401) 重點(22761),{'High': 32},"{'第7級': 1, '第1級': 5, '第6級': 3, '第4級': 5, '第5級': 3, 'Unknown': 5, '第3*級': 5, '第3級': 1, '第4*級': 3, '第2級': 1}",1,Y,Y,N,N
例如繼興的數據機，不須打開電腦也能當作電話答錄機使用，雙機一體，就是相當不錯的額外功能。,例如 繼興 的 數據機 不須 打開 電腦 也 能 當作 電話 答錄機 使用 雙機 一體 就是 相當 不錯 的 額外 功能,21,例如(72240) 繼興(2) 的(16029838) 數據機(168) 不須(1402) 打開(33125) 電腦(38528) 也(1590760) 能(582260) 當作(16643) 電話(38698) 答錄機(358) 使用(99640) 雙機(15) 一體(5603) 就是(2943) 相當(66293) 不錯(23297) 的(16029838) 額外(4377) 功能(38600),"{'High': 19, 'Low': 2}","{'第3*級': 1, 'Unknown': 7, '第1級': 4, '第1*級': 3, '第4級': 3, '第6級': 1, '第3級': 1, '第5級': 1}",2,Y,Y,N,Y
至於網路電話呢？,至於 網路 電話 呢,4,至於(39363) 網路(26656) 電話(38698) 呢(204566),{'High': 4},"{'第5級': 1, '第2級': 1, '第1級': 2}",0,N,N,N,N
有些可以直接在數據機上設定通話功能，有些必須安裝額外軟體。,有些 可以 直接 在 數據機 上 設定 通話 功能 有些 必須 安裝 額外 軟體,14,有些(6971) 可以(560531) 直接(54798) 在(3284238) 數據機(168) 上(1233218) 設定(10564) 通話(1081) 功能(38600) 有些(6971) 必須(170592) 安裝(2283) 額外(4377) 軟體(7895),{'High': 14},"{'Unknown': 4, '第1級': 2, '第3級': 2, '第1*級': 1, '第5級': 3, '第4級': 1, '第6級': 1}",1,Y,N,N,N
如果你在乎這些功能的話，就要多注意數據機是否有完整的配備，才不用自己另外掏腰包添購。,如果 你 在乎 這些 功能 的 話 就 要 多 注意 數據機 是否 有 完整 的 配備 才 不用 自己 另外 掏腰包 添購,23,如果(322121) 你(1414837) 在乎(12441) 這些(315113) 功能(38600) 的(16029838) 話(148020) 就(1737544) 要(851264) 多(318992) 注意(49591) 數據機(168) 是否(78907) 有(2217079) 完整(19201) 的(16029838) 配備(1818) 才(394539) 不用(23091) 自己(744739) 另外(48233) 掏腰包(166) 添購(440),{'High': 23},"{'第2級': 3, '第1級': 8, '第4*級': 2, 'Unknown': 3, '第4級': 1, '第5級': 1, '第6級': 1, '第3級': 2, '第1*級': 1, '第7級': 1}",2,Y,Y,N,N
另外，購買數據機時，多半都會附贈ISP連線時數，從五小時到十小時不等，這些小禮物，可別忽略了。,另外 購買 數據機 時 多半 都 會 附贈 ISP 連線 時數 從 五 小時 到 十 小時 不等 這些 小 禮物 可 別 忽略 了,25,另外(48233) 購買(14998) 數據機(168) 時(623734) 多半(11983) 都(1125846) 會(1014977) 附贈(203) ISP(77) 連線(1404) 時數(1035) 從(496546) 五(112649) 小時(48521) 到(546906) 十(77415) 小時(48521) 不等(2665) 這些(315113) 小(318835) 禮物(12679) 可(307359) 別(78082) 忽略(13056) 了(3199291),"{'High': 24, 'Low': 1}","{'第3級': 2, '第4級': 2, 'Unknown': 6, '第3*級': 1, '第1級': 7, '第1*級': 3, '第5級': 1, '第6級': 1, '第4*級': 2}",2,Y,Y,N,N
要訣四：服務不可少。,要訣 四 服務 不可 少,5,要訣(873) 四(141667) 服務(38055) 不可(50808) 少(50762),{'High': 5},"{'第7級': 1, '第1級': 2, '第3級': 1, 'Unknown': 1}",0,Y,N,N,N
買了數據機可還得安裝，如何安裝可又是一門學問了，別看數據機就那麼幾條線，其中還是有一大堆奇奇怪怪的設定，有些業者光是一本印刷簡陋的說明，叫人有看沒有懂，如此不體貼使用者的心情，產品設計大概也好不到哪裡去，購買產品之前，不妨翻翻安裝說明，看得懂再決定掏錢包。,買 了 數據機 可 還 得 安裝 如何 安裝 可 又 是 一 門 學問 了 別 看 數據機 就 那麼 幾 條 線 其中 還是 有 一 大 堆 奇奇怪怪 的 設定 有些 業者 光 是 一 本 印刷 簡陋 的 說明 叫 人 有 看 沒有 懂 如此 不 體貼 使用者 的 心情 產品 設計 大概 也 好 不 到 哪裡 去 購買 產品 之前 不妨 翻翻 安裝 說明 看 得 懂 再 決定 掏 錢包,78,買(59736) 了(3199291) 數據機(168) 可(307359) 還(625086) 得(573721) 安裝(2283) 如何(148068) 安裝(2283) 可(307359) 又(535555) 是(4642407) 一(3701681) 門(78834) 學問(9385) 了(3199291) 別(78082) 看(444691) 數據機(168) 就(1737544) 那麼(127785) 幾(229415) 條(115362) 線(17703) 其中(95627) 還是(155231) 有(2217079) 一(3701681) 大(525780) 堆(24963) 奇奇怪怪(308) 的(16029838) 設定(10564) 有些(6971) 業者(6857) 光(42738) 是(4642407) 一(3701681) 本(197156) 印刷(5209) 簡陋(1888) 的(16029838) 說明(52918) 叫(111645) 人(1550512) 有(2217079) 看(444691) 沒有(594280) 懂(32301) 如此(133083) 不(2282521) 體貼(3561) 使用者(Unknown) 的(16029838) 心情(33611) 產品(51029) 設計(59326) 大概(37780) 也(1590760) 好(448428) 不(2282521) 到(546906) 哪裡(39993) 去(479993) 購買(14998) 產品(51029) 之前(79748) 不妨(9148) 翻翻(504) 安裝(2283) 說明(52918) 看(444691) 得(573721) 懂(32301) 再(326207) 決定(101837) 掏(908) 錢包(1645),"{'High': 77, 'Low': 1}","{'第1級': 24, 'Unknown': 18, '第4*級': 4, '第6級': 6, '第5級': 5, '第1*級': 7, '第2級': 3, '第4級': 6, '第3*級': 3, '第3級': 1, '第2*級': 1}",4,Y,N,N,N
另外還有不少業者，明明沒有生產數據機能力，卻請其他工廠代工生產，雖然產品會有一定品質，但是遇到售後服務問題時，卻乏人解答，這類產品最好也不要購買。,另外 還 有 不少 業者 明明 沒有 生產 數據機 能力 卻 請 其他 工廠 代工 生產 雖然 產品 會 有 一定 品質 但是 遇到 售後 服務 問題 時 卻 乏 人 解答 這 類 產品 最好 也 不要 購買,39,另外(48233) 還(625086) 有(2217079) 不少(35256) 業者(6857) 明明(8042) 沒有(594280) 生產(36079) 數據機(168) 能力(93399) 卻(333007) 請(120629) 其他(189445) 工廠(16192) 代工(797) 生產(36079) 雖然(152988) 產品(51029) 會(1014977) 有(2217079) 一定(138695) 品質(19388) 但是(247988) 遇到(29470) 售後(266) 服務(38055) 問題(280782) 時(623734) 卻(333007) 乏(3381) 人(1550512) 解答(5425) 這(2114032) 類(58191) 產品(51029) 最好(22016) 也(1590760) 不要(101931) 購買(14998),{'High': 39},"{'第3級': 3, 'Unknown': 10, '第1級': 8, '第5級': 2, '第4*級': 2, '第2級': 4, '第4級': 6, '第1*級': 2, '第3*級': 2}",1,Y,Y,N,N
數據機這種通訊產品，體積雖小，問題卻很大，真要弄懂其中學問，可也不是易事。,數據機 這 種 通訊 產品 體積 雖 小 問題 卻 很 大 真 要 弄懂 其中 學問 可 也 不 是 易事,22,數據機(168) 這(2114032) 種(701563) 通訊(5667) 產品(51029) 體積(2410) 雖(48164) 小(318835) 問題(280782) 卻(333007) 很(715675) 大(525780) 真(137497) 要(851264) 弄懂(444) 其中(95627) 學問(9385) 可(307359) 也(1590760) 不(2282521) 是(4642407) 易事(1),"{'High': 21, 'Low': 1}","{'Unknown': 5, '第1級': 9, '第5級': 1, '第6級': 1, '第2級': 1, '第4級': 1, '第1*級': 1, '第3*級': 1, '第4*級': 2}",1,Y,Y,N,N
不過大家若能秉持以上幾個要訣來採購，相信要吃虧上當也難。,不過 大家 若 能 秉持 以上 幾 個 要訣 來 採購 相信 要 吃虧 上當 也 難,17,不過(186226) 大家(109692) 若(92766) 能(582260) 秉持(1473) 以上(36569) 幾(229415) 個(2296574) 要訣(873) 來(742183) 採購(3679) 相信(82200) 要(851264) 吃虧(1867) 上當(1489) 也(1590760) 難(75701),{'High': 17},"{'第2級': 2, '第1級': 6, 'Unknown': 2, '第1*級': 1, '第7級': 2, '第3*級': 1, '第5級': 3}",0,Y,Y,N,N
相信要吃虧上當也難。,相信 要 吃虧 上當 也 難,6,相信(82200) 要(851264) 吃虧(1867) 上當(1489) 也(1590760) 難(75701),{'High': 6},"{'第2級': 1, '第1級': 2, '第5級': 2, 'Unknown': 1}",0,Y,N,N,N
在亞洲金融風暴及台塑集團六輕石化工業中心將投產等兩項經營壓力下，一向主導亞太石化市場的韓國及日本石化業，最近紛紛提出企業集團所屬石化原料廠合併經營的策略聯盟計畫，以避免不景氣下惡性競爭；日韓業者透過合作縮減生產規模的手段，以穩定其國內的供應量與價位，確保經營利潤。,在 亞洲 金融 風暴 及 台塑 集團 六輕 石化 工業 中心 將 投 產 等 兩 項 經營 壓力 下 一向 主導 亞太 石化 市場 的 韓國 及 日本 石化業 最近 紛紛 提出 企業 集團 所屬 石化 原料 廠 合併 經營 的 策略 聯盟 計畫 以 避免 不景氣 下 惡性 競爭 日 韓 業者 透過 合作 縮減 生產 規模 的 手段 以 穩定 其 國內 的 供應量 與 價位 確保 經營 利潤,72,在(3284238) 亞洲(13256) 金融(15237) 風暴(4066) 及(304586) 台塑(3456) 集團(20609) 六輕(303) 石化(1309) 工業(20144) 中心(46076) 將(448374) 投(6092) 產(8102) 等(327380) 兩(526190) 項(88887) 經營(39913) 壓力(40408) 下(329549) 一向(14985) 主導(7550) 亞太(1426) 石化(1309) 市場(65023) 的(16029838) 韓國(7113) 及(304586) 日本(105587) 石化業(143) 最近(30174) 紛紛(14617) 提出(63073) 企業(65457) 集團(20609) 所屬(4028) 石化(1309) 原料(4385) 廠(4599) 合併(4520) 經營(39913) 的(16029838) 策略(35734) 聯盟(7935) 計畫(54820) 以(547785) 避免(33211) 不景氣(1650) 下(329549) 惡性(2989) 競爭(30766) 日(94041) 韓(7586) 業者(6857) 透過(63117) 合作(35908) 縮減(1141) 生產(36079) 規模(17762) 的(16029838) 手段(16560) 以(547785) 穩定(19878) 其(307905) 國內(17537) 的(16029838) 供應量(344) 與(968432) 價位(840) 確保(9107) 經營(39913) 利潤(8047),{'High': 72},"{'第1*級': 3, '第3*級': 4, '第5級': 21, '第6級': 3, 'Unknown': 17, '第3級': 1, '第4級': 4, '第1級': 7, '第4*級': 7, '第2級': 3, '第7級': 2}",3,Y,Y,N,N
例如韓國三星與現代旗下相關產品石化事業擬合併為一家公司，並開放四%股權供國外企業認股；大林與湖南二家石化集團也在進行合併及規劃引進外資；金星與現代部份石化廠也在洽商合併事宜。,例如 韓國 三星 與 現代 旗下 相關 產品 石化 事業 擬 合併為 一 家 公司 並 開放 四 股權 供 國外 企業 認股 大林 與 湖南 二 家 石化 集團 也 在 進行 合併 及 規劃 引進 外資 金星 與 現代 部份 石化 廠 也 在 洽商 合併 事宜,49,例如(72240) 韓國(7113) 三星(2359) 與(968432) 現代(40344) 旗下(2893) 相關(41599) 產品(51029) 石化(1309) 事業(32957) 擬(5629) 合併為(250) 一(3701681) 家(236822) 公司(168500) 並(442790) 開放(17546) 四(141667) 股權(2196) 供(17109) 國外(8646) 企業(65457) 認股(190) 大林(144) 與(968432) 湖南(3980) 二(152494) 家(236822) 石化(1309) 集團(20609) 也(1590760) 在(3284238) 進行(100298) 合併(4520) 及(304586) 規劃(14663) 引進(6742) 外資(1829) 金星(1357) 與(968432) 現代(40344) 部份(11022) 石化(1309) 廠(4599) 也(1590760) 在(3284238) 洽商(168) 合併(4520) 事宜(3374),{'High': 49},"{'第3*級': 4, 'Unknown': 13, '第4*級': 7, '第6級': 9, '第1級': 7, '第2級': 2, '第4級': 2, '第5級': 3, '第1*級': 2}",1,Y,Y,N,Y
在日本方面，除了共同控制乙烯今年產能在七百萬公噸以下外，PVC生產廠決由過去的十六家小規模生產方式，合併為四家公司，擴大經營規模，提升競爭力。,在 日本 方面 除了 共同 控制 乙烯 今年 產能 在 七百萬 公噸 以下 外 PVC 生產 廠 決 由 過去 的 十六 家 小 規模 生產 方式 合併為 四 家 公司 擴大 經營 規模 提升 競爭力,36,在(3284238) 日本(105587) 方面(75079) 除了(75964) 共同(36636) 控制(47642) 乙烯(160) 今年(10836) 產能(1444) 在(3284238) 七百萬(253) 公噸(719) 以下(29388) 外(109310) PVC(240) 生產(36079) 廠(4599) 決(3943) 由(208604) 過去(88758) 的(16029838) 十六(10564) 家(236822) 小(318835) 規模(17762) 生產(36079) 方式(133407) 合併為(250) 四(141667) 家(236822) 公司(168500) 擴大(12352) 經營(39913) 規模(17762) 提升(17122) 競爭力(3957),{'High': 36},"{'第1*級': 2, '第1級': 8, '第3*級': 3, '第4級': 2, '第5級': 3, 'Unknown': 10, '第4*級': 6, '第2級': 1, '第6級': 1}",4,Y,N,N,N
台塑石化公司總經理王金樹表示，亞洲金融風暴已對亞太地區石化產業生態造成了衝擊，不景氣將持續一段時間，為維持企業生機與市場競爭優勢，韓國與日本石化業最近已展開合併經營的新經營策略。,台塑 石化 公司 總經理 王金樹 表示 亞洲 金融 風暴 已 對 亞太 地區 石化 產業 生態 造成 了 衝擊 不景氣 將 持續 一 段 時間 為 維持 企業 生機 與 市場 競爭 優勢 韓國 與 日本 石化業 最近 已 展開 合併 經營 的 新 經營 策略,46,台塑(3456) 石化(1309) 公司(168500) 總經理(6256) 王金樹(4) 表示(74452) 亞洲(13256) 金融(15237) 風暴(4066) 已(215610) 對(897964) 亞太(1426) 地區(40339) 石化(1309) 產業(29756) 生態(9124) 造成(63141) 了(3199291) 衝擊(8508) 不景氣(1650) 將(448374) 持續(33796) 一(3701681) 段(95980) 時間(213595) 為(761341) 維持(31284) 企業(65457) 生機(2426) 與(968432) 市場(65023) 競爭(30766) 優勢(16050) 韓國(7113) 與(968432) 日本(105587) 石化業(143) 最近(30174) 已(215610) 展開(17154) 合併(4520) 經營(39913) 的(16029838) 新(212453) 經營(39913) 策略(35734),"{'High': 45, 'Low': 1}","{'Unknown': 10, '第2級': 3, '第4*級': 6, '第3*級': 2, '第5級': 9, '第6級': 5, '第3級': 2, '第1級': 6, '第4級': 3}",4,Y,Y,N,Y
韓國乙烯總產能達四百多萬公噸，為台灣目前乙烯產量四倍多，在亞洲金融風暴後，東南亞乙烯相關原料購買力劇減，亞太現貨市場塑化原料四處低價流竄，給韓國石化產能過剩帶來經營困境，除了低價拋售換取美元外匯外，韓國採取內銷價格高，外銷則不計成本的向低關稅的台灣低價競銷，來提高其工廠經濟產量，提升其在亞太市場競爭力；此舉對台灣石化產業造成相當大衝擊。,韓國 乙烯 總產能 達 四百多萬 公噸 為 台灣 目前 乙烯 產量 四 倍 多 在 亞洲 金融 風暴 後 東南亞 乙烯 相關 原料 購買力 劇 減 亞太 現貨 市場 塑化 原料 四處 低價 流竄 給 韓國 石化 產能 過剩 帶來 經營 困境 除了 低價 拋售 換取 美元 外匯 外 韓國 採取 內銷 價格 高 外銷 則 不計成本 的 向 低 關稅 的 台灣 低價 競銷 來 提高 其 工廠 經濟 產量 提升 其 在 亞太 市場 競爭力 此 舉 對 台灣 石化 產業 造成 相當 大 衝擊,87,韓國(7113) 乙烯(160) 總產能(10) 達(25383) 四百多萬(52) 公噸(719) 為(761341) 台灣(130718) 目前(48695) 乙烯(160) 產量(3368) 四(141667) 倍(22818) 多(318992) 在(3284238) 亞洲(13256) 金融(15237) 風暴(4066) 後(422857) 東南亞(3600) 乙烯(160) 相關(41599) 原料(4385) 購買力(624) 劇(6010) 減(5855) 亞太(1426) 現貨(199) 市場(65023) 塑化(33) 原料(4385) 四處(11924) 低價(1244) 流竄(930) 給(240485) 韓國(7113) 石化(1309) 產能(1444) 過剩(1337) 帶來(40305) 經營(39913) 困境(10774) 除了(75964) 低價(1244) 拋售(457) 換取(2567) 美元(27307) 外匯(4730) 外(109310) 韓國(7113) 採取(30585) 內銷(380) 價格(21121) 高(128858) 外銷(1409) 則(254096) 不計成本(Unknown) 的(16029838) 向(231672) 低(32663) 關稅(1443) 的(16029838) 台灣(130718) 低價(1244) 競銷(8) 來(742183) 提高(19797) 其(307905) 工廠(16192) 經濟(83046) 產量(3368) 提升(17122) 其(307905) 在(3284238) 亞太(1426) 市場(65023) 競爭力(3957) 此(288458) 舉(21400) 對(897964) 台灣(130718) 石化(1309) 產業(29756) 造成(63141) 相當(66293) 大(525780) 衝擊(8508),"{'High': 82, 'Low': 5}","{'第3*級': 8, 'Unknown': 27, '第1級': 14, '第4級': 6, '第5級': 12, '第1*級': 3, '第6級': 7, '第4*級': 4, '第2級': 3, '第7級': 2, '第3級': 1}",6,Y,N,N,N
韓國除了以高價內銷來補貼流血輸出的外銷價位外，今年中也採取統一減產約二成的方式，來控制市場供應量，以抑制價格進一步滑落。,韓國 除了 以 高價 內銷 來 補貼 流血 輸出 的 外銷 價位 外 今年 中 也 採取 統一 減產 約 二成 的 方式 來 控制 市場 供應量 以 抑制 價格 進一步 滑落,32,韓國(7113) 除了(75964) 以(547785) 高價(1430) 內銷(380) 來(742183) 補貼(928) 流血(3020) 輸出(3073) 的(16029838) 外銷(1409) 價位(840) 外(109310) 今年(10836) 中(1011729) 也(1590760) 採取(30585) 統一(14407) 減產(149) 約(47731) 二成(265) 的(16029838) 方式(133407) 來(742183) 控制(47642) 市場(65023) 供應量(344) 以(547785) 抑制(6076) 價格(21121) 進一步(25130) 滑落(1519),{'High': 32},"{'第3*級': 3, '第5級': 6, 'Unknown': 6, '第1級': 7, '第7級': 2, '第6級': 3, '第4*級': 3, '第2級': 1, '第4級': 1}",2,Y,Y,N,N
王金樹指出，由於各國同業皆預期亞洲金融風暴，可能持續一段時間，在亞太石化市場扮演重要供料角色的韓國與日本石化業，開始採取相同產品合併經營的策略，並開放外資認股四%參與經營，降低經營資金利息成本負擔，提升競爭力。,王金樹 指出 由於 各 國 同業 皆 預期 亞洲 金融 風暴 可能 持續 一 段 時間 在 亞太 石化 市場 扮演 重要 供 料 角色 的 韓國 與 日本 石化業 開始 採取 相同 產品 合併 經營 的 策略 並 開放 外資 認股 四 參與 經營 降低 經營 資金 利息 成本 負擔 提升 競爭力,53,王金樹(4) 指出(38456) 由於(88111) 各(243023) 國(73377) 同業(2212) 皆(45736) 預期(11499) 亞洲(13256) 金融(15237) 風暴(4066) 可能(271025) 持續(33796) 一(3701681) 段(95980) 時間(213595) 在(3284238) 亞太(1426) 石化(1309) 市場(65023) 扮演(20021) 重要(154863) 供(17109) 料(4257) 角色(52422) 的(16029838) 韓國(7113) 與(968432) 日本(105587) 石化業(143) 開始(245562) 採取(30585) 相同(33311) 產品(51029) 合併(4520) 經營(39913) 的(16029838) 策略(35734) 並(442790) 開放(17546) 外資(1829) 認股(190) 四(141667) 參與(40595) 經營(39913) 降低(15638) 經營(39913) 資金(12844) 利息(2737) 成本(20612) 負擔(10490) 提升(17122) 競爭力(3957),"{'Low': 1, 'High': 52}","{'Unknown': 10, '第4*級': 8, '第2級': 4, '第1級': 8, '第6級': 5, '第5級': 12, '第3*級': 2, '第4級': 3, '第1*級': 1}",3,Y,Y,N,Y
例如，現代集團石化廠與三星集團石化廠的合併經營，大林與湖南兩家石化集團相關產品，也將合併經營及引進外資參與投資，金星與現代也有部份相關石化廠合併經營及引進外資參與投資的計畫，韓國石化業此項經營策略的轉變，除了可改善石化廠的財務結構外，也是邁向國際化的一項策略。,例如 現代 集團 石化廠 與 三星 集團 石化廠 的 合併 經營 大林 與 湖南 兩 家 石化 集團 相關 產品 也 將 合併 經營 及 引進 外資 參與 投資 金星 與 現代 也 有 部份 相關 石化廠 合併 經營 及 引進 外資 參與 投資 的 計畫 韓國 石化業 此 項 經營 策略 的 轉變 除了 可 改善 石化廠 的 財務 結構 外 也 是 邁向 國際化 的 一 項 策略,70,例如(72240) 現代(40344) 集團(20609) 石化廠(34) 與(968432) 三星(2359) 集團(20609) 石化廠(34) 的(16029838) 合併(4520) 經營(39913) 大林(144) 與(968432) 湖南(3980) 兩(526190) 家(236822) 石化(1309) 集團(20609) 相關(41599) 產品(51029) 也(1590760) 將(448374) 合併(4520) 經營(39913) 及(304586) 引進(6742) 外資(1829) 參與(40595) 投資(38191) 金星(1357) 與(968432) 現代(40344) 也(1590760) 有(2217079) 部份(11022) 相關(41599) 石化廠(34) 合併(4520) 經營(39913) 及(304586) 引進(6742) 外資(1829) 參與(40595) 投資(38191) 的(16029838) 計畫(54820) 韓國(7113) 石化業(143) 此(288458) 項(88887) 經營(39913) 策略(35734) 的(16029838) 轉變(11746) 除了(75964) 可(307359) 改善(21559) 石化廠(34) 的(16029838) 財務(9196) 結構(43294) 外(109310) 也(1590760) 是(4642407) 邁向(3701) 國際化(1576) 的(16029838) 一(3701681) 項(88887) 策略(35734),"{'High': 66, 'Low': 4}","{'第3*級': 5, '第5級': 20, 'Unknown': 13, '第4*級': 9, '第1級': 14, '第6級': 7, '第2級': 2}",6,Y,Y,N,Y
在日本方面，過去日本聚氯乙烯(PVC)的生產廠約有十六家，生產規模不大，但基於亞洲金融風暴後，國際市場的變化，日本PVC生產廠商已開始朝向合併經營，合併縮減為四家，擴大生產經營規模；家數減少後，在內外銷市場上產銷與報價協調較為容易，也有助提升競爭力。,在 日本 方面 過去 日本 聚氯乙烯 PVC 的 生產廠 約 有 十六 家 生產 規模 不 大 但 基於 亞洲 金融 風暴 後 國際 市場 的 變化 日本 PVC 生產 廠商 已 開始 朝向 合併 經營 合併 縮減為 四 家 擴大 生產 經營 規模 家數 減少 後 在 內外銷 市場 上 產銷 與 報價 協調 較為 容易 也 有助 提升 競爭力,61,在(3284238) 日本(105587) 方面(75079) 過去(88758) 日本(105587) 聚氯乙烯(27) PVC(240) 的(16029838) 生產廠(33) 約(47731) 有(2217079) 十六(10564) 家(236822) 生產(36079) 規模(17762) 不(2282521) 大(525780) 但(597124) 基於(12809) 亞洲(13256) 金融(15237) 風暴(4066) 後(422857) 國際(40846) 市場(65023) 的(16029838) 變化(42502) 日本(105587) PVC(240) 生產(36079) 廠商(8879) 已(215610) 開始(245562) 朝向(4160) 合併(4520) 經營(39913) 合併(4520) 縮減為(70) 四(141667) 家(236822) 擴大(12352) 生產(36079) 經營(39913) 規模(17762) 家數(232) 減少(22815) 後(422857) 在(3284238) 內外銷(6) 市場(65023) 上(1233218) 產銷(523) 與(968432) 報價(521) 協調(8656) 較為(8058) 容易(80831) 也(1590760) 有助(1326) 提升(17122) 競爭力(3957),"{'High': 57, 'Low': 4}","{'第1*級': 2, '第1級': 16, '第3*級': 3, '第4級': 4, 'Unknown': 14, '第4*級': 6, '第2級': 4, '第6級': 6, '第5級': 5, '第3級': 1}",7,Y,Y,N,N
台灣區石化工業公會理事長陳武雄昨天也表示，因應亞洲金融風暴，韓國與日本石化業許多工廠的合併經營新策略，值得國內石化業重視，台塑六輕投產後，台塑企業已擁有自己的石化產業體系，而中油下游客戶非台塑體系的石化廠客戶，必須與上游的中油公司，進行合作經營的策略聯盟，才有辦法在國內外石化市場維持競爭力，業界除了希望政府鬆綁戒急用忍的大陸政策，准予石化業在大陸成立專業區，投資設立石化基本原料廠與國內產能互補外，也希望中油民營化腳步加速，讓石化業與中油互換股權，成為股東兼客戶的合作關係，中油與非台塑體系的石化廠才有生存發展的空間。,台灣區 石化 工業 公會 理事長 陳武雄 昨天 也 表示 因應 亞洲 金融 風暴 韓國 與 日本 石化業 許多 工廠 的 合併 經營 新 策略 值得 國內 石化業 重視 台塑 六輕 投產 後 台塑 企業 已 擁有 自己 的 石化 產業 體系 而 中油 下游 客戶 非 台塑 體系 的 石化廠 客戶 必須 與 上游 的 中油 公司 進行 合作 經營 的 策略 聯盟 才 有 辦法 在 國內外 石化 市場 維持 競爭力 業界 除了 希望 政府 鬆綁 戒急用忍 的 大陸 政策 准予 石化業 在 大陸 成立 專業區 投資 設立 石化 基本 原料廠 與 國內 產能 互補 外 也 希望 中油 民營化 腳步 加速 讓 石化業 與 中油 互換 股權 成為 股東 兼 客戶 的 合作 關係 中油 與 非 台塑 體系 的 石化廠 才 有 生存 發展 的 空間,129,台灣區(218) 石化(1309) 工業(20144) 公會(2322) 理事長(1443) 陳武雄(16) 昨天(12735) 也(1590760) 表示(74452) 因應(6201) 亞洲(13256) 金融(15237) 風暴(4066) 韓國(7113) 與(968432) 日本(105587) 石化業(143) 許多(159791) 工廠(16192) 的(16029838) 合併(4520) 經營(39913) 新(212453) 策略(35734) 值得(34362) 國內(17537) 石化業(143) 重視(23501) 台塑(3456) 六輕(303) 投產(111) 後(422857) 台塑(3456) 企業(65457) 已(215610) 擁有(55809) 自己(744739) 的(16029838) 石化(1309) 產業(29756) 體系(17906) 而(937923) 中油(244) 下游(2287) 客戶(19413) 非(112415) 台塑(3456) 體系(17906) 的(16029838) 石化廠(34) 客戶(19413) 必須(170592) 與(968432) 上游(2860) 的(16029838) 中油(244) 公司(168500) 進行(100298) 合作(35908) 經營(39913) 的(16029838) 策略(35734) 聯盟(7935) 才(394539) 有(2217079) 辦法(43280) 在(3284238) 國內外(1883) 石化(1309) 市場(65023) 維持(31284) 競爭力(3957) 業界(2575) 除了(75964) 希望(119975) 政府(92663) 鬆綁(624) 戒急用忍(Unknown) 的(16029838) 大陸(27031) 政策(30965) 准予(318) 石化業(143) 在(3284238) 大陸(27031) 成立(28506) 專業區(28) 投資(38191) 設立(12114) 石化(1309) 基本(52069) 原料廠(19) 與(968432) 國內(17537) 產能(1444) 互補(1757) 外(109310) 也(1590760) 希望(119975) 中油(244) 民營化(267) 腳步(12300) 加速(6911) 讓(526314) 石化業(143) 與(968432) 中油(244) 互換(965) 股權(2196) 成為(143834) 股東(6692) 兼(16339) 客戶(19413) 的(16029838) 合作(35908) 關係(162883) 中油(244) 與(968432) 非(112415) 台塑(3456) 體系(17906) 的(16029838) 石化廠(34) 才(394539) 有(2217079) 生存(17765) 發展(117494) 的(16029838) 空間(52519),"{'High': 123, 'Low': 6}","{'Unknown': 36, '第1級': 18, '第4*級': 14, '第6級': 12, '第3*級': 8, '第5級': 18, '第4級': 8, '第3級': 3, '第1*級': 3, '第2級': 8, '第7級': 1}",15,Y,Y,N,Y
中油與非台塑體系的石化廠才有生存發展的空間。,中油 與 非 台塑 體系 的 石化廠 才 有 生存 發展 的 空間,13,中油(244) 與(968432) 非(112415) 台塑(3456) 體系(17906) 的(16029838) 石化廠(34) 才(394539) 有(2217079) 生存(17765) 發展(117494) 的(16029838) 空間(52519),"{'High': 12, 'Low': 1}","{'Unknown': 3, '第4*級': 1, '第5級': 2, '第6級': 1, '第1級': 3, '第2級': 1, '第4級': 2}",1,Y,Y,N,N
桃園縣的一家教養院，「又」傳出12名院童集體感染桿菌性痢疾的事件。,桃園縣 的 一 家 教養院 又 傳出 12 名 院童 集體 感染 桿菌性 痢疾 的 事件,16,桃園縣(518) 的(16029838) 一(3701681) 家(236822) 教養院(52) 又(535555) 傳出(4421) 12(17908) 名(136287) 院童(54) 集體(10441) 感染(10164) 桿菌性(8) 痢疾(258) 的(16029838) 事件(59059),"{'High': 13, 'Low': 3}","{'Unknown': 7, '第1級': 4, '第1*級': 1, '第2級': 1, '第5級': 3}",3,Y,N,N,N
衛生署檢疫總所所長吳聰能指出，這家教養院去年就曾發生14院童感染痢疾的「前科」，今年再次發生，顯示院內環境衛生與衛教工作仍須加強；另外，在南投縣一家教養院發生的阿米巴痢疾感染事件，衛生署則要求該院須為院童做定期之阿米巴原蟲檢測。,衛生署 檢疫 總所 所長 吳聰能 指出 這 家 教養院 去年 就 曾 發生 14 院童 感染 痢疾 的 前科 今年 再次 發生 顯示 院 內 環境 衛生 與 衛教 工作 仍 須 加強 另外 在 南投縣 一 家 教養院 發生 的 阿米巴 痢疾 感染 事件 衛生署 則 要求 該 院 須 為 院童 做 定期 之 阿米巴 原蟲 檢測,59,衛生署(603) 檢疫(96) 總所(5) 所長(2381) 吳聰能(Unknown) 指出(38456) 這(2114032) 家(236822) 教養院(52) 去年(9462) 就(1737544) 曾(132981) 發生(129211) 14(7638) 院童(54) 感染(10164) 痢疾(258) 的(16029838) 前科(419) 今年(10836) 再次(21282) 發生(129211) 顯示(32718) 院(7977) 內(183051) 環境(71054) 衛生(6348) 與(968432) 衛教(139) 工作(220164) 仍(92056) 須(17260) 加強(13098) 另外(48233) 在(3284238) 南投縣(780) 一(3701681) 家(236822) 教養院(52) 發生(129211) 的(16029838) 阿米巴(81) 痢疾(258) 感染(10164) 事件(59059) 衛生署(603) 則(254096) 要求(71192) 該(148369) 院(7977) 須(17260) 為(761341) 院童(54) 做(411649) 定期(5791) 之(875481) 阿米巴(81) 原蟲(23) 檢測(1928),"{'High': 49, 'Low': 10}","{'Unknown': 21, '第1級': 11, '第4級': 2, '第3級': 8, '第5級': 8, '第6級': 2, '第3*級': 3, '第4*級': 3, '第1*級': 1}",8,Y,Y,N,Y
衛生署上午發布疫情通報指出，九月十六日，桃園縣衛生局接獲通知，某家教養院有數名院童發生腹瀉、發燒、嘔吐等疑似痢疾的症狀，經採檢化驗發現，共有12名院童感染桿菌性痢疾，之後，再追蹤調查發現，這家教養院收容了149名智障患者，日間並有一般托兒20名，保育人員有11名、外籍監護工12名、行政人員7名，而在今年八月期間，有3名菲律賓籍監護工曾返國，之後，九月份該院院童就發生痢疾感染，因此，這起案件，與外籍監護工返國感染在先「有關」。,衛生署 上午 發布 疫情 通報 指出 九月 十六日 桃園縣 衛生局 接獲 通知 某 家 教養院 有 數 名 院童 發生 腹瀉 發燒 嘔吐 等 疑似 痢疾 的 症狀 經 採檢 化驗 發現 共有 12 名 院童 感染 桿菌性 痢疾 之後 再 追蹤 調查 發現 這 家 教養院 收容 了 149 名 智障 患者 日間 並 有 一般 托兒 20 名 保育 人員 有 11 名 外籍 監護工 12 名 行政 人員 7 名 而 在 今年 八月 期間 有 3 名 菲律賓籍 監護工 曾 返國 之後 九月份 該 院 院童 就 發生 痢疾 感染 因此 這 起 案件 與 外籍 監護工 返國 感染 在先 有關,105,衛生署(603) 上午(6241) 發布(3171) 疫情(749) 通報(2528) 指出(38456) 九月(15070) 十六日(2958) 桃園縣(518) 衛生局(198) 接獲(1016) 通知(9047) 某(119862) 家(236822) 教養院(52) 有(2217079) 數(38654) 名(136287) 院童(54) 發生(129211) 腹瀉(1619) 發燒(3041) 嘔吐(2693) 等(327380) 疑似(647) 痢疾(258) 的(16029838) 症狀(16599) 經(38471) 採檢(3) 化驗(484) 發現(175233) 共有(692) 12(17908) 名(136287) 院童(54) 感染(10164) 桿菌性(8) 痢疾(258) 之後(190467) 再(326207) 追蹤(6194) 調查(34821) 發現(175233) 這(2114032) 家(236822) 教養院(52) 收容(1241) 了(3199291) 149(491) 名(136287) 智障(481) 患者(20147) 日間(691) 並(442790) 有(2217079) 一般(80732) 托兒(134) 20(14081) 名(136287) 保育(1820) 人員(49261) 有(2217079) 11(15182) 名(136287) 外籍(2368) 監護工(28) 12(17908) 名(136287) 行政(15666) 人員(49261) 7(21969) 名(136287) 而(937923) 在(3284238) 今年(10836) 八月(15534) 期間(32981) 有(2217079) 3(51223) 名(136287) 菲律賓籍(23) 監護工(28) 曾(132981) 返國(1214) 之後(190467) 九月份(103) 該(148369) 院(7977) 院童(54) 就(1737544) 發生(129211) 痢疾(258) 感染(10164) 因此(184606) 這(2114032) 起(96746) 案件(8352) 與(968432) 外籍(2368) 監護工(28) 返國(1214) 感染(10164) 在先(433) 有關(69607),"{'High': 94, 'Low': 11}","{'Unknown': 38, '第1級': 12, '第6級': 9, '第4級': 5, '第5級': 12, '第3*級': 6, '第2級': 10, '第3級': 2, '第7級': 3, '第1*級': 2, '第4*級': 6}",13,Y,Y,N,N
檢疫總所所長吳聰能表示，這家教養院去年已有14名院童感染痢疾，今年疫情再度重演，顯然教養院的環境衛生與人員衛教工作要改善，他並要求僱用外籍監護工的教養院，在外籍監護工返國後、回台之前，仍應再做一次身體健康檢查，而新進院童也應做健檢，院內則嚴禁使用地下水，以免全體院童再次感染。,檢疫 總所 所長 吳聰能 表示 這 家 教養院 去年 已 有 14 名 院童 感染 痢疾 今年 疫情 再度 重演 顯然 教養院 的 環境 衛生 與 人員 衛教 工作 要 改善 他 並 要求 僱用 外籍 監護工 的 教養院 在 外籍 監護工 返國 後 回 台 之前 仍 應 再 做 一 次 身體 健康 檢查 而 新進 院童 也 應 做 健檢 院 內 則 嚴禁 使用 地下水 以免 全體 院童 再次 感染,74,檢疫(96) 總所(5) 所長(2381) 吳聰能(Unknown) 表示(74452) 這(2114032) 家(236822) 教養院(52) 去年(9462) 已(215610) 有(2217079) 14(7638) 名(136287) 院童(54) 感染(10164) 痢疾(258) 今年(10836) 疫情(749) 再度(22234) 重演(1588) 顯然(34133) 教養院(52) 的(16029838) 環境(71054) 衛生(6348) 與(968432) 人員(49261) 衛教(139) 工作(220164) 要(851264) 改善(21559) 他(2487930) 並(442790) 要求(71192) 僱用(1364) 外籍(2368) 監護工(28) 的(16029838) 教養院(52) 在(3284238) 外籍(2368) 監護工(28) 返國(1214) 後(422857) 回(92620) 台(29325) 之前(79748) 仍(92056) 應(82417) 再(326207) 做(411649) 一(3701681) 次(331701) 身體(97873) 健康(50041) 檢查(21295) 而(937923) 新進(1783) 院童(54) 也(1590760) 應(82417) 做(411649) 健檢(131) 院(7977) 內(183051) 則(254096) 嚴禁(1454) 使用(99640) 地下水(526) 以免(8342) 全體(7029) 院童(54) 再次(21282) 感染(10164),"{'Low': 11, 'High': 63}","{'Unknown': 22, '第4*級': 4, '第1級': 15, '第3級': 3, '第2級': 5, '第5級': 11, '第6級': 5, '第3*級': 2, '第1*級': 3, '第4級': 4}",7,Y,Y,N,Y
對於南投縣一家教養院也發生院童感染阿米巴痢疾的事件，預研所所長王躬仁表示，造成這種痢疾的阿米巴原蟲不僅可存在於水中，也可以經由手的接觸停留在桌椅、家具上。,對於 南投縣 一 家 教養院 也 發生 院童 感染 阿米巴 痢疾 的 事件 預研所 所長 王躬仁 表示 造成 這 種 痢疾 的 阿米巴 原蟲 不僅 可 存在 於 水 中 也 可以 經由 手 的 接觸 停留 在 桌椅 家具 上,41,對於(99570) 南投縣(780) 一(3701681) 家(236822) 教養院(52) 也(1590760) 發生(129211) 院童(54) 感染(10164) 阿米巴(81) 痢疾(258) 的(16029838) 事件(59059) 預研所(Unknown) 所長(2381) 王躬仁(Unknown) 表示(74452) 造成(63141) 這(2114032) 種(701563) 痢疾(258) 的(16029838) 阿米巴(81) 原蟲(23) 不僅(43138) 可(307359) 存在(75197) 於(327210) 水(86260) 中(1011729) 也(1590760) 可以(560531) 經由(14759) 手(146361) 的(16029838) 接觸(22727) 停留(7966) 在(3284238) 桌椅(1027) 家具(4760) 上(1233218),"{'High': 34, 'Low': 7}","{'第5級': 7, 'Unknown': 15, '第1級': 11, '第3級': 1, '第4*級': 4, '第1*級': 2, '第3*級': 1}",6,Y,Y,N,Y
如果遇到不利生存的環境，還會變成囊孢而「冬眠」，等遇到水之後再繁殖；最重要是，感染阿米巴痢疾的病徵不明顯，疫情追蹤也不容易，但原蟲會增生，院童也具有傳染力。,如果 遇到 不利 生存 的 環境 還 會 變成 囊孢 而 冬眠 等 遇到 水 之後 再 繁殖 最 重要 是 感染 阿米巴 痢疾 的 病徵 不 明顯 疫情 追蹤 也 不 容易 但 原蟲 會 增生 院童 也 具有 傳染力,41,如果(322121) 遇到(29470) 不利(8888) 生存(17765) 的(16029838) 環境(71054) 還(625086) 會(1014977) 變成(73009) 囊孢(Unknown) 而(937923) 冬眠(552) 等(327380) 遇到(29470) 水(86260) 之後(190467) 再(326207) 繁殖(2658) 最(421680) 重要(154863) 是(4642407) 感染(10164) 阿米巴(81) 痢疾(258) 的(16029838) 病徵(441) 不(2282521) 明顯(35623) 疫情(749) 追蹤(6194) 也(1590760) 不(2282521) 容易(80831) 但(597124) 原蟲(23) 會(1014977) 增生(713) 院童(54) 也(1590760) 具有(60702) 傳染力(98),"{'High': 36, 'Low': 5}","{'第2級': 3, '第4級': 4, '第5級': 6, '第1級': 9, '第3級': 1, 'Unknown': 11, '第1*級': 4, '第3*級': 1, '第6級': 2}",2,Y,Y,N,Y
因此，這家教養院的院童應每半年到一年做一次阿米巴原蟲篩檢，以避免群體感染發生。,因此 這 家 教養院 的 院童 應 每 半 年 到 一 年 做 一 次 阿米巴 原蟲 篩檢 以 避免 群體 感染 發生,24,因此(184606) 這(2114032) 家(236822) 教養院(52) 的(16029838) 院童(54) 應(82417) 每(333357) 半(80813) 年(514736) 到(546906) 一(3701681) 年(514736) 做(411649) 一(3701681) 次(331701) 阿米巴(81) 原蟲(23) 篩檢(584) 以(547785) 避免(33211) 群體(7393) 感染(10164) 發生(129211),"{'High': 20, 'Low': 4}","{'第4*級': 2, '第1級': 10, 'Unknown': 6, '第1*級': 1, '第2級': 1, '第5級': 3, '第3級': 1}",2,Y,Y,N,Y
吳聰能還說，台南縣也有一家教養院發生院童感染傷寒的事件，但病例數仍待追蹤。,吳聰能 還 說 台南縣 也 有 一 家 教養院 發生 院童 感染 傷寒 的 事件 但 病例數 仍 待 追蹤,20,吳聰能(Unknown) 還(625086) 說(1285247) 台南縣(404) 也(1590760) 有(2217079) 一(3701681) 家(236822) 教養院(52) 發生(129211) 院童(54) 感染(10164) 傷寒(646) 的(16029838) 事件(59059) 但(597124) 病例數(7) 仍(92056) 待(32599) 追蹤(6194),"{'Low': 4, 'High': 16}","{'Unknown': 7, '第1級': 6, '第3級': 1, '第5級': 4, '第2級': 1, '第4級': 1}",4,Y,Y,N,Y
但病例數仍待追蹤。,但 病例數 仍 待 追蹤,5,但(597124) 病例數(7) 仍(92056) 待(32599) 追蹤(6194),"{'High': 4, 'Low': 1}","{'第2級': 1, 'Unknown': 1, '第4級': 1, '第5級': 2}",1,Y,Y,N,N
一項調查發現，有四分之一的青少年在十七歲前就有性經驗，有超過半數的青少年，希望在與新伴侶認識一個月之內發生性關係。,一 項 調查 發現 有 四分之一 的 青少年 在 十七 歲 前 就 有 性經驗 有 超過 半數 的 青少年 希望 在 與 新 伴侶 認識 一 個 月 之內 發生 性 關係,33,一(3701681) 項(88887) 調查(34821) 發現(175233) 有(2217079) 四分之一(2159) 的(16029838) 青少年(16159) 在(3284238) 十七(7310) 歲(130085) 前(272709) 就(1737544) 有(2217079) 性經驗(Unknown) 有(2217079) 超過(30507) 半數(1562) 的(16029838) 青少年(16159) 希望(119975) 在(3284238) 與(968432) 新(212453) 伴侶(7463) 認識(51425) 一(3701681) 個(2296574) 月(148997) 之內(12501) 發生(129211) 性(23731) 關係(162883),"{'High': 32, 'Low': 1}","{'第1級': 13, '第5級': 2, '第4*級': 2, '第2級': 3, 'Unknown': 6, '第4級': 3, '第1*級': 2, '第3級': 2}",4,Y,N,N,N
這兩項紀錄隱約透露青少年的性行為與性態度似乎有過於「衝動」的跡象。,這 兩 項 紀錄 隱約 透露 青少年 的 性行為 與 性 態度 似乎 有 過於 衝動 的 跡象,18,這(2114032) 兩(526190) 項(88887) 紀錄(14233) 隱約(3673) 透露(7366) 青少年(16159) 的(16029838) 性行為(2504) 與(968432) 性(23731) 態度(56470) 似乎(85481) 有(2217079) 過於(10507) 衝動(10318) 的(16029838) 跡象(4671),{'High': 18},"{'第1級': 5, '第5級': 5, '第4級': 3, '第6級': 3, '第4*級': 1, 'Unknown': 1}",2,Y,Y,N,N
但是，在檢視類似青少年「性不性」的調查報告前，先要觀察調查的可靠性，也就是資料蒐集與分析過程是否有瑕疵？,但是 在 檢視 類似 青少年 性 不 性 的 調查 報告 前 先 要 觀察 調查 的 可靠性 也 就是 資料 蒐集 與 分析 過程 是否 有 瑕疵,28,但是(247988) 在(3284238) 檢視(9862) 類似(29985) 青少年(16159) 性(23731) 不(2282521) 性(23731) 的(16029838) 調查(34821) 報告(37237) 前(272709) 先(136649) 要(851264) 觀察(44358) 調查(34821) 的(16029838) 可靠性(449) 也(1590760) 就是(2943) 資料(52866) 蒐集(7173) 與(968432) 分析(59250) 過程(87889) 是否(78907) 有(2217079) 瑕疵(1643),{'High': 28},"{'第2級': 1, '第1*級': 2, '第6級': 2, '第5級': 6, '第4級': 1, 'Unknown': 4, '第1級': 7, '第4*級': 3, '第3級': 2}",2,Y,Y,N,N
讓人「信不信」？,讓 人 信不信,3,讓(526314) 人(1550512) 信不信(10),"{'High': 2, 'Low': 1}","{'第2級': 1, '第1級': 1, 'Unknown': 1}",1,Y,N,N,N
然後，我們才能針對青少年的性文化與整個社會環境加以對照，評估他們的行為與態度到底「幸不幸」？,然後 我們 才 能 針對 青少年 的 性 文化 與 整個 社會 環境 加以 對照 評估 他們 的 行為 與 態度 到底 幸 不 幸,25,然後(156193) 我們(979260) 才(394539) 能(582260) 針對(23174) 青少年(16159) 的(16029838) 性(23731) 文化(115697) 與(968432) 整個(Unknown) 社會(176660) 環境(71054) 加以(25724) 對照(5024) 評估(16292) 他們(716752) 的(16029838) 行為(97450) 與(968432) 態度(56470) 到底(41946) 幸(1728) 不(2282521) 幸(1728),"{'High': 24, 'Low': 1}","{'第1*級': 2, '第1級': 5, '第2級': 2, '第6級': 3, '第4級': 2, 'Unknown': 4, '第4*級': 3, '第3*級': 1, '第3級': 1, '第5級': 2}",1,Y,Y,N,N
首先，前述調查由保險套公司委託進行，其實就難脫潛藏商業動機之嫌，且所提問題不乏暗示或挑逗性題材，能否具體獲得真相？,首先 前述 調查 由 保險套 公司 委託 進行 其實 就 難 脫 潛藏 商業 動機 之 嫌 且 所 提 問題 不 乏 暗示 或 挑逗性 題材 能否 具體 獲得 真相,31,首先(31260) 前述(4204) 調查(34821) 由(208604) 保險套(823) 公司(168500) 委託(4647) 進行(100298) 其實(109290) 就(1737544) 難(75701) 脫(5937) 潛藏(2172) 商業(19292) 動機(15854) 之(875481) 嫌(7613) 且(67015) 所(527327) 提(33635) 問題(280782) 不(2282521) 乏(3381) 暗示(12283) 或(478077) 挑逗性(56) 題材(7202) 能否(7723) 具體(20349) 獲得(54809) 真相(13952),"{'High': 30, 'Low': 1}","{'第4級': 1, '第6級': 4, '第4*級': 3, 'Unknown': 6, '第2級': 2, '第5級': 7, '第3*級': 1, '第1級': 3, '第2*級': 1, '第3級': 3}",2,Y,Y,N,N
令人懷疑。,令 人 懷疑,3,令(128742) 人(1550512) 懷疑(29705),{'High': 3},"{'第5級': 1, '第1級': 1, '第4*級': 1}",0,Y,N,N,N
況且，六百個樣本中，範圍涵蓋十六到四十四歲，青少年的樣本數是否足以反映青少年的真實行為與態度？,況且 六百 個 樣本 中 範圍 涵蓋 十六 到 四十四 歲 青少年 的 樣本數 是否 足以 反映 青少年 的 真實 行為 與 態度,23,況且(4413) 六百(1929) 個(2296574) 樣本(3796) 中(1011729) 範圍(24784) 涵蓋(4460) 十六(10564) 到(546906) 四十四(926) 歲(130085) 青少年(16159) 的(16029838) 樣本數(78) 是否(78907) 足以(18852) 反映(14525) 青少年(16159) 的(16029838) 真實(36892) 行為(97450) 與(968432) 態度(56470),"{'High': 22, 'Low': 1}","{'第6級': 3, 'Unknown': 5, '第1級': 5, '第4*級': 3, '第4級': 3, '第5級': 4}",4,Y,Y,N,N
同樣令人迷惑。,同樣 令 人 迷惑,4,同樣(63568) 令(128742) 人(1550512) 迷惑(4367),{'High': 4},"{'第3*級': 1, '第5級': 1, '第1級': 1, '第6級': 1}",0,Y,N,N,N
即使青少年的性文化不像前述調查結果那般危言聳聽，但是滿佈在青少年周圍的環境刺激，也不由得不讓人擔心青少年的性行為與性態度是否有被「催熟」或「揠苗助長」的情況？,即使 青少年 的 性 文化 不 像 前述 調查 結果 那般 危言聳聽 但是 滿佈 在 青少年 周圍 的 環境 刺激 也 不由得 不 讓 人 擔心 青少年 的 性行為 與 性 態度 是否 有 被 催熟 或 揠苗助長 的 情況,40,即使(68376) 青少年(16159) 的(16029838) 性(23731) 文化(115697) 不(2282521) 像(289494) 前述(4204) 調查(34821) 結果(114008) 那般(2722) 危言聳聽(294) 但是(247988) 滿佈(390) 在(3284238) 青少年(16159) 周圍(15078) 的(16029838) 環境(71054) 刺激(24326) 也(1590760) 不由得(3695) 不(2282521) 讓(526314) 人(1550512) 擔心(40962) 青少年(16159) 的(16029838) 性行為(2504) 與(968432) 性(23731) 態度(56470) 是否(78907) 有(2217079) 被(540683) 催熟(12) 或(478077) 揠苗助長(253) 的(16029838) 情況(92301),"{'High': 39, 'Low': 1}","{'第4*級': 5, '第4級': 5, '第1級': 9, 'Unknown': 7, '第2級': 4, '第1*級': 2, '第6級': 3, '第3*級': 2, '第3級': 2, '第5級': 1}",7,Y,Y,N,N
不只書刊、雜誌、影視、網路等媒體的性題材充斥，如入無人之境，資本主義的行銷文化更在其間推波助瀾，就連政治宣傳都難免要呼應青少年顯已走偏的次文化，更遑論層次更低的商業手段。,不只 書刊 雜誌 影視 網路 等 媒體 的 性 題材 充斥 如 入 無 人 之 境 資本 主義 的 行銷 文化 更 在 其 間 推波助瀾 就 連 政治 宣傳 都 難免 要 呼應 青少年 顯 已 走偏 的 次文化 更 遑論 層次 更 低 的 商業 手段,49,不只(20841) 書刊(631) 雜誌(22563) 影視(1035) 網路(26656) 等(327380) 媒體(32308) 的(16029838) 性(23731) 題材(7202) 充斥(3208) 如(195069) 入(30777) 無(157858) 人(1550512) 之(875481) 境(15223) 資本(11888) 主義(82852) 的(16029838) 行銷(16611) 文化(115697) 更(361676) 在(3284238) 其(307905) 間(115638) 推波助瀾(656) 就(1737544) 連(91153) 政治(79504) 宣傳(11837) 都(1125846) 難免(6764) 要(851264) 呼應(4191) 青少年(16159) 顯(5034) 已(215610) 走偏(28) 的(16029838) 次文化(504) 更(361676) 遑論(1209) 層次(13487) 更(361676) 低(32663) 的(16029838) 商業(19292) 手段(16560),"{'High': 48, 'Low': 1}","{'Unknown': 14, '第3*級': 3, '第2級': 2, '第4級': 3, '第1級': 8, '第6級': 5, '第4*級': 2, '第5級': 7, '第1*級': 2, '第7級': 2, '第3級': 1}",3,Y,Y,N,N
我們不會假道學地去禁制青少年的性取向，或一味加以否定，但是青少年未了解「兩性關係」之前，就放縱自己的性衝動，「幸不幸」不辯自明。,我們 不會 假道學 地 去 禁制 青少年 的 性 取向 或 一味 加以 否定 但是 青少年 未 了解 兩性 關係 之前 就 放縱 自己 的 性衝動 幸 不 幸 不 辯 自 明,33,我們(979260) 不會(173045) 假道學(68) 地(754998) 去(479993) 禁制(349) 青少年(16159) 的(16029838) 性(23731) 取向(6249) 或(478077) 一味(4921) 加以(25724) 否定(9670) 但是(247988) 青少年(16159) 未(101927) 了解(82970) 兩性(3246) 關係(162883) 之前(79748) 就(1737544) 放縱(1898) 自己(744739) 的(16029838) 性衝動(1) 幸(1728) 不(2282521) 幸(1728) 不(2282521) 辯(2078) 自(59676) 明(21507),"{'High': 31, 'Low': 2}","{'第1級': 7, 'Unknown': 11, '第4級': 3, '第6級': 4, '第3級': 2, '第5級': 3, '第2級': 1, '第3*級': 1, '第1*級': 1}",4,Y,Y,N,N
「幸不幸」不辯自明。,幸 不幸 不 辯 自 明,6,幸(1728) 不幸(17433) 不(2282521) 辯(2078) 自(59676) 明(21507),{'High': 6},"{'Unknown': 3, '第4*級': 1, '第1級': 1, '第5級': 1}",0,Y,N,N,N
對於屏東縣近月發生一百多例腸病毒的病例，其中，鹽埔鄉並有1例疑似死亡的病例，衛生署防疫處代理處長許國雄說，目前，衛生署並未接獲相關的通報，但他會派員主動了解這件事。,對於 屏東縣 近 月 發生 一百多 例 腸病毒 的 病例 其中 鹽埔鄉 並 有 1 例 疑似 死亡 的 病例 衛生署 防疫處 代理 處長 許國雄 說 目前 衛生署 並 未 接獲 相關 的 通報 但 他 會 派員 主動 了解 這 件 事,43,對於(99570) 屏東縣(721) 近(43555) 月(148997) 發生(129211) 一百多(3148) 例(56688) 腸病毒(1092) 的(16029838) 病例(2105) 其中(95627) 鹽埔鄉(17) 並(442790) 有(2217079) 1(79772) 例(56688) 疑似(647) 死亡(34520) 的(16029838) 病例(2105) 衛生署(603) 防疫處(7) 代理(5411) 處長(1328) 許國雄(Unknown) 說(1285247) 目前(48695) 衛生署(603) 並(442790) 未(101927) 接獲(1016) 相關(41599) 的(16029838) 通報(2528) 但(597124) 他(2487930) 會(1014977) 派員(584) 主動(18624) 了解(82970) 這(2114032) 件(139257) 事(385949),"{'High': 40, 'Low': 3}","{'第5級': 3, 'Unknown': 11, '第2級': 2, '第1級': 8, '第3級': 3, '第6級': 4, '第3*級': 2, '第4*級': 5, '第7級': 1, '第4級': 1, '第1*級': 3}",8,Y,Y,N,Y
儘管時序已入秋、天氣已轉涼，但因國小、幼稚園的學童又聚集上課，而中南部的氣溫仍偏高，因而使得腸病毒的「尾巴」又有擺動之勢。,儘管 時序 已 入秋 天氣 已 轉涼 但 因 國小 幼稚園 的 學童 又 聚集 上課 而 中南部 的 氣溫 仍 偏 高 因而 使得 腸病毒 的 尾巴 又 有 擺動 之 勢,33,儘管(36818) 時序(612) 已(215610) 入秋(151) 天氣(11782) 已(215610) 轉涼(147) 但(597124) 因(119364) 國小(4760) 幼稚園(3400) 的(16029838) 學童(2439) 又(535555) 聚集(8764) 上課(10526) 而(937923) 中南部(539) 的(16029838) 氣溫(2355) 仍(92056) 偏(7313) 高(128858) 因而(29060) 使得(30960) 腸病毒(1092) 的(16029838) 尾巴(6147) 又(535555) 有(2217079) 擺動(2088) 之(875481) 勢(7403),{'High': 33},"{'第5級': 8, 'Unknown': 9, '第3級': 2, '第1*級': 4, '第2級': 1, '第3*級': 1, '第4*級': 1, '第1級': 5, '第4級': 2}",3,Y,Y,N,N
許國雄說，腸病毒疫情的流行高峰期已過，但各地確實仍有零星案例傳出，而只要發現因感染腸病毒的疑似死亡或重症病例，或聚集感染情形，各地衛生單位都會向衛生署呈報疫情，但至今衛生署都沒有接獲類似的通報。,許國雄 說 腸病毒 疫情 的 流行 高峰期 已 過 但 各 地 確實 仍 有 零星 案例 傳出 而 只要 發現 因 感染 腸病毒 的 疑似 死亡 或 重症 病例 或 聚集 感染 情形 各 地 衛生 單位 都 會 向 衛生署 呈報 疫情 但 至今 衛生署 都 沒有 接獲 類似 的 通報,53,許國雄(Unknown) 說(1285247) 腸病毒(1092) 疫情(749) 的(16029838) 流行(16740) 高峰期(292) 已(215610) 過(412878) 但(597124) 各(243023) 地(754998) 確實(36977) 仍(92056) 有(2217079) 零星(1569) 案例(9938) 傳出(4421) 而(937923) 只要(99140) 發現(175233) 因(119364) 感染(10164) 腸病毒(1092) 的(16029838) 疑似(647) 死亡(34520) 或(478077) 重症(143) 病例(2105) 或(478077) 聚集(8764) 感染(10164) 情形(35199) 各(243023) 地(754998) 衛生(6348) 單位(23148) 都(1125846) 會(1014977) 向(231672) 衛生署(603) 呈報(799) 疫情(749) 但(597124) 至今(14540) 衛生署(603) 都(1125846) 沒有(594280) 接獲(1016) 類似(29985) 的(16029838) 通報(2528),"{'Low': 1, 'High': 52}","{'Unknown': 14, '第1級': 8, '第3級': 5, '第1*級': 2, '第2級': 6, '第5級': 9, '第4級': 1, '第6級': 4, '第7級': 2, '第4*級': 1, '第3*級': 1}",6,Y,Y,N,Y
許國雄說，前陣子傳出高雄阮綜合醫院發現7例疑似感染腸病毒病例，經衛生署查詢，原來7名病例都屬輕症，而當時也未採檢體，所以，當地衛生單位與醫院就未向衛生署通報。,許國雄 說 前 陣子 傳出 高雄 阮 綜合 醫院 發現 7 例 疑似 感染 腸病毒 病例 經 衛生署 查詢 原來 7 名 病例 都 屬 輕症 而 當時 也 未 採 檢體 所以 當地 衛生 單位 與 醫院 就 未 向 衛生署 通報,43,許國雄(Unknown) 說(1285247) 前(272709) 陣子(1017) 傳出(4421) 高雄(4674) 阮(1046) 綜合(8011) 醫院(30938) 發現(175233) 7(21969) 例(56688) 疑似(647) 感染(10164) 腸病毒(1092) 病例(2105) 經(38471) 衛生署(603) 查詢(1750) 原來(49649) 7(21969) 名(136287) 病例(2105) 都(1125846) 屬(26012) 輕症(20) 而(937923) 當時(126214) 也(1590760) 未(101927) 採(8996) 檢體(187) 所以(239080) 當地(23011) 衛生(6348) 單位(23148) 與(968432) 醫院(30938) 就(1737544) 未(101927) 向(231672) 衛生署(603) 通報(2528),"{'Low': 2, 'High': 41}","{'Unknown': 13, '第1級': 5, '第5級': 8, '第2級': 5, '第3級': 1, '第7級': 1, '第6級': 4, '第3*級': 2, '第4*級': 3, '第1*級': 1}",4,Y,Y,N,Y
他仍強調，腸病毒仍散布在環境之中，而最佳預防方法就是勤洗手。,他 仍 強調 腸病毒 仍 散布 在 環境 之中 而 最佳 預防 方法 就 是 勤 洗手,17,他(2487930) 仍(92056) 強調(36095) 腸病毒(1092) 仍(92056) 散布(1735) 在(3284238) 環境(71054) 之中(46715) 而(937923) 最佳(27224) 預防(8608) 方法(99064) 就(1737544) 是(4642407) 勤(2380) 洗手(1375),{'High': 17},"{'第1級': 3, '第4級': 3, '第5級': 3, 'Unknown': 4, '第6級': 1, '第1*級': 1, '第3級': 1, '第2級': 1}",1,Y,Y,N,N
張南詠南投報導南投縣衛生局今日上午彙整本月罹患咽峽炎之學童資料，證實近一周草屯鎮有一名學童轉到台中市澄清醫院、一對兄妹在秀傳醫院治療，國姓鄉則有一對3歲及1歲的姊妹有手口足起水泡的情況，但已治療痊癒，目前草屯平林托兒所已停課，國姓鄉衛生所也緊急要求兩、三周前感染咽峽炎的學童暫緩去上學。,張南詠 南投 報導 南投縣 衛生局 今日 上午 彙整 本 月 罹患 咽峽炎 之 學童 資料 證實 近 一 周 草屯鎮 有 一 名 學童 轉到 台中市 澄清 醫院 一 對 兄妹 在 秀傳 醫院 治療 國姓鄉 則 有 一 對 3 歲 及 1 歲 的 姊妹 有 手 口 足 起水泡 的 情況 但 已 治療 痊癒 目前 草屯 平林 托兒所 已 停課 國姓鄉 衛生所 也 緊急 要求 兩 三 周 前 感染 咽峽炎 的 學童 暫緩 去 上學,80,張南詠(Unknown) 南投(857) 報導(27311) 南投縣(780) 衛生局(198) 今日(20291) 上午(6241) 彙整(837) 本(197156) 月(148997) 罹患(5345) 咽峽炎(64) 之(875481) 學童(2439) 資料(52866) 證實(10978) 近(43555) 一(3701681) 周(10111) 草屯鎮(37) 有(2217079) 一(3701681) 名(136287) 學童(2439) 轉到(4726) 台中市(805) 澄清(2964) 醫院(30938) 一(3701681) 對(897964) 兄妹(1868) 在(3284238) 秀傳(7) 醫院(30938) 治療(45170) 國姓鄉(3) 則(254096) 有(2217079) 一(3701681) 對(897964) 3(51223) 歲(130085) 及(304586) 1(79772) 歲(130085) 的(16029838) 姊妹(6832) 有(2217079) 手(146361) 口(83854) 足(8697) 起水泡(Unknown) 的(16029838) 情況(92301) 但(597124) 已(215610) 治療(45170) 痊癒(4025) 目前(48695) 草屯(175) 平林(23) 托兒所(795) 已(215610) 停課(200) 國姓鄉(3) 衛生所(143) 也(1590760) 緊急(8631) 要求(71192) 兩(526190) 三(313861) 周(10111) 前(272709) 感染(10164) 咽峽炎(64) 的(16029838) 學童(2439) 暫緩(584) 去(479993) 上學(7825),"{'Low': 9, 'High': 71}","{'Unknown': 27, '第5級': 11, '第4*級': 1, '第1級': 22, '第6級': 3, '第3級': 4, '第2級': 5, '第1*級': 2, '第4級': 2, '第3*級': 1, '第7級': 1, '第2*級': 1}",12,Y,Y,N,Y
腸病毒群常見的症狀有手口足病及咽峽炎，事實上，竹山、埔里、國姓等三鄉鎮，兩、三周前就已有學童及嬰兒因咽峽炎等腸病毒症狀到醫院求診，最近一周則是草屯鎮平林社區的學童，目前衛生局證實有7人感染發病。,腸病毒群 常見 的 症狀 有 手 口 足 病 及 咽峽炎 事實 上 竹山 埔里 國姓 等 三 鄉鎮 兩 三 周 前 就 已 有 學童 及 嬰兒 因 咽峽炎 等 腸病毒 症狀 到 醫院 求診 最近 一 周 則 是 草屯鎮 平林 社區 的 學童 目前 衛生局 證實 有 7 人 感染 發病,55,腸病毒群(Unknown) 常見(13705) 的(16029838) 症狀(16599) 有(2217079) 手(146361) 口(83854) 足(8697) 病(29495) 及(304586) 咽峽炎(64) 事實(84995) 上(1233218) 竹山(263) 埔里(1277) 國姓(1470) 等(327380) 三(313861) 鄉鎮(1654) 兩(526190) 三(313861) 周(10111) 前(272709) 就(1737544) 已(215610) 有(2217079) 學童(2439) 及(304586) 嬰兒(23242) 因(119364) 咽峽炎(64) 等(327380) 腸病毒(1092) 症狀(16599) 到(546906) 醫院(30938) 求診(447) 最近(30174) 一(3701681) 周(10111) 則(254096) 是(4642407) 草屯鎮(37) 平林(23) 社區(22407) 的(16029838) 學童(2439) 目前(48695) 衛生局(198) 證實(10978) 有(2217079) 7(21969) 人(1550512) 感染(10164) 發病(2009),"{'Low': 5, 'High': 50}","{'Unknown': 16, '第4級': 3, '第1級': 15, '第5級': 9, '第1*級': 2, '第3級': 2, '第3*級': 2, '第4*級': 2, '第2級': 2, '第7級': 1, '第6級': 1}",6,Y,Y,N,N
7人中，本來均到當地診所治療，後來兩人在秀傳醫院治療、一人轉往台中澄清，由於人數較多，平林托兒所自本週一起即停課，而在衛生局的關切下，國姓鄉衛生所也派員到當地兩家托兒所及幼稚園，要求學校通知家長將兩、三週前曾感染咽峽炎的學童共4人帶回家裡休息10天，以免再度傳染給其他學童，並要求校方加強衛生教育宣導。,7 人 中 本來 均 到 當地 診所 治療 後來 兩 人 在 秀傳 醫院 治療 一 人 轉往 台中 澄清 由於 人數 較多 平林 托兒所 自 本 週一 起 即 停課 而 在 衛生局 的 關切 下 國姓鄉 衛生所 也 派員 到 當地 兩 家 托兒所 及 幼稚園 要求 學校 通知 家長 將 兩 三 週 前 曾 感染 咽峽炎 的 學童 共 4 人 帶回 家 裡 休息 10 天 以免 再度 傳染給 其他 學童 並 要求 校方 加強 衛生 教育 宣導,84,7(21969) 人(1550512) 中(1011729) 本來(33194) 均(27783) 到(546906) 當地(23011) 診所(3341) 治療(45170) 後來(95618) 兩(526190) 人(1550512) 在(3284238) 秀傳(7) 醫院(30938) 治療(45170) 一(3701681) 人(1550512) 轉往(1086) 台中(3661) 澄清(2964) 由於(88111) 人數(11834) 較多(4872) 平林(23) 托兒所(795) 自(59676) 本(197156) 週一(994) 起(96746) 即(110826) 停課(200) 而(937923) 在(3284238) 衛生局(198) 的(16029838) 關切(3828) 下(329549) 國姓鄉(3) 衛生所(143) 也(1590760) 派員(584) 到(546906) 當地(23011) 兩(526190) 家(236822) 托兒所(795) 及(304586) 幼稚園(3400) 要求(71192) 學校(74782) 通知(9047) 家長(15489) 將(448374) 兩(526190) 三(313861) 週(20879) 前(272709) 曾(132981) 感染(10164) 咽峽炎(64) 的(16029838) 學童(2439) 共(32138) 4(36054) 人(1550512) 帶回(6256) 家(236822) 裡(520435) 休息(20958) 10(25263) 天(330413) 以免(8342) 再度(22234) 傳染給(370) 其他(189445) 學童(2439) 並(442790) 要求(71192) 校方(1227) 加強(13098) 衛生(6348) 教育(71554) 宣導(1111),"{'High': 80, 'Low': 4}","{'Unknown': 22, '第1級': 20, '第2級': 4, '第6級': 4, '第4*級': 6, '第5級': 11, '第1*級': 6, '第4級': 4, '第2*級': 1, '第3*級': 3, '第3級': 2, '第7級': 1}",8,Y,Y,N,Y
此外，國姓鄉最近一週只有一對姊妹感染咽峽炎，分別為1歲及3歲，應是相互傳染，但已治癒。,此外 國姓鄉 最近 一 週 只有 一 對 姊妹 感染 咽峽炎 分別 為 1 歲 及 3 歲 應 是 相 互 傳染 但 已 治癒,26,此外(30247) 國姓鄉(3) 最近(30174) 一(3701681) 週(20879) 只有(43745) 一(3701681) 對(897964) 姊妹(6832) 感染(10164) 咽峽炎(64) 分別(25566) 為(761341) 1(79772) 歲(130085) 及(304586) 3(51223) 歲(130085) 應(82417) 是(4642407) 相(32217) 互(2999) 傳染(1998) 但(597124) 已(215610) 治癒(2741),"{'High': 24, 'Low': 2}","{'第5級': 4, 'Unknown': 10, '第2級': 2, '第1級': 6, '第3級': 2, '第4*級': 1, '第6級': 1}",2,Y,Y,N,N
但已治癒。,但 已 治癒,3,但(597124) 已(215610) 治癒(2741),{'High': 3},"{'第2級': 1, '第3級': 1, '第6級': 1}",0,Y,Y,N,N
存留學基金、買車資金，投資成長型股票基金，可擇進區域型或單一市場基金。,存 留學 基金 買 車 資金 投資 成長型 股票 基金 可 擇進 區域型 或 單一 市場 基金,17,存(10876) 留學(4058) 基金(10265) 買(59736) 車(47590) 資金(12844) 投資(38191) 成長型(83) 股票(13732) 基金(10265) 可(307359) 擇進(Unknown) 區域型(31) 或(478077) 單一(8337) 市場(65023) 基金(10265),"{'High': 14, 'Low': 3}","{'第3*級': 1, '第4級': 1, '第5級': 6, '第1級': 2, '第4*級': 2, 'Unknown': 3, '第3級': 1, '第2級': 1}",2,Y,Y,N,N
存留學基金、買車資金，是許多Y世代人生第一個理財目標。,存 留學 基金 買 車 資金 是 許多 Y 世代 人生 第一 個 理財 目標,15,存(10876) 留學(4058) 基金(10265) 買(59736) 車(47590) 資金(12844) 是(4642407) 許多(159791) Y(Unknown) 世代(8592) 人生(69234) 第一(172544) 個(2296574) 理財(2213) 目標(62638),"{'High': 14, 'Low': 1}","{'第3*級': 2, '第4級': 2, '第5級': 3, '第1級': 4, 'Unknown': 1, '第4*級': 1, '第2級': 1, '第6級': 1}",0,Y,N,N,N
如何在大學四年存四十萬元？,如何 在 大學 四 年 存 四十萬 元,8,如何(148068) 在(3284238) 大學(83893) 四(141667) 年(514736) 存(10876) 四十萬(813) 元(60807),{'High': 8},"{'第5級': 1, '第1*級': 1, '第1級': 4, '第3*級': 1, 'Unknown': 1}",1,Y,N,N,N
投顧業者表示，要在短時間內靠打工收入，每個月投資四、五千元存到這個目標，報酬率必須設定相當高，因此投資風險也比較高，雖然Y世代因普遍尚無家庭經濟負擔、可以承受較高的風險，但仍是比較勉強，因此建議不妨降低投資目標、或是將投資時間拉長至工作後一、二年。,投顧業 者 表示 要 在 短時間 內 靠 打工 收入 每 個 月 投資 四 五千 元 存到 這 個 目標 報酬率 必須 設定 相當 高 因此 投資 風險 也 比較 高 雖然 Y 世代 因 普遍 尚 無 家庭 經濟 負擔 可以 承受 較 高 的 風險 但 仍 是 比較 勉強 因此 建議 不妨 降低 投資 目標 或是 將 投資 時間 拉長 至 工作 後 一 二 年,70,投顧業(Unknown) 者(423504) 表示(74452) 要(851264) 在(3284238) 短時間(Unknown) 內(183051) 靠(51323) 打工(2826) 收入(15636) 每(333357) 個(2296574) 月(148997) 投資(38191) 四(141667) 五千(4916) 元(60807) 存到(169) 這(2114032) 個(2296574) 目標(62638) 報酬率(1515) 必須(170592) 設定(10564) 相當(66293) 高(128858) 因此(184606) 投資(38191) 風險(19287) 也(1590760) 比較(112212) 高(128858) 雖然(152988) Y(Unknown) 世代(8592) 因(119364) 普遍(16221) 尚(26113) 無(157858) 家庭(60608) 經濟(83046) 負擔(10490) 可以(560531) 承受(9524) 較(78424) 高(128858) 的(16029838) 風險(19287) 但(597124) 仍(92056) 是(4642407) 比較(112212) 勉強(10442) 因此(184606) 建議(45709) 不妨(9148) 降低(15638) 投資(38191) 目標(62638) 或是(75906) 將(448374) 投資(38191) 時間(213595) 拉長(1726) 至(101530) 工作(220164) 後(422857) 一(3701681) 二(152494) 年(514736),"{'Low': 3, 'High': 67}","{'Unknown': 9, '第4*級': 8, '第1級': 20, '第1*級': 2, '第3級': 4, '第4級': 7, '第5級': 10, '第2級': 7, '第6級': 2, '第3*級': 1}",3,Y,Y,N,N
國際投信表示，學生族打工收入扣除開支後，假設每個月可以用來投資的金額約四、五千元，如果想要在四年內存到四十萬元，平均年複利報酬率必須達二五至三0%，除非市場行情不錯、並能準確抓到大波段行情，否則這個報酬率實在不太容易達到。,國際 投信 表示 學生族 打工 收入 扣除 開支 後 假設 每 個 月 可以 用來 投資 的 金額 約 四 五千 元 如果 想要 在 四 年 內 存到 四十萬 元 平均 年複利 報酬率 必須 達 二五 至 三0 除非 市場 行情 不錯 並 能 準確 抓到 大 波段 行情 否則 這 個 報酬率 實在 不 太 容易 達到,59,國際(40846) 投信(411) 表示(74452) 學生族(11) 打工(2826) 收入(15636) 扣除(851) 開支(1752) 後(422857) 假設(20149) 每(333357) 個(2296574) 月(148997) 可以(560531) 用來(29356) 投資(38191) 的(16029838) 金額(5087) 約(47731) 四(141667) 五千(4916) 元(60807) 如果(322121) 想要(63278) 在(3284238) 四(141667) 年(514736) 內(183051) 存到(169) 四十萬(813) 元(60807) 平均(13871) 年複利(6) 報酬率(1515) 必須(170592) 達(25383) 二五(445) 至(101530) 三0(Unknown) 除非(15100) 市場(65023) 行情(2386) 不錯(23297) 並(442790) 能(582260) 準確(6512) 抓到(4325) 大(525780) 波段(792) 行情(2386) 否則(26547) 這(2114032) 個(2296574) 報酬率(1515) 實在(51634) 不(2282521) 太(181732) 容易(80831) 達到(35670),"{'High': 56, 'Low': 3}","{'第4級': 3, 'Unknown': 14, '第4*級': 6, '第3級': 3, '第7級': 1, '第6級': 5, '第1級': 16, '第1*級': 4, '第5級': 4, '第3*級': 1, '第2級': 2}",5,Y,Y,N,N
但如果將報酬率降低到一五%較正常的一般水準，每個月投資金額將被迫大幅提高至八千元左右，對學生族的負擔太重。,但 如果 將 報酬率 降低到 一五 較 正常 的 一般 水準 每 個 月 投資 金額 將 被迫 大幅 提高 至 八千 元 左右 對 學生族 的 負擔 太 重,30,但(597124) 如果(322121) 將(448374) 報酬率(1515) 降低到(240) 一五(691) 較(78424) 正常(28865) 的(16029838) 一般(80732) 水準(9940) 每(333357) 個(2296574) 月(148997) 投資(38191) 金額(5087) 將(448374) 被迫(8701) 大幅(6731) 提高(19797) 至(101530) 八千(1229) 元(60807) 左右(33714) 對(897964) 學生族(11) 的(16029838) 負擔(10490) 太(181732) 重(31331),"{'High': 29, 'Low': 1}","{'第2級': 3, '第5級': 4, 'Unknown': 7, '第3*級': 3, '第1級': 7, '第4級': 1, '第1*級': 1, '第4*級': 2, '第6級': 2}",3,Y,Y,N,N
因此國際投信建議，不妨將目標值適度降低為三十萬、或是將投資時間拉長至上班後一至二年，由於收入增加、投資時間拉長後也進一步降低風險，會更有機會達到預定目標。,因此 國際 投信 建議 不妨 將 目標值 適度 降低為 三十萬 或是 將 投資 時間 拉長 至 上班 後 一 至 二 年 由於 收入 增加 投資 時間 拉長 後 也 進一步 降低 風險 會 更 有 機會 達到 預定 目標,40,因此(184606) 國際(40846) 投信(411) 建議(45709) 不妨(9148) 將(448374) 目標值(103) 適度(2296) 降低為(39) 三十萬(1646) 或是(75906) 將(448374) 投資(38191) 時間(213595) 拉長(1726) 至(101530) 上班(10205) 後(422857) 一(3701681) 至(101530) 二(152494) 年(514736) 由於(88111) 收入(15636) 增加(48296) 投資(38191) 時間(213595) 拉長(1726) 後(422857) 也(1590760) 進一步(25130) 降低(15638) 風險(19287) 會(1014977) 更(361676) 有(2217079) 機會(81244) 達到(35670) 預定(3218) 目標(62638),"{'High': 39, 'Low': 1}","{'第4*級': 7, '第4級': 4, 'Unknown': 7, '第3*級': 1, '第5級': 7, '第6級': 1, '第2級': 2, '第1級': 9, '第2*級': 1, '第1*級': 1}",4,Y,Y,N,N
而薪水扣除必要開支後，五成可以投資積極成長型的股票型基金、三成則為穩定成長的成長型基金，二成放在銀行作為緊急資金需求之用。,而 薪水 扣除 必要 開支 後 五成 可以 投資 積極 成長型 的 股票型 基金 三成 則 為 穩定 成長 的 成長型 基金 二成 放 在 銀行 作為 緊急 資金 需求 之 用,32,而(937923) 薪水(5575) 扣除(851) 必要(29889) 開支(1752) 後(422857) 五成(371) 可以(560531) 投資(38191) 積極(24247) 成長型(83) 的(16029838) 股票型(74) 基金(10265) 三成(3465) 則(254096) 為(761341) 穩定(19878) 成長(42450) 的(16029838) 成長型(83) 基金(10265) 二成(265) 放(83587) 在(3284238) 銀行(33825) 作為(58009) 緊急(8631) 資金(12844) 需求(29061) 之(875481) 用(377038),"{'High': 29, 'Low': 3}","{'第5級': 9, '第4級': 3, '第7級': 1, '第6級': 1, '第1級': 5, 'Unknown': 7, '第4*級': 3, '第2級': 2, '第1*級': 1}",3,Y,Y,N,N
至於投資標的方面，業者的建議是，基金平均持有時間較短、喜歡短線進出的Y世代，不妨考慮先從較熟悉的市場開始投資、例如國內的基金，因為資訊蒐集容易、同時國內的股市起伏波動較大，比較好掌握波段的高低檔，之後再投資以海外市場為主的海外基金。,至於 投資 標的 方面 業者 的 建議 是 基金 平均 持有 時間 較 短 喜歡 短線 進出 的 Y 世代 不妨 考慮 先 從 較 熟悉 的 市場 開始 投資 例如 國內 的 基金 因為 資訊 蒐集 容易 同時 國內 的 股市 起伏 波動 較 大 比較 好 掌握 波段 的 高低檔 之後 再 投資 以 海外 市場 為主 的 海外 基金,62,至於(39363) 投資(38191) 標的(1371) 方面(75079) 業者(6857) 的(16029838) 建議(45709) 是(4642407) 基金(10265) 平均(13871) 持有(4356) 時間(213595) 較(78424) 短(22412) 喜歡(113753) 短線(317) 進出(3148) 的(16029838) Y(Unknown) 世代(8592) 不妨(9148) 考慮(28774) 先(136649) 從(496546) 較(78424) 熟悉(20265) 的(16029838) 市場(65023) 開始(245562) 投資(38191) 例如(72240) 國內(17537) 的(16029838) 基金(10265) 因為(425061) 資訊(37848) 蒐集(7173) 容易(80831) 同時(115305) 國內(17537) 的(16029838) 股市(5507) 起伏(5179) 波動(2865) 較(78424) 大(525780) 比較(112212) 好(448428) 掌握(24464) 波段(792) 的(16029838) 高低檔(1) 之後(190467) 再(326207) 投資(38191) 以(547785) 海外(10798) 市場(65023) 為主(12900) 的(16029838) 海外(10798) 基金(10265),"{'High': 60, 'Low': 2}","{'第5級': 10, '第4*級': 4, 'Unknown': 9, '第3*級': 4, '第1級': 12, '第4級': 8, '第2級': 7, '第1*級': 5, '第6級': 3}",1,Y,Y,N,N
同時風險承受度較高的Y世代，可以考慮風險波動較高的區域型或單一市場基金、以及新興市場，但要注意尋找已達景氣循環相對在谷底區的市場，例如現在的亞洲市場，同時要注意追蹤市場的變化狀況，靈活作基金轉換。,同時 風險 承受 度 較 高 的 Y 世代 可以 考慮 風險 波動 較 高 的 區域型 或 單一 市場 基金 以及 新興 市場 但 要 注意 尋找 已 達 景氣 循環 相對 在 谷底區 的 市場 例如 現在 的 亞洲 市場 同時 要 注意 追蹤 市場 的 變化 狀況 靈活 作 基金 轉換,54,同時(115305) 風險(19287) 承受(9524) 度(25018) 較(78424) 高(128858) 的(16029838) Y(Unknown) 世代(8592) 可以(560531) 考慮(28774) 風險(19287) 波動(2865) 較(78424) 高(128858) 的(16029838) 區域型(31) 或(478077) 單一(8337) 市場(65023) 基金(10265) 以及(155624) 新興(4357) 市場(65023) 但(597124) 要(851264) 注意(49591) 尋找(28381) 已(215610) 達(25383) 景氣(1794) 循環(11162) 相對(20694) 在(3284238) 谷底區(1) 的(16029838) 市場(65023) 例如(72240) 現在(218744) 的(16029838) 亞洲(13256) 市場(65023) 同時(115305) 要(851264) 注意(49591) 追蹤(6194) 市場(65023) 的(16029838) 變化(42502) 狀況(44199) 靈活(4964) 作(78184) 基金(10265) 轉換(6744),"{'High': 51, 'Low': 3}","{'第3*級': 4, '第5級': 15, '第6級': 3, '第3級': 3, '第2級': 10, '第1級': 11, 'Unknown': 5, '第4級': 2, '第1*級': 1}",2,Y,Y,N,N
國內基金方面，高科技、店頭市場等長期獲利性較高的基金，也相當符合Y世代的追求高報酬、又能承受風險的特性。,國內 基金 方面 高科技 店頭 市場 等 長期 獲利性 較 高 的 基金 也 相當 符合 Y 世代 的 追求 高 報酬 又 能 承受 風險 的 特性,28,國內(17537) 基金(10265) 方面(75079) 高科技(3243) 店頭(240) 市場(65023) 等(327380) 長期(28592) 獲利性(91) 較(78424) 高(128858) 的(16029838) 基金(10265) 也(1590760) 相當(66293) 符合(19232) Y(Unknown) 世代(8592) 的(16029838) 追求(29080) 高(128858) 報酬(4796) 又(535555) 能(582260) 承受(9524) 風險(19287) 的(16029838) 特性(12673),"{'High': 26, 'Low': 2}","{'第4級': 1, '第5級': 5, '第3*級': 2, 'Unknown': 5, '第2級': 2, '第1級': 6, '第3級': 1, '第4*級': 2, '第6級': 2, '第1*級': 2}",2,Y,Y,N,N
也相當符合Y世代的追求高報酬、又能承受風險的特性。,也 相當 符合 Y 世代 的 追求 高 報酬 又 能 承受 風險 的 特性,15,也(1590760) 相當(66293) 符合(19232) Y(Unknown) 世代(8592) 的(16029838) 追求(29080) 高(128858) 報酬(4796) 又(535555) 能(582260) 承受(9524) 風險(19287) 的(16029838) 特性(12673),"{'High': 14, 'Low': 1}","{'第1級': 4, '第3級': 1, '第5級': 3, 'Unknown': 1, '第4*級': 2, '第6級': 2, '第1*級': 2}",0,Y,N,N,N
李登輝總統的輔選列車開到台中時，以道德標準批評了目前有意參選立委的前省新聞處長黃義交。,李登輝 總統 的 輔選 列車 開到 台中 時 以 道德 標準 批評 了 目前 有意 參選 立委 的 前 省 新聞 處長 黃義交,23,李登輝(2868) 總統(23662) 的(16029838) 輔選(110) 列車(2658) 開到(2237) 台中(3661) 時(623734) 以(547785) 道德(25153) 標準(31106) 批評(24490) 了(3199291) 目前(48695) 有意(7824) 參選(852) 立委(1052) 的(16029838) 前(272709) 省(17570) 新聞(40430) 處長(1328) 黃義交(3),"{'High': 22, 'Low': 1}","{'Unknown': 9, '第4級': 3, '第1級': 3, '第6級': 1, '第3*級': 2, '第5級': 2, '第4*級': 2, '第3級': 1}",2,Y,N,N,Y
黃義交則公開反擊說他愛其所愛，為愛辭官，道德標準並不比李總統低。,黃義交 則 公開 反擊 說 他 愛 其 所 愛 為 愛 辭官 道德 標準 並 不比 李 總統 低,20,黃義交(3) 則(254096) 公開(19118) 反擊(3915) 說(1285247) 他(2487930) 愛(124337) 其(307905) 所(527327) 愛(124337) 為(761341) 愛(124337) 辭官(524) 道德(25153) 標準(31106) 並(442790) 不比(138) 李(17994) 總統(23662) 低(32663),"{'Low': 1, 'High': 19}","{'Unknown': 5, '第5級': 1, '第4*級': 3, '第6級': 2, '第1級': 5, '第2級': 1, '第3*級': 1, '第4級': 1, '第1*級': 1}",1,Y,N,N,Y
選舉一到，連道德標準都祭出來了，實在有提神清腦的戲劇效果。,選舉 一 到 連 道德 標準 都 祭出 來 了 實在 有 提神 清 腦 的 戲劇 效果,18,選舉(8292) 一(3701681) 到(546906) 連(91153) 道德(25153) 標準(31106) 都(1125846) 祭出(410) 來(742183) 了(3199291) 實在(51634) 有(2217079) 提神(435) 清(31773) 腦(22627) 的(16029838) 戲劇(11926) 效果(38188),{'High': 18},"{'第5級': 3, '第1級': 6, '第3*級': 2, '第4*級': 3, 'Unknown': 3, '第4級': 1}",0,Y,Y,N,N
不論以世界標準或台灣標準，現在要在政壇上講道德，都有很大的困難。,不論 以 世界 標準 或 台灣 標準 現在 要 在 政壇 上 講 道德 都 有 很 大 的 困難,20,不論(28127) 以(547785) 世界(165235) 標準(31106) 或(478077) 台灣(130718) 標準(31106) 現在(218744) 要(851264) 在(3284238) 政壇(1881) 上(1233218) 講(70027) 道德(25153) 都(1125846) 有(2217079) 很(715675) 大(525780) 的(16029838) 困難(37504),{'High': 20},"{'第4級': 1, '第5級': 1, '第2級': 2, '第3*級': 3, '第3級': 1, '第1級': 9, '第1*級': 1, '第6級': 1, '第4*級': 1}",0,Y,Y,N,N
美國總統柯林頓的緋聞鬧得舉世譁然，馬來西亞總理馬哈地抓副總理安華搞得東南亞震盪，他們的所作所為合乎了那一項道德標準？,美國 總統 柯林頓 的 緋聞 鬧 得 舉世 譁然 馬來西亞 總理 馬哈地 抓 副總理 安華 搞 得 東南亞 震盪 他們 的 所作所為 合乎 了 那 一 項 道德 標準,29,美國(148299) 總統(23662) 柯林頓(2067) 的(16029838) 緋聞(332) 鬧(7452) 得(573721) 舉世(1328) 譁然(487) 馬來西亞(2504) 總理(6056) 馬哈地(13) 抓(21151) 副總理(690) 安華(14) 搞(22226) 得(573721) 東南亞(3600) 震盪(1303) 他們(716752) 的(16029838) 所作所為(2081) 合乎(3887) 了(3199291) 那(754138) 一(3701681) 項(88887) 道德(25153) 標準(31106),"{'High': 27, 'Low': 2}","{'第1級': 6, '第4級': 1, 'Unknown': 9, '第5級': 5, '第6級': 3, '第7級': 2, '第3*級': 2, '第4*級': 1}",6,Y,N,N,Y
台灣每次選舉一到，不論朝野政黨，都競相亂開競選支票，亂放利多消息，表面上嚴查賄選，暗地裡政策買票，這又是什麼道德標準？,台灣 每 次 選舉 一 到 不論 朝野 政黨 都 競相 亂開 競選 支票 亂放 利多 消息 表面 上 嚴查 賄選 暗地裡 政策 買票 這 又 是 什麼 道德 標準,30,台灣(130718) 每(333357) 次(331701) 選舉(8292) 一(3701681) 到(546906) 不論(28127) 朝野(1679) 政黨(4138) 都(1125846) 競相(912) 亂開(88) 競選(3735) 支票(2673) 亂放(197) 利多(357) 消息(37528) 表面(20092) 上(1233218) 嚴查(152) 賄選(357) 暗地裡(680) 政策(30965) 買票(194) 這(2114032) 又(535555) 是(4642407) 什麼(431321) 道德(25153) 標準(31106),"{'High': 29, 'Low': 1}","{'第1級': 8, '第1*級': 2, '第2級': 1, '第5級': 3, '第4級': 1, '第6級': 2, '第7級': 1, 'Unknown': 7, '第3級': 1, '第4*級': 3, '第3*級': 1}",1,Y,Y,N,N
一位民進黨大老就曾公開表示：「誠信不是政治人物的道德」。,一 位 民進黨 大老 就 曾 公開 表示 誠信 不 是 政治 人物 的 道德,15,一(3701681) 位(284809) 民進黨(2844) 大老(853) 就(1737544) 曾(132981) 公開(19118) 表示(74452) 誠信(1697) 不(2282521) 是(4642407) 政治(79504) 人物(52614) 的(16029838) 道德(25153),{'High': 15},"{'第1級': 6, 'Unknown': 2, '第7級': 1, '第4級': 2, '第4*級': 3, '第6級': 1}",1,Y,N,N,Y
朱高正更說：「政治就是高明的騙術」。,朱高正 更 說 政治 就 是 高明 的 騙術,9,朱高正(70) 更(361676) 說(1285247) 政治(79504) 就(1737544) 是(4642407) 高明(5411) 的(16029838) 騙術(244),"{'Low': 1, 'High': 8}","{'Unknown': 3, '第1級': 4, '第4級': 1, '第5級': 1}",1,Y,N,N,Y
若以婚外情或緋聞案來說，不少民意代表擁有小情人不只三、四個，這些觀念和行為合乎道德標準嗎？,若 以 婚外情 或 緋聞案 來 說 不少 民意代表 擁有 小 情人 不只 三 四 個 這些 觀念 和 行為 合乎 道德 標準 嗎,24,若(92766) 以(547785) 婚外情(824) 或(478077) 緋聞案(14) 來(742183) 說(1285247) 不少(35256) 民意代表(Unknown) 擁有(55809) 小(318835) 情人(5848) 不只(20841) 三(313861) 四(141667) 個(2296574) 這些(315113) 觀念(39915) 和(1338337) 行為(97450) 合乎(3887) 道德(25153) 標準(31106) 嗎(248249),"{'High': 22, 'Low': 2}","{'Unknown': 8, '第5級': 4, '第3級': 1, '第1級': 7, '第4級': 1, '第6級': 1, '第4*級': 1, '第3*級': 1}",3,Y,Y,N,N
政治人物私下常談的，其實不是道德，而是如何當選和掌權。,政治 人物 私下 常 談 的 其實 不 是 道德 而是 如何 當選 和 掌權,15,政治(79504) 人物(52614) 私下(4454) 常(86207) 談(44043) 的(16029838) 其實(109290) 不(2282521) 是(4642407) 道德(25153) 而是(74258) 如何(148068) 當選(3469) 和(1338337) 掌權(1683),{'High': 15},"{'第4級': 1, 'Unknown': 3, '第5級': 3, '第1*級': 1, '第3*級': 2, '第1級': 3, '第4*級': 1, '第6級': 1}",0,Y,Y,N,N
為了保衛政權和保住職位，他們往往奇招盡出、不擇手段。,為了 保衛 政權 和 保住 職位 他們 往往 奇招 盡出 不擇手段,11,為了(Unknown) 保衛(2171) 政權(12372) 和(1338337) 保住(3063) 職位(7584) 他們(716752) 往往(41388) 奇招(149) 盡出(178) 不擇手段(1005),"{'Low': 1, 'High': 10}","{'Unknown': 6, '第6級': 1, '第5級': 1, '第1級': 1, '第4*級': 1, '第7級': 1}",1,Y,Y,N,N
如此一來，還能談仁義道德嗎？,如此一來 還 能 談 仁義 道德 嗎,7,如此一來(6554) 還(625086) 能(582260) 談(44043) 仁義(1766) 道德(25153) 嗎(248249),{'High': 7},"{'Unknown': 2, '第1*級': 1, '第3*級': 1, '第6級': 1, '第4*級': 1, '第1級': 1}",1,Y,N,N,N
我們當然希望政治人物都是有道德的人，因為「君子之德風，小人之德草」，他們以身作則可收風吹草偃之效。,我們 當然 希望 政治 人物 都 是 有 道德 的 人 因為 君子 之 德 風 小人 之 德 草 他們 以身作則 可 收 風吹草偃 之 效,27,我們(979260) 當然(113971) 希望(119975) 政治(79504) 人物(52614) 都(1125846) 是(4642407) 有(2217079) 道德(25153) 的(16029838) 人(1550512) 因為(425061) 君子(8352) 之(875481) 德(11250) 風(30613) 小人(5834) 之(875481) 德(11250) 草(11559) 他們(716752) 以身作則(982) 可(307359) 收(15831) 風吹草偃(6) 之(875481) 效(1598),"{'High': 26, 'Low': 1}","{'第1級': 7, '第2級': 2, '第4級': 1, 'Unknown': 5, '第4*級': 2, '第1*級': 2, '第6級': 3, '第5級': 3, '第2*級': 1, '第3級': 1}",2,Y,Y,N,N
只是面對國內外政壇的污濁現況，此一願望大概很難達成吧？,只是 面對 國內外 政壇 的 污濁 現況 此 一 願望 大概 很 難 達成 吧,15,只是(96536) 面對(62914) 國內外(1883) 政壇(1881) 的(16029838) 污濁(386) 現況(2710) 此(288458) 一(3701681) 願望(7147) 大概(37780) 很(715675) 難(75701) 達成(19667) 吧(184477),{'High': 15},"{'第4級': 2, '第4*級': 1, 'Unknown': 3, '第6級': 3, '第1級': 4, '第5級': 1, '第3級': 1}",1,Y,Y,N,N
此一願望大概很難達成吧？,此 一 願望 大概 很 難 達成 吧,8,此(288458) 一(3701681) 願望(7147) 大概(37780) 很(715675) 難(75701) 達成(19667) 吧(184477),{'High': 8},"{'第5級': 1, '第1級': 3, '第4級': 1, '第3級': 1, 'Unknown': 1, '第6級': 1}",0,Y,N,N,N
日前，就在「兩岸和平統一促進會」會長梁肅戎由大陸返台的同時，行政院院長蕭萬長在立法院強調：如果能夠在對等尊嚴的情況下，達到兩岸和平及民主統一的目標，政府樂見「李江會」的發展；而海基會副董事長許惠祐則在北京和大陸海協會副會長唐樹備共進晚餐。,日前 就 在 兩岸 和平 統一 促進會 會長 梁肅戎 由 大陸 返台 的 同時 行政院 院長 蕭萬長 在 立法院 強調 如果 能夠 在 對等 尊嚴 的 情況 下 達到 兩岸 和平 及 民主 統一 的 目標 政府 樂見 李江會 的 發展 而 海基會 副董事長 許惠祐 則 在 北京 和 大陸 海協會 副會長 唐樹備 共進 晚餐,55,日前(1738) 就(1737544) 在(3284238) 兩岸(6984) 和平(14127) 統一(14407) 促進會(269) 會長(3381) 梁肅戎(59) 由(208604) 大陸(27031) 返台(650) 的(16029838) 同時(115305) 行政院(4347) 院長(5857) 蕭萬長(116) 在(3284238) 立法院(1934) 強調(36095) 如果(322121) 能夠(96422) 在(3284238) 對等(1183) 尊嚴(5963) 的(16029838) 情況(92301) 下(329549) 達到(35670) 兩岸(6984) 和平(14127) 及(304586) 民主(18177) 統一(14407) 的(16029838) 目標(62638) 政府(92663) 樂見(654) 李江會(Unknown) 的(16029838) 發展(117494) 而(937923) 海基會(161) 副董事長(434) 許惠祐(5) 則(254096) 在(3284238) 北京(36363) 和(1338337) 大陸(27031) 海協會(86) 副會長(309) 唐樹備(5) 共進(1283) 晚餐(10044),"{'High': 50, 'Low': 5}","{'第7級': 1, '第1級': 5, '第1*級': 6, 'Unknown': 23, '第4級': 7, '第4*級': 4, '第3*級': 3, '第5級': 4, '第2級': 1, '第6級': 1}",12,Y,Y,N,Y
兩岸談判終於出現善意、樂觀的氣氛。,兩岸 談判 終於 出現 善意 樂觀 的 氣氛,8,兩岸(6984) 談判(6935) 終於(59622) 出現(124694) 善意(3808) 樂觀(10259) 的(16029838) 氣氛(16132),{'High': 8},"{'Unknown': 1, '第6級': 2, '第4級': 2, '第4*級': 2, '第1級': 1}",0,Y,N,N,N
對此種友善、良性的互動關係，我們不得不說，這是兩岸間，由民間至政府共同努力的成果。,對 此 種 友善 良性 的 互動 關係 我們 不得不 說 這 是 兩岸 間 由 民間 至 政府 共同 努力 的 成果,23,對(897964) 此(288458) 種(701563) 友善(5677) 良性(1215) 的(16029838) 互動(21463) 關係(162883) 我們(979260) 不得不(19838) 說(1285247) 這(2114032) 是(4642407) 兩岸(6984) 間(115638) 由(208604) 民間(16236) 至(101530) 政府(92663) 共同(36636) 努力(62566) 的(16029838) 成果(16253),{'High': 23},"{'第1級': 7, '第5級': 3, 'Unknown': 4, '第4*級': 4, '第3級': 1, '第4級': 3, '第2級': 1}",1,Y,Y,N,N
然相應於此者，亦有部分人開始質疑和統會所扮演的角色、功能和言論代表性。,然 相應 於 此 者 亦 有 部分 人 開始 質疑 和統會 所 扮演 的 角色 功能 和 言論 代表性,20,然(6771) 相應(4035) 於(327210) 此(288458) 者(423504) 亦(68507) 有(2217079) 部分(82518) 人(1550512) 開始(245562) 質疑(9842) 和統會(Unknown) 所(527327) 扮演(20021) 的(16029838) 角色(52422) 功能(38600) 和(1338337) 言論(6961) 代表性(3248),"{'High': 19, 'Low': 1}","{'Unknown': 5, '第6級': 3, '第5級': 3, '第1級': 3, '第2級': 3, '第4*級': 2, '第4級': 1}",2,Y,Y,N,N
不僅僅是和統會，所有的民間團體在兩岸間到底扮演何種角色、對兩岸溝通管道的建立有何作用、民意的代表性如何等，乃至於這樣的溝通管道會不會取代現有的官方談判管道，而成為第二管道，都是有待進一步探討的課題。,不僅僅 是 和統會 所有 的 民間 團體 在 兩岸 間 到底 扮演 何 種 角色 對 兩岸 溝通 管道 的 建立 有 何 作用 民意 的 代表性 如何 等 乃至於 這樣 的 溝通 管道 會不會 取代 現有 的 官方 談判 管道 而 成為 第二 管道 都 是 有待 進一步 探討 的 課題,52,不僅僅(3346) 是(4642407) 和統會(Unknown) 所有(146771) 的(16029838) 民間(16236) 團體(30852) 在(3284238) 兩岸(6984) 間(115638) 到底(41946) 扮演(20021) 何(46992) 種(701563) 角色(52422) 對(897964) 兩岸(6984) 溝通(31533) 管道(7455) 的(16029838) 建立(52946) 有(2217079) 何(46992) 作用(37837) 民意(4069) 的(16029838) 代表性(3248) 如何(148068) 等(327380) 乃至於(999) 這樣(288344) 的(16029838) 溝通(31533) 管道(7455) 會不會(13526) 取代(14551) 現有(5925) 的(16029838) 官方(9319) 談判(6935) 管道(7455) 而(937923) 成為(143834) 第二(98741) 管道(7455) 都(1125846) 是(4642407) 有待(2538) 進一步(25130) 探討(17823) 的(16029838) 課題(6724),"{'High': 51, 'Low': 1}","{'Unknown': 14, '第1級': 11, '第2級': 1, '第4*級': 5, '第4級': 3, '第1*級': 1, '第5級': 11, '第6級': 4, '第3*級': 1, '第3級': 1}",6,Y,Y,N,N
無可否認的，作為民間團體的和統會，首要之功能即在溝通兩岸的民意。,無可 否認 的 作為 民間 團體 的 和統會 首要 之 功能 即 在 溝通 兩岸 的 民意,17,無可(6563) 否認(8670) 的(16029838) 作為(58009) 民間(16236) 團體(30852) 的(16029838) 和統會(Unknown) 首要(3630) 之(875481) 功能(38600) 即(110826) 在(3284238) 溝通(31533) 兩岸(6984) 的(16029838) 民意(4069),"{'High': 16, 'Low': 1}","{'Unknown': 3, '第5級': 3, '第1級': 3, '第4*級': 1, '第4級': 3, '第6級': 3, '第1*級': 1}",1,Y,N,N,N
此次梁肅戎赴北京、上海和中共領導人江澤民、錢其琛、汪道涵見面，曾當面向中共表達「台灣人民要和平，不要戰爭」的意向。,此 次 梁肅戎 赴 北京 上海 和 中共 領導人 江澤民 錢其琛 汪道涵 見面 曾 當面 向 中共 表達 台灣 人民 要 和平 不要 戰爭 的 意向,26,此(288458) 次(331701) 梁肅戎(59) 赴(12878) 北京(36363) 上海(21693) 和(1338337) 中共(19399) 領導人(9526) 江澤民(3306) 錢其琛(129) 汪道涵(106) 見面(13096) 曾(132981) 當面(2903) 向(231672) 中共(19399) 表達(34582) 台灣(130718) 人民(36441) 要(851264) 和平(14127) 不要(101931) 戰爭(42758) 的(16029838) 意向(1315),"{'High': 25, 'Low': 1}","{'第5級': 2, '第2級': 2, 'Unknown': 12, '第6級': 1, '第2*級': 1, '第4級': 3, '第4*級': 2, '第1級': 3}",5,Y,Y,N,Y
這不僅是見諸台灣的民間議論、民意測驗，更是超越黨派的共同認知。,這 不僅 是 見 諸 台灣 的 民間 議論 民意 測驗 更 是 超越 黨派 的 共同 認知,18,這(2114032) 不僅(43138) 是(4642407) 見(179113) 諸(29701) 台灣(130718) 的(16029838) 民間(16236) 議論(4274) 民意(4069) 測驗(11881) 更(361676) 是(4642407) 超越(16080) 黨派(1250) 的(16029838) 共同(36636) 認知(22864),{'High': 18},"{'第1級': 6, 'Unknown': 3, '第1*級': 1, '第4*級': 2, '第6級': 4, '第5級': 1, '第4級': 1}",0,Y,Y,N,N
但中共卻因兩岸隔閡、實際接觸面有限，而缺乏深刻的體認。,但 中共 卻 因 兩岸 隔閡 實際 接觸面 有限 而 缺乏 深刻 的 體認,14,但(597124) 中共(19399) 卻(333007) 因(119364) 兩岸(6984) 隔閡(1349) 實際(52755) 接觸面(80) 有限(17290) 而(937923) 缺乏(27750) 深刻(16783) 的(16029838) 體認(1826),"{'High': 13, 'Low': 1}","{'第2級': 1, 'Unknown': 4, '第4級': 1, '第6級': 2, '第4*級': 2, '第5級': 3, '第1級': 1}",1,Y,Y,N,Y
現在由民間團體當面表達，實有助於中共更深切體會台灣的民意趨向。,現在 由 民間 團體 當面 表達 實 有助於 中共 更 深切 體會 台灣 的 民意 趨向,16,現在(218744) 由(208604) 民間(16236) 團體(30852) 當面(2903) 表達(34582) 實(17029) 有助於(9351) 中共(19399) 更(361676) 深切(2283) 體會(9519) 台灣(130718) 的(16029838) 民意(4069) 趨向(1988),{'High': 16},"{'第1級': 3, '第4*級': 3, '第4級': 1, '第5級': 2, 'Unknown': 5, '第6級': 2}",1,Y,N,N,Y
其次，則是促進台灣了解中共的政策底線。,其次 則 是 促進 台灣 了解 中共 的 政策 底線,10,其次(8985) 則(254096) 是(4642407) 促進(10265) 台灣(130718) 了解(82970) 中共(19399) 的(16029838) 政策(30965) 底線(1386),{'High': 10},"{'第5級': 2, '第1級': 3, '第6級': 1, '第3*級': 1, 'Unknown': 2, '第4*級': 1}",0,Y,Y,N,Y
中共向和統會明白表示：中共同意兩方對等談判，甚至承認兩岸制度不同的現實，同時對「一個中國」的定義，也不再是非中華人民共和國不可，而是「一個中性的、未來統一的中國」。,中共 向 和統會 明白 表示 中共 同意 兩 方 對等 談判 甚至 承認 兩岸 制度 不同 的 現實 同時 對 一 個 中國 的 定義 也 不再 是 非 中華 人民 共和國 不可 而是 一 個 中性 的 未來 統一 的 中國,42,中共(19399) 向(231672) 和統會(Unknown) 明白(50011) 表示(74452) 中共(19399) 同意(30620) 兩(526190) 方(33724) 對等(1183) 談判(6935) 甚至(122502) 承認(25871) 兩岸(6984) 制度(37973) 不同(159432) 的(16029838) 現實(34782) 同時(115305) 對(897964) 一(3701681) 個(2296574) 中國(214840) 的(16029838) 定義(16392) 也(1590760) 不再(51754) 是(4642407) 非(112415) 中華(8450) 人民(36441) 共和國(3820) 不可(50808) 而是(74258) 一(3701681) 個(2296574) 中性(1400) 的(16029838) 未來(54445) 統一(14407) 的(16029838) 中國(214840),"{'High': 41, 'Low': 1}","{'Unknown': 10, '第2級': 1, '第4級': 3, '第4*級': 6, '第3級': 2, '第1級': 14, '第3*級': 2, '第6級': 1, '第5級': 3}",2,Y,Y,N,Y
此種態度，雖非中共首次表示，但在兩岸重開談判之門的此刻，顯現較為寬鬆的政策方針，無疑讓海基會有更大的迴旋空間，並有利於談判的進行。,此 種 態度 雖 非 中共 首次 表示 但 在 兩岸 重開 談判 之 門 的 此刻 顯現 較為 寬鬆 的 政策 方針 無疑 讓 海基會 有 更 大 的 迴旋 空間 並 有利於 談判 的 進行,37,此(288458) 種(701563) 態度(56470) 雖(48164) 非(112415) 中共(19399) 首次(2918) 表示(74452) 但(597124) 在(3284238) 兩岸(6984) 重開(194) 談判(6935) 之(875481) 門(78834) 的(16029838) 此刻(12496) 顯現(5473) 較為(8058) 寬鬆(1743) 的(16029838) 政策(30965) 方針(3460) 無疑(9238) 讓(526314) 海基會(161) 有(2217079) 更(361676) 大(525780) 的(16029838) 迴旋(870) 空間(52519) 並(442790) 有利於(2951) 談判(6935) 的(16029838) 進行(100298),{'High': 37},"{'第5級': 6, 'Unknown': 11, '第4級': 2, '第2級': 3, '第4*級': 3, '第1*級': 2, '第6級': 3, '第1級': 6, '第7級': 1}",2,Y,Y,N,Y
職是之故，作為民間團體的和統會有雙重功能，一方面可促進中共了解台灣；另一方面可讓台灣更了解中共對台政策，以作為民間認知、官方談判的基礎。,職 是 之 故 作為 民間 團體 的 和統會 有 雙重 功能 一方面 可 促進 中共 了解 台灣 另一方面 可 讓 台灣 更 了解 中共 對 台 政策 以 作為 民間 認知 官方 談判 的 基礎,36,職(7196) 是(4642407) 之(875481) 故(28882) 作為(58009) 民間(16236) 團體(30852) 的(16029838) 和統會(Unknown) 有(2217079) 雙重(4706) 功能(38600) 一方面(15897) 可(307359) 促進(10265) 中共(19399) 了解(82970) 台灣(130718) 另一方面(15696) 可(307359) 讓(526314) 台灣(130718) 更(361676) 了解(82970) 中共(19399) 對(897964) 台(29325) 政策(30965) 以(547785) 作為(58009) 民間(16236) 認知(22864) 官方(9319) 談判(6935) 的(16029838) 基礎(39682),"{'High': 35, 'Low': 1}","{'Unknown': 6, '第1級': 7, '第5級': 4, '第6級': 6, '第4*級': 7, '第4級': 2, '第3*級': 2, '第2級': 2}",3,Y,Y,N,Y
而在對等談判、法統問題上，和統會向中共提出：兩岸的對等談判不應有誰優先、誰第一的問題，而是「無條件談判，有條件協定」，至於談判中所涉及最關鍵的「法統」問題，和統會建議：兩岸應廣邀各黨派另訂新憲，則前述之「一個中性的、未來統一的中國」才能成為可能。,而 在 對等 談判 法統 問題 上 和統會 向 中共 提出 兩岸 的 對等 談判 不 應 有 誰 優先 誰 第一 的 問題 而是 無條件 談判 有 條件 協定 至於 談判 中 所 涉及 最 關鍵 的 法統 問題 和統會 建議 兩岸 應 廣邀 各 黨派 另訂 新 憲 則 前述 之 一 個 中性 的 未來 統一 的 中國 才 能 成為 可能,65,而(937923) 在(3284238) 對等(1183) 談判(6935) 法統(208) 問題(280782) 上(1233218) 和統會(Unknown) 向(231672) 中共(19399) 提出(63073) 兩岸(6984) 的(16029838) 對等(1183) 談判(6935) 不(2282521) 應(82417) 有(2217079) 誰(110452) 優先(6299) 誰(110452) 第一(172544) 的(16029838) 問題(280782) 而是(74258) 無條件(844) 談判(6935) 有(2217079) 條件(36308) 協定(2810) 至於(39363) 談判(6935) 中(1011729) 所(527327) 涉及(9123) 最(421680) 關鍵(25952) 的(16029838) 法統(208) 問題(280782) 和統會(Unknown) 建議(45709) 兩岸(6984) 應(82417) 廣邀(71) 各(243023) 黨派(1250) 另訂(Unknown) 新(212453) 憲(833) 則(254096) 前述(4204) 之(875481) 一(3701681) 個(2296574) 中性(1400) 的(16029838) 未來(54445) 統一(14407) 的(16029838) 中國(214840) 才(394539) 能(582260) 成為(143834) 可能(271025),"{'High': 61, 'Low': 4}","{'第5級': 8, '第1*級': 3, 'Unknown': 18, '第6級': 8, '第1級': 19, '第2級': 5, '第4級': 2, '第3*級': 1, '第4*級': 1}",3,Y,Y,N,Y
這一點，中共方面在北京未有正面回應，但在上海，汪道涵就說得非常清楚，認為這是值得在兩岸大加宣揚的想法，而且與鄧小平、江澤民的政策原則相符合。,這 一點 中共 方面 在 北京 未 有 正面 回應 但 在 上海 汪道涵 就 說 得 非常 清楚 認為 這 是 值得 在 兩岸 大加 宣揚 的 想法 而且 與 鄧小平 江澤民 的 政策 原則 相符合,37,這(2114032) 一點(90745) 中共(19399) 方面(75079) 在(3284238) 北京(36363) 未(101927) 有(2217079) 正面(16915) 回應(19332) 但(597124) 在(3284238) 上海(21693) 汪道涵(106) 就(1737544) 說(1285247) 得(573721) 非常(152032) 清楚(76185) 認為(192030) 這(2114032) 是(4642407) 值得(34362) 在(3284238) 兩岸(6984) 大加(878) 宣揚(2902) 的(16029838) 想法(54022) 而且(180402) 與(968432) 鄧小平(4444) 江澤民(3306) 的(16029838) 政策(30965) 原則(31148) 相符合(Unknown),"{'High': 36, 'Low': 1}","{'第1級': 8, '第1*級': 5, 'Unknown': 10, '第3*級': 1, '第5級': 3, '第2級': 4, '第4級': 1, '第6級': 1, '第3級': 1, '第4*級': 3}",4,Y,Y,N,Y
事實上，有關鄧小平在兩岸處理國旗、國號、國歌的問題上，是採取相當寬鬆的政策，他認為只要兩岸可以達成統一，則國旗、國號、國歌都可以透過兩岸談判來決定，而兩岸間另訂新憲法以為法統，另定一個共同可以接受的國旗、國號，又有何不可能？,事實 上 有關 鄧小平 在 兩岸 處理 國旗 國號 國歌 的 問題 上 是 採取 相當 寬鬆 的 政策 他 認為 只要 兩 岸 可以 達成 統一 則 國旗 國號 國歌 都 可以 透過 兩岸 談判 來 決定 而 兩岸 間 另訂 新 憲法 以 為 法統 另 定 一 個 共同 可以 接受 的 國旗 國號 又 有 何 不可能,61,事實(84995) 上(1233218) 有關(69607) 鄧小平(4444) 在(3284238) 兩岸(6984) 處理(61797) 國旗(1659) 國號(865) 國歌(524) 的(16029838) 問題(280782) 上(1233218) 是(4642407) 採取(30585) 相當(66293) 寬鬆(1743) 的(16029838) 政策(30965) 他(2487930) 認為(192030) 只要(99140) 兩(526190) 岸(7654) 可以(560531) 達成(19667) 統一(14407) 則(254096) 國旗(1659) 國號(865) 國歌(524) 都(1125846) 可以(560531) 透過(63117) 兩岸(6984) 談判(6935) 來(742183) 決定(101837) 而(937923) 兩岸(6984) 間(115638) 另訂(Unknown) 新(212453) 憲法(4467) 以(547785) 為(761341) 法統(208) 另(138369) 定(18743) 一(3701681) 個(2296574) 共同(36636) 可以(560531) 接受(84729) 的(16029838) 國旗(1659) 國號(865) 又(535555) 有(2217079) 何(46992) 不可能(41626),"{'High': 60, 'Low': 1}","{'第4級': 4, '第1級': 18, 'Unknown': 17, '第1*級': 2, '第4*級': 4, '第5級': 8, '第3級': 3, '第2級': 2, '第6級': 3}",2,Y,Y,N,Y
尤有進者，在辜汪會談前夕，中共透過和統會所傳達的訊息，不無向台灣表明，「一個中國原則」已回到首次辜汪會談時的各自表述，這應可視為北京對辜汪會晤所展現的善意。,尤有進者 在 辜 汪 會談 前夕 中共 透過 和統會 所 傳達 的 訊息 不無 向 台灣 表明 一 個 中國 原則 已 回到 首次 辜 汪 會談 時 的 各自 表述 這 應 可 視為 北京 對 辜 汪 會晤 所 展現 的 善意,44,尤有進者(Unknown) 在(3284238) 辜(465) 汪(2976) 會談(3062) 前夕(2814) 中共(19399) 透過(63117) 和統會(Unknown) 所(527327) 傳達(8544) 的(16029838) 訊息(33515) 不無(1812) 向(231672) 台灣(130718) 表明(7686) 一(3701681) 個(2296574) 中國(214840) 原則(31148) 已(215610) 回到(60084) 首次(2918) 辜(465) 汪(2976) 會談(3062) 時(623734) 的(16029838) 各自(14976) 表述(1717) 這(2114032) 應(82417) 可(307359) 視為(26535) 北京(36363) 對(897964) 辜(465) 汪(2976) 會晤(894) 所(527327) 展現(15289) 的(16029838) 善意(3808),"{'Low': 2, 'High': 42}","{'Unknown': 14, '第1*級': 1, '第6級': 5, '第5級': 5, '第2級': 4, '第1級': 9, '第4*級': 3, '第3級': 1, '第3*級': 1, '第7級': 1}",2,Y,N,N,Y
然而，政府仍然憂心者在於：和統會在北京受到「高規格」的對待，並成為重要訊息溝通管道，這是不是中共統戰策略的運用？,然而 政府 仍然 憂心 者 在於 和統會 在 北京 受到 高 規格 的 對待 並 成為 重要 訊息 溝通 管道 這 是 不 是 中共 統戰 策略 的 運用,29,然而(94482) 政府(92663) 仍然(46200) 憂心(2430) 者(423504) 在於(37953) 和統會(Unknown) 在(3284238) 北京(36363) 受到(66513) 高(128858) 規格(2385) 的(16029838) 對待(13594) 並(442790) 成為(143834) 重要(154863) 訊息(33515) 溝通(31533) 管道(7455) 這(2114032) 是(4642407) 不(2282521) 是(4642407) 中共(19399) 統戰(331) 策略(35734) 的(16029838) 運用(35916),"{'High': 28, 'Low': 1}","{'第5級': 6, '第4級': 4, '第6級': 3, 'Unknown': 5, '第1*級': 1, '第1級': 7, '第4*級': 2, '第2級': 1}",1,Y,Y,N,Y
而民間團體的地位若逐步提升，甚至可能取代官方正式溝通管道，則海基會的功能會不會喪失？,而 民間 團體 的 地位 若 逐步 提升 甚至 可能 取代 官方 正式 溝通 管道 則 海基會 的 功能 會不會 喪失,21,而(937923) 民間(16236) 團體(30852) 的(16029838) 地位(36831) 若(92766) 逐步(5563) 提升(17122) 甚至(122502) 可能(271025) 取代(14551) 官方(9319) 正式(23229) 溝通(31533) 管道(7455) 則(254096) 海基會(161) 的(16029838) 功能(38600) 會不會(13526) 喪失(8774),{'High': 21},"{'第5級': 5, '第4*級': 2, '第4級': 4, '第1級': 3, 'Unknown': 3, '第6級': 3, '第3*級': 1}",2,Y,Y,N,N
民間管道會不會取代「第一管道」呢？,民間 管道 會不會 取代 第一 管道 呢,7,民間(16236) 管道(7455) 會不會(13526) 取代(14551) 第一(172544) 管道(7455) 呢(204566),{'High': 7},"{'第4*級': 1, '第5級': 3, 'Unknown': 1, '第2級': 1, '第1級': 1}",1,Y,N,N,N
此處所應澄清的觀念是：政府如何定位民間團體的角色、功能與政府正式談判管道間的差別。,此 處 所 應 澄清 的 觀念 是 政府 如何 定位 民間 團體 的 角色 功能 與 政府 正式 談判 管道 間 的 差別,24,此(288458) 處(84410) 所(527327) 應(82417) 澄清(2964) 的(16029838) 觀念(39915) 是(4642407) 政府(92663) 如何(148068) 定位(7215) 民間(16236) 團體(30852) 的(16029838) 角色(52422) 功能(38600) 與(968432) 政府(92663) 正式(23229) 談判(6935) 管道(7455) 間(115638) 的(16029838) 差別(10648),{'High': 24},"{'第5級': 3, 'Unknown': 3, '第2級': 1, '第6級': 3, '第1級': 4, '第4級': 5, '第4*級': 4, '第3*級': 1}",0,Y,Y,N,N
事實上，不僅是和統會，台灣有不少團體黨派與大陸都有交流。,事實 上 不僅 是 和統會 台灣 有 不少 團體 黨派 與 大陸 都 有 交流,15,事實(84995) 上(1233218) 不僅(43138) 是(4642407) 和統會(Unknown) 台灣(130718) 有(2217079) 不少(35256) 團體(30852) 黨派(1250) 與(968432) 大陸(27031) 都(1125846) 有(2217079) 交流(10657),"{'High': 14, 'Low': 1}","{'第4級': 2, '第1級': 6, 'Unknown': 3, '第6級': 1, '第4*級': 2, '第3*級': 1}",1,Y,Y,N,N
民進黨相關領導者即曾有意組團赴大陸參觀訪問，而個別的私人訪問與會晤，更有助於了解中共的對台政策，而能免於誤判所帶來的傷害。,民進黨 相關 領導 者 即 曾 有意 組團 赴 大陸 參觀 訪問 而 個別 的 私人 訪問 與 會晤 更 有助於 了解 中共 的 對 台 政策 而 能 免於 誤判 所 帶來 的 傷害,35,民進黨(2844) 相關(41599) 領導(27789) 者(423504) 即(110826) 曾(132981) 有意(7824) 組團(228) 赴(12878) 大陸(27031) 參觀(9034) 訪問(12881) 而(937923) 個別(9906) 的(16029838) 私人(12403) 訪問(12881) 與(968432) 會晤(894) 更(361676) 有助於(9351) 了解(82970) 中共(19399) 的(16029838) 對(897964) 台(29325) 政策(30965) 而(937923) 能(582260) 免於(3101) 誤判(627) 所(527327) 帶來(40305) 的(16029838) 傷害(22978),{'High': 35},"{'Unknown': 8, '第4*級': 4, '第5級': 6, '第6級': 3, '第4級': 3, '第3*級': 4, '第1級': 4, '第2級': 2, '第1*級': 1}",2,Y,Y,N,Y
但無論是民進黨、和統會或其他黨派團體，它所代表的不同意識形態、民意團體、社會基礎都有侷限性，民間的性質終究無法取代政府所代表的正式身分，更不可能取代政府的公權力性質。,但 無論 是 民進黨 和統會 或 其他 黨派 團體 它 所 代表 的 不同 意識 形態 民意 團體 社會 基礎 都 有 侷限性 民間 的 性質 終究 無法 取代 政府 所 代表 的 正式 身分 更 不可能 取代 政府 的 公權力 性質,42,但(597124) 無論(37021) 是(4642407) 民進黨(2844) 和統會(Unknown) 或(478077) 其他(189445) 黨派(1250) 團體(30852) 它(316854) 所(527327) 代表(58333) 的(16029838) 不同(159432) 意識(49648) 形態(15274) 民意(4069) 團體(30852) 社會(176660) 基礎(39682) 都(1125846) 有(2217079) 侷限性(144) 民間(16236) 的(16029838) 性質(11550) 終究(7789) 無法(150606) 取代(14551) 政府(92663) 所(527327) 代表(58333) 的(16029838) 正式(23229) 身分(22196) 更(361676) 不可能(41626) 取代(14551) 政府(92663) 的(16029838) 公權力(598) 性質(11550),"{'High': 41, 'Low': 1}","{'第2級': 4, '第4級': 7, '第1級': 7, 'Unknown': 6, '第3級': 2, '第6級': 4, '第1*級': 1, '第5級': 6, '第3*級': 2, '第4*級': 3}",5,Y,Y,N,Y
以海基會來說，兩會談判過程中所涉及的遣返協會、共同打擊犯罪、漁業糾紛處理、投資保障協定等，都必須有政府的公權力作基礎，始具備談判條件。,以 海基會 來 說 兩 會 談判 過程 中 所 涉及 的 遣返 協會 共同 打擊 犯罪 漁業 糾紛 處理 投資 保障 協定 等 都 必須 有 政府 的 公權力 作 基礎 始 具備 談判 條件,36,以(547785) 海基會(161) 來(742183) 說(1285247) 兩(526190) 會(1014977) 談判(6935) 過程(87889) 中(1011729) 所(527327) 涉及(9123) 的(16029838) 遣返(653) 協會(13492) 共同(36636) 打擊(11256) 犯罪(11684) 漁業(804) 糾紛(2814) 處理(61797) 投資(38191) 保障(7072) 協定(2810) 等(327380) 都(1125846) 必須(170592) 有(2217079) 政府(92663) 的(16029838) 公權力(598) 作(78184) 基礎(39682) 始(9693) 具備(13398) 談判(6935) 條件(36308),{'High': 36},"{'第5級': 7, 'Unknown': 7, '第1級': 7, '第1*級': 1, '第6級': 4, '第2級': 1, '第4級': 3, '第4*級': 4, '第3*級': 1, '第3級': 1}",2,Y,Y,N,N
這一點，民間團體清楚，中共更清楚。,這 一 點 民間 團體 清楚 中共 更 清楚,9,這(2114032) 一(3701681) 點(118735) 民間(16236) 團體(30852) 清楚(76185) 中共(19399) 更(361676) 清楚(76185),{'High': 9},"{'第1級': 3, '第4*級': 1, '第4級': 1, '第2級': 2, 'Unknown': 2}",0,Y,N,N,Y
因而民間團體所形成的溝通管道，無論是任何意識形態、黨派，都只能代表部分的台灣民意，政府實不必過度敏感焦慮，而急急於否定民間團體的作用。,因而 民間 團體 所 形成 的 溝通 管道 無論 是 任何 意識 形態 黨派 都 只 能 代表 部分 的 台灣 民意 政府 實 不必 過度 敏感 焦慮 而 急急 於 否定 民間 團體 的 作用,36,因而(29060) 民間(16236) 團體(30852) 所(527327) 形成(47486) 的(16029838) 溝通(31533) 管道(7455) 無論(37021) 是(4642407) 任何(131795) 意識(49648) 形態(15274) 黨派(1250) 都(1125846) 只(436725) 能(582260) 代表(58333) 部分(82518) 的(16029838) 台灣(130718) 民意(4069) 政府(92663) 實(17029) 不必(29161) 過度(17175) 敏感(12359) 焦慮(16383) 而(937923) 急急(1631) 於(327210) 否定(9670) 民間(16236) 團體(30852) 的(16029838) 作用(37837),{'High': 36},"{'第5級': 10, '第4*級': 3, '第4級': 6, '第2級': 2, '第6級': 4, '第1級': 6, '第1*級': 2, 'Unknown': 2, '第3級': 1}",0,Y,Y,N,N
反之，由和統會的作用看，政府更應積極運用民間資源，多方蒐集資訊，並藉由民間團體的多元聲音，讓中共了解台灣的多元化社會特性。,反之 由 和統會 的 作用 看 政府 更 應 積極 運用 民間 資源 多方 蒐集 資訊 並 藉由 民間 團體 的 多元 聲音 讓 中共 了解 台灣 的 多元化 社會 特性,31,反之(3985) 由(208604) 和統會(Unknown) 的(16029838) 作用(37837) 看(444691) 政府(92663) 更(361676) 應(82417) 積極(24247) 運用(35916) 民間(16236) 資源(27580) 多方(1720) 蒐集(7173) 資訊(37848) 並(442790) 藉由(15664) 民間(16236) 團體(30852) 的(16029838) 多元(10941) 聲音(85694) 讓(526314) 中共(19399) 了解(82970) 台灣(130718) 的(16029838) 多元化(2174) 社會(176660) 特性(12673),"{'High': 30, 'Low': 1}","{'Unknown': 7, '第4*級': 6, '第1級': 4, '第5級': 4, '第4級': 4, '第6級': 2, '第2級': 2, '第3*級': 2}",2,Y,Y,N,Y
透過各種管道的交流，讓中共真正了解台灣民意，台灣更了解中共的政策原則，則因誤解、誤判而生的各種衝突就能降到最低。,透過 各 種 管道 的 交流 讓 中共 真正 了解 台灣 民意 台灣 更 了解 中共 的 政策 原則 則 因 誤解 誤判 而 生 的 各 種 衝突 就 能 降到 最 低,34,透過(63117) 各(243023) 種(701563) 管道(7455) 的(16029838) 交流(10657) 讓(526314) 中共(19399) 真正(77318) 了解(82970) 台灣(130718) 民意(4069) 台灣(130718) 更(361676) 了解(82970) 中共(19399) 的(16029838) 政策(30965) 原則(31148) 則(254096) 因(119364) 誤解(5651) 誤判(627) 而(937923) 生(61638) 的(16029838) 各(243023) 種(701563) 衝突(27003) 就(1737544) 能(582260) 降到(2208) 最(421680) 低(32663),{'High': 34},"{'第5級': 5, '第2級': 3, 'Unknown': 8, '第1級': 6, '第4*級': 4, '第4級': 2, '第3*級': 2, '第6級': 1, '第1*級': 3}",0,Y,Y,N,Y
和統會的訪問已結束，而辜汪會則已進入最後的具體行程安排，兩岸僵局終有撥雲見日的開朗格局，此種氣氛的形成，民間團體的作用實功不可沒。,和統會 的 訪問 已 結束 而 辜 汪 會 則 已 進入 最後 的 具體 行程 安排 兩岸 僵局 終 有 撥雲見日 的 開朗 格局 此 種 氣氛 的 形成 民間 團體 的 作用 實 功不可沒,36,和統會(Unknown) 的(16029838) 訪問(12881) 已(215610) 結束(40669) 而(937923) 辜(465) 汪(2976) 會(1014977) 則(254096) 已(215610) 進入(66885) 最後(142102) 的(16029838) 具體(20349) 行程(5276) 安排(30105) 兩岸(6984) 僵局(1195) 終(12002) 有(2217079) 撥雲見日(180) 的(16029838) 開朗(2962) 格局(3549) 此(288458) 種(701563) 氣氛(16132) 的(16029838) 形成(47486) 民間(16236) 團體(30852) 的(16029838) 作用(37837) 實(17029) 功不可沒(520),"{'Low': 1, 'High': 35}","{'Unknown': 8, '第1級': 6, '第4級': 4, '第3級': 2, '第3*級': 1, '第5級': 5, '第1*級': 1, '第2級': 1, '第4*級': 3, '第6級': 4, '第7級': 1}",3,Y,Y,N,Y
它一方面向中共傳達台灣民間「要和平不要戰爭」的共同意願，以降低中共對台灣走向台獨的疑慮，緩和任何可能興起的武力衝突。,它 一 方面 向 中共 傳達 台灣 民間 要 和平 不 要 戰爭 的 共同 意願 以 降低 中共 對 台灣 走向 台獨 的 疑慮 緩和 任何 可能 興起 的 武力 衝突,32,它(316854) 一(3701681) 方面(75079) 向(231672) 中共(19399) 傳達(8544) 台灣(130718) 民間(16236) 要(851264) 和平(14127) 不(2282521) 要(851264) 戰爭(42758) 的(16029838) 共同(36636) 意願(6427) 以(547785) 降低(15638) 中共(19399) 對(897964) 台灣(130718) 走向(18382) 台獨(1225) 的(16029838) 疑慮(3628) 緩和(3103) 任何(131795) 可能(271025) 興起(6605) 的(16029838) 武力(4534) 衝突(27003),{'High': 32},"{'第1*級': 1, '第1級': 11, '第3*級': 1, '第2級': 1, 'Unknown': 6, '第5級': 3, '第4*級': 4, '第4級': 3, '第6級': 2}",0,Y,Y,N,Y
另一方面，中共對台政策本存在溫和派與強硬派的不同主張，若能消弭敵意，讓溫和派成為中共對台政策的主流，對確保台灣的安全穩定，將是正面的發展。,另一方面 中共 對 台 政策 本 存在 溫和派 與 強硬派 的 不同 主張 若 能 消弭 敵意 讓 溫和派 成為 中共 對 台 政策 的 主流 對 確保 台灣 的 安全 穩定 將 是 正面 的 發展,37,另一方面(15696) 中共(19399) 對(897964) 台(29325) 政策(30965) 本(197156) 存在(75197) 溫和派(95) 與(968432) 強硬派(111) 的(16029838) 不同(159432) 主張(23147) 若(92766) 能(582260) 消弭(940) 敵意(4344) 讓(526314) 溫和派(95) 成為(143834) 中共(19399) 對(897964) 台(29325) 政策(30965) 的(16029838) 主流(7417) 對(897964) 確保(9107) 台灣(130718) 的(16029838) 安全(35338) 穩定(19878) 將(448374) 是(4642407) 正面(16915) 的(16029838) 發展(117494),"{'High': 35, 'Low': 2}","{'Unknown': 7, '第1級': 10, '第2級': 3, '第4*級': 4, '第5級': 8, '第3級': 2, '第1*級': 1, '第7級': 1, '第4級': 1}",4,Y,Y,N,Y
而無論是和統會或民進黨等民間黨派團體，在兩岸間的溝通交流，也將有助於中共打開大門，為未來的談判營造善意的氛圍。,而 無論 是 和統會 或 民進黨 等 民間 黨派 團體 在 兩岸 間 的 溝通 交流 也 將 有助於 中共 打開 大門 為 未來 的 談判 營造 善意 的 氛圍,30,而(937923) 無論(37021) 是(4642407) 和統會(Unknown) 或(478077) 民進黨(2844) 等(327380) 民間(16236) 黨派(1250) 團體(30852) 在(3284238) 兩岸(6984) 間(115638) 的(16029838) 溝通(31533) 交流(10657) 也(1590760) 將(448374) 有助於(9351) 中共(19399) 打開(33125) 大門(13597) 為(761341) 未來(54445) 的(16029838) 談判(6935) 營造(5354) 善意(3808) 的(16029838) 氛圍(5024),"{'High': 29, 'Low': 1}","{'第5級': 2, '第4級': 4, '第1級': 5, 'Unknown': 8, '第3級': 1, '第3*級': 1, '第4*級': 2, '第6級': 5, '第1*級': 1, '第2*級': 1}",3,Y,Y,N,Y
和統會是所有民間團體中的一個，未來還會有更多民間團體希望在兩岸的和平與穩定上，發揮作用。,和統會 是 所有 民間 團體 中 的 一 個 未來 還 會 有 更多 民間 團體 希望 在 兩岸 的 和平 與 穩定 上 發揮 作用,26,和統會(Unknown) 是(4642407) 所有(146771) 民間(16236) 團體(30852) 中(1011729) 的(16029838) 一(3701681) 個(2296574) 未來(54445) 還(625086) 會(1014977) 有(2217079) 更多(44083) 民間(16236) 團體(30852) 希望(119975) 在(3284238) 兩岸(6984) 的(16029838) 和平(14127) 與(968432) 穩定(19878) 上(1233218) 發揮(23985) 作用(37837),"{'Low': 1, 'High': 25}","{'Unknown': 5, '第1級': 7, '第2級': 2, '第4*級': 4, '第4級': 4, '第1*級': 2, '第5級': 2}",1,Y,Y,N,N
我們希望政府對民間要有信心，讓民間與政府形成一個為維護兩岸和平而努力的命運共同體，這才是民主化的台灣最重要的集體力量。,我們 希望 政府 對 民間 要 有 信心 讓 民間 與 政府 形成 一 個 為 維護 兩岸 和平 而 努力 的 命運 共同體 這 才 是 民主化 的 台灣 最 重要 的 集體 力量,35,我們(979260) 希望(119975) 政府(92663) 對(897964) 民間(16236) 要(851264) 有(2217079) 信心(17507) 讓(526314) 民間(16236) 與(968432) 政府(92663) 形成(47486) 一(3701681) 個(2296574) 為(761341) 維護(8695) 兩岸(6984) 和平(14127) 而(937923) 努力(62566) 的(16029838) 命運(20184) 共同體(3286) 這(2114032) 才(394539) 是(4642407) 民主化(1439) 的(16029838) 台灣(130718) 最(421680) 重要(154863) 的(16029838) 集體(10441) 力量(59655),{'High': 35},"{'第1級': 12, '第2級': 5, '第4級': 4, '第4*級': 4, '第6級': 1, 'Unknown': 4, '第5級': 4, '第1*級': 1}",2,Y,Y,N,N
這才是民主化的台灣最重要的集體力量。,這 才 是 民主化 的 台灣 最 重要 的 集體 力量,11,這(2114032) 才(394539) 是(4642407) 民主化(1439) 的(16029838) 台灣(130718) 最(421680) 重要(154863) 的(16029838) 集體(10441) 力量(59655),{'High': 11},"{'第1級': 5, '第2級': 2, 'Unknown': 1, '第1*級': 1, '第5級': 2}",1,Y,N,N,N
台灣平埔族學會九月二十日在台北舉行成立大會。,台灣 平埔族 學會 九月 二十日 在 台北 舉行 成立 大會,10,台灣(130718) 平埔族(1077) 學會(25720) 九月(15070) 二十日(3322) 在(3284238) 台北(22242) 舉行(17660) 成立(28506) 大會(7830),{'High': 10},"{'第1級': 1, 'Unknown': 4, '第4*級': 2, '第1*級': 1, '第4級': 1, '第5級': 1}",2,Y,N,N,Y
我是西拉雅族，又在中央研究院工作，因此很興奮的跑去參加這個平埔族自己研究自己的學會。,我 是 西拉雅族 又 在 中央 研究院 工作 因此 很 興奮 的 跑去 參加 這 個 平埔族 自己 研究 自己 的 學會,22,我(3033032) 是(4642407) 西拉雅族(88) 又(535555) 在(3284238) 中央(46180) 研究院(5082) 工作(220164) 因此(184606) 很(715675) 興奮(19005) 的(16029838) 跑去(5722) 參加(42962) 這(2114032) 個(2296574) 平埔族(1077) 自己(744739) 研究(182500) 自己(744739) 的(16029838) 學會(25720),"{'High': 21, 'Low': 1}","{'第1級': 8, 'Unknown': 4, '第1*級': 4, '第5級': 1, '第4*級': 2, '第4級': 1, '第2級': 1, '第3級': 1}",3,Y,Y,N,Y
但是後來我沒有加入，是因為我覺得這個學會在起步時並未試圖走出漢人為平埔族所塑造的悲情世界。,但是 後來 我 沒有 加入 是 因為 我 覺得 這 個 學會 在 起步 時 並 未 試圖 走出 漢人 為 平埔族 所 塑造 的 悲情 世界,27,但是(247988) 後來(95618) 我(3033032) 沒有(594280) 加入(28847) 是(4642407) 因為(425061) 我(3033032) 覺得(183034) 這(2114032) 個(2296574) 學會(25720) 在(3284238) 起步(2371) 時(623734) 並(442790) 未(101927) 試圖(16209) 走出(15309) 漢人(9245) 為(761341) 平埔族(1077) 所(527327) 塑造(5909) 的(16029838) 悲情(889) 世界(165235),{'High': 27},"{'第2級': 4, '第1級': 7, '第4級': 1, '第1*級': 3, '第4*級': 2, '第6級': 3, '第3*級': 1, '第5級': 1, 'Unknown': 4, '第7級': 1}",1,Y,Y,N,Y
學會的一百四十多位會員中可惜只有少數幾位是學者，百分之八十左右是社會人士。,學會 的 一百四十多 位 會員 中 可惜 只有 少數 幾 位 是 學者 百分之八十 左右 是 社會 人士,18,學會(25720) 的(16029838) 一百四十多(51) 位(284809) 會員(5850) 中(1011729) 可惜(16141) 只有(43745) 少數(17629) 幾(229415) 位(284809) 是(4642407) 學者(28981) 百分之八十(951) 左右(33714) 是(4642407) 社會(176660) 人士(27666),"{'High': 17, 'Low': 1}","{'第4*級': 2, '第1級': 6, 'Unknown': 5, '第3*級': 3, '第4級': 1, '第5級': 1}",2,Y,Y,N,N
所以「協會」做為這個組織的名稱應該比「學會」更恰當。,所以 協會 做為 這 個 組織 的 名稱 應該 比 學會 更 恰當,13,所以(239080) 協會(13492) 做為(19421) 這(2114032) 個(2296574) 組織(69485) 的(16029838) 名稱(11922) 應該(165478) 比(170486) 學會(25720) 更(361676) 恰當(5202),{'High': 13},"{'第1*級': 3, '第5級': 3, 'Unknown': 2, '第1級': 3, '第4*級': 2}",0,Y,Y,N,N
在成立大會的典禮中我最「感動」的是一位和我同族的西拉雅女孩朗誦曾貴海的詩，「向平埔祖先道歉」。,在 成立 大會 的 典禮 中 我 最 感動 的 是 一 位 和 我 同 族 的 西拉雅 女孩 朗誦 曾貴海 的 詩 向 平埔 祖先 道歉,28,在(3284238) 成立(28506) 大會(7830) 的(16029838) 典禮(4040) 中(1011729) 我(3033032) 最(421680) 感動(15132) 的(16029838) 是(4642407) 一(3701681) 位(284809) 和(1338337) 我(3033032) 同(102917) 族(9285) 的(16029838) 西拉雅(90) 女孩(36600) 朗誦(1184) 曾貴海(10) 的(16029838) 詩(38349) 向(231672) 平埔(491) 祖先(9405) 道歉(6476),"{'High': 26, 'Low': 2}","{'第1*級': 2, '第4*級': 1, '第5級': 4, '第1級': 9, '第4級': 2, 'Unknown': 8, '第7級': 1, '第2級': 1}",2,Y,N,N,Y
平埔族的確「失去了人種的標記。,平埔族 的確 失去 了 人種 的 標記,7,平埔族(1077) 的確(33471) 失去(39949) 了(3199291) 人種(1658) 的(16029838) 標記(2332),{'High': 7},"{'Unknown': 2, '第4*級': 1, '第5級': 1, '第7級': 1, '第1級': 1, '第6級': 1}",1,Y,N,N,Y
溶化成我們不明的部分。」,溶化成 我們 不明 的 部分,5,溶化成(19) 我們(979260) 不明(6635) 的(16029838) 部分(82518),"{'Low': 1, 'High': 4}","{'Unknown': 1, '第1級': 2, '第5級': 1, '第2級': 1}",1,Y,N,N,N
但是如果這首詩做為平埔族的心聲，則未免太過悽慘，因為它說：「當我們凝視台灣大地時，幽幽的湧出亡族的悲歌。,但是 如果 這 首 詩 做為 平埔族 的 心聲 則 未免 太過 悽慘 因為 它 說 當 我們 凝視 台灣 大地 時 幽幽的 湧出 亡族 的 悲歌,27,但是(247988) 如果(322121) 這(2114032) 首(44848) 詩(38349) 做為(19421) 平埔族(1077) 的(16029838) 心聲(2064) 則(254096) 未免(3579) 太過(8649) 悽慘(740) 因為(425061) 它(316854) 說(1285247) 當(294625) 我們(979260) 凝視(6812) 台灣(130718) 大地(10023) 時(623734) 幽幽的(7) 湧出(1659) 亡族(6) 的(16029838) 悲歌(371),"{'High': 25, 'Low': 2}","{'第2級': 2, '第1級': 6, '第4*級': 1, '第5級': 3, 'Unknown': 8, '第6級': 3, '第7級': 1, '第1*級': 2, '第3*級': 1}",2,Y,Y,N,Y
我還能從文獻上感知，沾血的雙手，尚未冷卻的餘溫。」,我 還 能 從 文獻 上 感知 沾 血 的 雙手 尚未 冷卻 的 餘溫,15,我(3033032) 還(625086) 能(582260) 從(496546) 文獻(9851) 上(1233218) 感知(3523) 沾(4775) 血(19413) 的(16029838) 雙手(20209) 尚未(16593) 冷卻(1861) 的(16029838) 餘溫(153),{'High': 15},"{'第1級': 4, 'Unknown': 4, '第1*級': 2, '第6級': 3, '第5級': 1, '第4級': 1}",0,Y,N,N,N
在學會的成立宣言中，像哀愁之類的字眼出現了四次。,在 學會 的 成立 宣言 中 像 哀愁 之類 的 字眼 出現 了 四 次,15,在(3284238) 學會(25720) 的(16029838) 成立(28506) 宣言(3609) 中(1011729) 像(289494) 哀愁(628) 之類(13668) 的(16029838) 字眼(5676) 出現(124694) 了(3199291) 四(141667) 次(331701),{'High': 15},"{'第1*級': 2, '第4*級': 2, '第1級': 3, '第6級': 3, 'Unknown': 2, '第7級': 1, '第4級': 1, '第2級': 1}",0,Y,Y,N,N
身為平埔族，我很慚愧不知道平埔族的歷史，不知道誰是平埔族的劊子手。,身為 平埔族 我 很 慚愧 不 知道 平埔族 的 歷史 不 知道 誰 是 平埔族 的 劊子手,17,身為(18072) 平埔族(1077) 我(3033032) 很(715675) 慚愧(2410) 不(2282521) 知道(343214) 平埔族(1077) 的(16029838) 歷史(96060) 不(2282521) 知道(343214) 誰(110452) 是(4642407) 平埔族(1077) 的(16029838) 劊子手(832),{'High': 17},"{'第6級': 2, 'Unknown': 3, '第1級': 10, '第3級': 1, '第7級': 1}",4,Y,N,N,Y
是滿州人、日本人，或是國民黨，還是漢人？,是 滿州人 日本人 或是 國民黨 還是 漢人,7,是(4642407) 滿州人(31) 日本人(15735) 或是(75906) 國民黨(11621) 還是(155231) 漢人(9245),"{'High': 6, 'Low': 1}","{'第1級': 1, 'Unknown': 4, '第2級': 1, '第1*級': 1}",3,N,Y,N,Y
甚至有沒有劊子手都是問題，我認為現在太強調平埔族是受害者只會遲緩平埔族從歷史的陰影中走出來。,甚至 有 沒 有 劊子手 都 是 問題 我 認為 現在 太 強調 平埔族 是 受害 者 只 會 遲緩 平埔族 從 歷史 的 陰影 中 走出來,27,甚至(122502) 有(2217079) 沒(306167) 有(2217079) 劊子手(832) 都(1125846) 是(4642407) 問題(280782) 我(3033032) 認為(192030) 現在(218744) 太(181732) 強調(36095) 平埔族(1077) 是(4642407) 受害(6139) 者(423504) 只(436725) 會(1014977) 遲緩(1987) 平埔族(1077) 從(496546) 歷史(96060) 的(16029838) 陰影(7571) 中(1011729) 走出來(4006),{'High': 27},"{'第4*級': 1, '第1級': 11, '第7級': 1, '第2級': 1, '第5級': 3, 'Unknown': 5, '第1*級': 3, '第6級': 1, '第3級': 1}",4,Y,N,N,Y
宣言中又宣稱平埔族「過去、現在及未來，永遠都是台灣的主人。」,宣言 中 又 宣稱 平埔族 過去 現在 及 未來 永遠 都 是 台灣 的 主人,15,宣言(3609) 中(1011729) 又(535555) 宣稱(8427) 平埔族(1077) 過去(88758) 現在(218744) 及(304586) 未來(54445) 永遠(45362) 都(1125846) 是(4642407) 台灣(130718) 的(16029838) 主人(25163),{'High': 15},"{'第6級': 2, 'Unknown': 2, '第1*級': 1, '第4級': 3, '第1級': 5, '第5級': 1, '第3*級': 1}",1,Y,Y,N,Y
而且說，「台灣平埔族的歷史為台灣史最重要的一頁」，「平埔族的文化絕對是台灣文化最重要的一脈。」,而且 說 台灣 平埔族 的 歷史 為 台灣史 最 重要 的 一 頁 平埔族 的 文化 絕對 是 台灣 文化 最 重要 的 一 脈,25,而且(180402) 說(1285247) 台灣(130718) 平埔族(1077) 的(16029838) 歷史(96060) 為(761341) 台灣史(784) 最(421680) 重要(154863) 的(16029838) 一(3701681) 頁(48734) 平埔族(1077) 的(16029838) 文化(115697) 絕對(42446) 是(4642407) 台灣(130718) 文化(115697) 最(421680) 重要(154863) 的(16029838) 一(3701681) 脈(1794),{'High': 25},"{'第3級': 2, '第1級': 10, 'Unknown': 5, '第1*級': 2, '第2級': 4, '第4級': 1, '第4*級': 1}",3,Y,Y,N,Y
我竟然不知道平埔族這麼偉大。,我 竟然 不 知道 平埔族 這麼 偉大,7,我(3033032) 竟然(31233) 不(2282521) 知道(343214) 平埔族(1077) 這麼(116973) 偉大(20668),{'High': 7},"{'第1級': 3, '第4*級': 1, 'Unknown': 1, '第2級': 1, '第4級': 1}",1,Y,N,N,Y
但是以一位歷史學者的角度來看，過分膨脹自己族群的重要性往往是自卑的補償反應。,但是 以 一 位 歷史 學者 的 角度 來 看 過分 膨脹 自己 族群 的 重要性 往往 是 自卑 的 補償 反應,22,但是(247988) 以(547785) 一(3701681) 位(284809) 歷史(96060) 學者(28981) 的(16029838) 角度(26690) 來(742183) 看(444691) 過分(6968) 膨脹(3975) 自己(744739) 族群(11192) 的(16029838) 重要性(13653) 往往(41388) 是(4642407) 自卑(2627) 的(16029838) 補償(3287) 反應(53196),{'High': 22},"{'第2級': 1, '第5級': 4, '第1級': 7, '第3級': 1, '第4*級': 3, 'Unknown': 1, '第6級': 3, '第1*級': 1, '第4級': 1}",1,Y,Y,N,N
我一生最大的願望是做一個對得起自己的西拉雅人。,我 一生 最 大 的 願望 是 做 一 個 對得起 自己 的 西拉雅人,14,我(3033032) 一生(25444) 最(421680) 大(525780) 的(16029838) 願望(7147) 是(4642407) 做(411649) 一(3701681) 個(2296574) 對得起(451) 自己(744739) 的(16029838) 西拉雅人(34),"{'High': 13, 'Low': 1}","{'第1級': 8, '第4*級': 1, '第1*級': 2, '第4級': 1, 'Unknown': 2}",2,Y,N,N,N
學會的宗旨是要爭取為平埔族「復名」，即要求政府承認平埔族是台灣的原住民之一。,學會 的 宗旨 是 要 爭取 為 平埔族 復名 即 要求 政府 承認 平埔族 是 台灣 的 原住民 之 一,20,學會(25720) 的(16029838) 宗旨(2510) 是(4642407) 要(851264) 爭取(9666) 為(761341) 平埔族(1077) 復名(1) 即(110826) 要求(71192) 政府(92663) 承認(25871) 平埔族(1077) 是(4642407) 台灣(130718) 的(16029838) 原住民(9390) 之(875481) 一(3701681),"{'High': 19, 'Low': 1}","{'第4*級': 2, '第1級': 7, '第6級': 2, '第5級': 3, 'Unknown': 4, '第3*級': 1, '第4級': 1}",3,Y,N,N,Y
這是一項政治訴求，牽涉到現行的法律賦與原住民的權益問題。,這 是 一 項 政治 訴求 牽涉到 現行 的 法律 賦與 原住民 的 權益 問題,15,這(2114032) 是(4642407) 一(3701681) 項(88887) 政治(79504) 訴求(3497) 牽涉到(3410) 現行(1947) 的(16029838) 法律(27914) 賦與(527) 原住民(9390) 的(16029838) 權益(3789) 問題(280782),{'High': 15},"{'第1級': 6, '第5級': 2, '第4級': 1, '第6級': 3, 'Unknown': 2, '第3*級': 1}",2,Y,N,N,N
我關心的正名運動是要恢復平埔族原來的姓氏。,我 關心 的 正名 運動 是 要 恢復 平埔族 原來 的 姓氏,12,我(3033032) 關心(22258) 的(16029838) 正名(524) 運動(63153) 是(4642407) 要(851264) 恢復(20693) 平埔族(1077) 原來(49649) 的(16029838) 姓氏(2339),{'High': 12},"{'第1級': 5, '第3級': 1, 'Unknown': 2, '第1*級': 1, '第4級': 1, '第3*級': 1, '第6級': 1}",1,Y,N,N,Y
我的身分證及信用卡都說我姓朱。,我 的 身分證 及 信用卡 都 說 我 姓 朱,10,我(3033032) 的(16029838) 身分證(623) 及(304586) 信用卡(2180) 都(1125846) 說(1285247) 我(3033032) 姓(15679) 朱(9934),{'High': 10},"{'第1級': 5, 'Unknown': 1, '第5級': 1, '第2*級': 1, '第1*級': 1, '第7級': 1}",2,Y,Y,N,Y
其實我十分清楚，我絕對不姓朱，也不想再繼續姓朱。,其實 我 十分 清楚 我 絕對 不 姓 朱 也 不 想 再 繼續 姓 朱,16,其實(109290) 我(3033032) 十分(63196) 清楚(76185) 我(3033032) 絕對(42446) 不(2282521) 姓(15679) 朱(9934) 也(1590760) 不(2282521) 想(449884) 再(326207) 繼續(80649) 姓(15679) 朱(9934),{'High': 16},"{'第3*級': 1, '第1級': 6, '第4級': 2, '第2級': 1, '第4*級': 1, '第1*級': 3, '第7級': 2}",0,Y,N,N,Y
我想發現我到底姓什麼？,我 想 發現 我 到底 姓 什麼,7,我(3033032) 想(449884) 發現(175233) 我(3033032) 到底(41946) 姓(15679) 什麼(431321),{'High': 7},"{'第1級': 4, '第2級': 1, '第4*級': 1, '第1*級': 1}",0,Y,N,N,N
也請政府承認我的本來真面目。,也 請 政府 承認 我 的 本來 真面目,8,也(1590760) 請(120629) 政府(92663) 承認(25871) 我(3033032) 的(16029838) 本來(33194) 真面目(1067),{'High': 8},"{'第1級': 4, '第4級': 1, '第4*級': 1, '第2級': 1, 'Unknown': 1}",1,Y,N,N,N
我希望平埔族學會可以協助我完成這個願望，不要徘徊在悲情世界，或是墜入種族仇恨的地窖。,我 希望 平埔族 學會 可以 協助 我 完成 這 個 願望 不要 徘徊 在 悲情 世界 或是 墜入 種族 仇恨 的 地窖,22,我(3033032) 希望(119975) 平埔族(1077) 學會(25720) 可以(560531) 協助(28701) 我(3033032) 完成(60471) 這(2114032) 個(2296574) 願望(7147) 不要(101931) 徘徊(2978) 在(3284238) 悲情(889) 世界(165235) 或是(75906) 墜入(1436) 種族(8942) 仇恨(3165) 的(16029838) 地窖(1242),{'High': 22},"{'第1級': 6, '第2級': 3, 'Unknown': 3, '第4*級': 3, '第4級': 1, '第6級': 2, '第1*級': 1, '第7級': 2, '第5級': 1}",1,Y,Y,N,Y
或是墜入種族仇恨的地窖。,或是 墜入 種族 仇恨 的 地窖,6,或是(75906) 墜入(1436) 種族(8942) 仇恨(3165) 的(16029838) 地窖(1242),{'High': 6},"{'第2級': 1, 'Unknown': 1, '第5級': 1, '第6級': 1, '第1級': 1, '第7級': 1}",0,Y,Y,N,N
自從去年金融風暴狂襲整個亞洲國家以來，不管經濟衰敗因素所佔的比重多大，部份亞洲國家的政治情勢，早已隨著經濟的蕭條而顯得搖擺動盪，從年初的印尼總統蘇哈托，因經濟及貪污等因素下台，由視如己出的副總統哈比比接手，乃至於馬來西亞總理馬哈地，因表象的財經政策觀點不同，毅然罷黜其一手培植的接班人選，副總理兼財政部長安華。,自從 去年 金融 風暴 狂襲 整個 亞洲 國家 以來 不管 經濟 衰敗 因素 所 佔 的 比重 多 大 部份 亞洲 國家 的 政治 情勢 早已 隨著 經濟 的 蕭條 而 顯得 搖擺 動盪 從 年初 的 印尼 總統 蘇哈托 因 經濟 及 貪污 等 因素 下台 由 視如己出 的 副總統 哈比比 接手 乃至於 馬來西亞 總理 馬哈地 因 表象 的 財經 政策 觀點 不同 毅然 罷黜 其 一手 培植 的 接班 人選 副總理 兼 財政部長 安華,76,自從(13186) 去年(9462) 金融(15237) 風暴(4066) 狂襲(19) 整個(Unknown) 亞洲(13256) 國家(109166) 以來(26654) 不管(41857) 經濟(83046) 衰敗(1195) 因素(34409) 所(527327) 佔(11252) 的(16029838) 比重(1525) 多(318992) 大(525780) 部份(11022) 亞洲(13256) 國家(109166) 的(16029838) 政治(79504) 情勢(7256) 早已(21910) 隨著(32948) 經濟(83046) 的(16029838) 蕭條(2069) 而(937923) 顯得(23201) 搖擺(1996) 動盪(2247) 從(496546) 年初(983) 的(16029838) 印尼(3068) 總統(23662) 蘇哈托(121) 因(119364) 經濟(83046) 及(304586) 貪污(1820) 等(327380) 因素(34409) 下台(1666) 由(208604) 視如己出(45) 的(16029838) 副總統(1411) 哈比比(Unknown) 接手(2241) 乃至於(999) 馬來西亞(2504) 總理(6056) 馬哈地(13) 因(119364) 表象(1991) 的(16029838) 財經(2156) 政策(30965) 觀點(38495) 不同(159432) 毅然(2136) 罷黜(1043) 其(307905) 一手(4846) 培植(819) 的(16029838) 接班(906) 人選(4876) 副總理(690) 兼(16339) 財政部長(615) 安華(14),"{'High': 70, 'Low': 6}","{'第4*級': 6, '第1級': 10, '第5級': 13, '第6級': 12, 'Unknown': 15, '第3*級': 4, '第1*級': 3, '第4級': 5, '第7級': 5, '第2級': 2, '第3級': 1}",9,Y,Y,N,Y
這一連串事件發展，讓世人驚覺到，亞洲國家除了嚴重的經濟問題之外，社會文化價值與政治體制，顯然也隱藏著另一個深層的危機。,這 一連串 事件 發展 讓 世人 驚覺 到 亞洲 國家 除了 嚴重 的 經濟 問題 之外 社會 文化 價值 與 政治 體制 顯然 也 隱藏 著 另 一 個 深層 的 危機,32,這(2114032) 一連串(8700) 事件(59059) 發展(117494) 讓(526314) 世人(7330) 驚覺(1004) 到(546906) 亞洲(13256) 國家(109166) 除了(75964) 嚴重(39284) 的(16029838) 經濟(83046) 問題(280782) 之外(45757) 社會(176660) 文化(115697) 價值(58784) 與(968432) 政治(79504) 體制(11517) 顯然(34133) 也(1590760) 隱藏(9951) 著(1004687) 另(138369) 一(3701681) 個(2296574) 深層(4177) 的(16029838) 危機(20200),{'High': 32},"{'第1級': 8, '第5級': 4, '第4級': 3, '第2級': 2, '第6級': 2, '第7級': 1, '第3*級': 4, '第1*級': 1, 'Unknown': 3, '第4*級': 3, '第3級': 1}",1,Y,Y,N,N
就以印尼與馬來西亞為例，兩個由強人主導的開發中國家，不管是印尼的蘇哈托，還是馬來西亞的馬哈地，其處事都是精明狡黠，可以為一己之私，毀憲擴權，行萬年統治。,就 以 印尼 與 馬來西亞 為 例 兩 個 由 強人 主導 的 開發中 國家 不管 是 印尼 的 蘇哈托 還是 馬來西亞 的 馬哈地 其 處事 都 是 精明 狡黠 可以 為 一己之私 毀 憲 擴權 行 萬 年 統治,40,就(1737544) 以(547785) 印尼(3068) 與(968432) 馬來西亞(2504) 為(761341) 例(56688) 兩(526190) 個(2296574) 由(208604) 強人(1031) 主導(7550) 的(16029838) 開發中(295) 國家(109166) 不管(41857) 是(4642407) 印尼(3068) 的(16029838) 蘇哈托(121) 還是(155231) 馬來西亞(2504) 的(16029838) 馬哈地(13) 其(307905) 處事(2066) 都(1125846) 是(4642407) 精明(3297) 狡黠(414) 可以(560531) 為(761341) 一己之私(105) 毀(6260) 憲(833) 擴權(63) 行(63474) 萬(13178) 年(514736) 統治(19436),"{'High': 38, 'Low': 2}","{'第1級': 11, '第5級': 6, '第6級': 5, '第4*級': 2, 'Unknown': 11, '第3級': 1, '第1*級': 3, '第3*級': 1}",6,Y,Y,N,Y
而在一旁等待接班的哈比比與安華，也都嫻熟地以慣有的亞洲價值思考方式，用「父子」的稱謂，來定位與當局政治強人之間的關係，然而結果如何，大家有目共睹。,而 在 一 旁 等待 接班 的 哈比比 與 安華 也 都 嫻熟 地 以 慣有 的 亞洲 價值 思考 方式 用 父子 的 稱謂 來 定位 與 當局 政治 強人 之間 的 關係 然而 結果 如何 大家 有目共睹,39,而(937923) 在(3284238) 一(3701681) 旁(39478) 等待(21141) 接班(906) 的(16029838) 哈比比(Unknown) 與(968432) 安華(14) 也(1590760) 都(1125846) 嫻熟(620) 地(754998) 以(547785) 慣有(473) 的(16029838) 亞洲(13256) 價值(58784) 思考(63031) 方式(133407) 用(377038) 父子(7257) 的(16029838) 稱謂(992) 來(742183) 定位(7215) 與(968432) 當局(8761) 政治(79504) 強人(1031) 之間(117932) 的(16029838) 關係(162883) 然而(94482) 結果(114008) 如何(148068) 大家(109692) 有目共睹(393),"{'High': 37, 'Low': 2}","{'第5級': 6, '第1*級': 2, '第1級': 10, '第4*級': 6, 'Unknown': 7, '第7級': 2, '第3*級': 2, '第6級': 1, '第4級': 2, '第3級': 1}",2,Y,Y,N,Y
從印尼的蘇哈托、馬來西亞的馬哈地兩位政治強人的表現，我們不難發現，在這些國家，民主有時只是掩飾幕後黑手的一層薄紗罷了。,從 印尼 的 蘇哈托 馬來西亞 的 馬哈地 兩 位 政治 強人 的 表現 我們 不 難 發現 在 這些 國家 民主 有時 只 是 掩飾 幕後 黑手 的 一 層 薄紗 罷了,32,從(496546) 印尼(3068) 的(16029838) 蘇哈托(121) 馬來西亞(2504) 的(16029838) 馬哈地(13) 兩(526190) 位(284809) 政治(79504) 強人(1031) 的(16029838) 表現(67272) 我們(979260) 不(2282521) 難(75701) 發現(175233) 在(3284238) 這些(315113) 國家(109166) 民主(18177) 有時(47894) 只(436725) 是(4642407) 掩飾(4800) 幕後(2164) 黑手(490) 的(16029838) 一(3701681) 層(36369) 薄紗(338) 罷了(11122),"{'High': 31, 'Low': 1}","{'第1*級': 5, '第6級': 3, '第1級': 10, 'Unknown': 5, '第5級': 3, '第4級': 3, '第2級': 1, '第7級': 1, '第3*級': 1}",3,Y,N,N,Y
再回頭看國內情形。,再 回頭 看 國內 情形,5,再(326207) 回頭(14708) 看(444691) 國內(17537) 情形(35199),{'High': 5},"{'第1*級': 1, '第4*級': 1, 'Unknown': 1, '第4級': 1, '第3*級': 1}",0,Y,N,N,N
最近正流行著連蕭配、連宋配、還是宋蕭配，然而不管誰配誰，其實真正的關鍵者，還不就是那位被他們尊稱為「父親」的李總統先生。,最近 正 流行 著 連 蕭 配 連 宋 配 還是 宋 蕭 配 然而 不管 誰 配 誰 其實 真正 的 關鍵 者 還 不 就 是 那 位 被 他們 尊稱為 父親 的 李 總統 先生,38,最近(30174) 正(179334) 流行(16740) 著(1004687) 連(91153) 蕭(3586) 配(6311) 連(91153) 宋(13341) 配(6311) 還是(155231) 宋(13341) 蕭(3586) 配(6311) 然而(94482) 不管(41857) 誰(110452) 配(6311) 誰(110452) 其實(109290) 真正(77318) 的(16029838) 關鍵(25952) 者(423504) 還(625086) 不(2282521) 就(1737544) 是(4642407) 那(754138) 位(284809) 被(540683) 他們(716752) 尊稱為(333) 父親(86472) 的(16029838) 李(17994) 總統(23662) 先生(159645),{'High': 38},"{'第2級': 2, '第3*級': 5, '第3級': 2, 'Unknown': 9, '第5級': 6, '第1*級': 1, '第1級': 11, '第4級': 2}",1,Y,Y,N,Y
只要今天李總統對那位名目接班人不滿意，其他人馬上與他劃清界線，只要外力干預或顛覆了既有的平衡，馬上就有人會義正詞嚴地予以批駁，更甚者就是當眾灑淚表態忠心賣命演出。,只要 今天 李 總統 對 那 位 名目 接班人 不 滿意 其他 人 馬上 與 他 劃清 界線 只要 外力 干預 或 顛覆 了 既有 的 平衡 馬上 就 有 人 會 義正詞嚴 地 予以 批駁 更甚 者 就 是 當眾 灑淚 表態 忠心 賣命 演出,46,只要(99140) 今天(73277) 李(17994) 總統(23662) 對(897964) 那(754138) 位(284809) 名目(1112) 接班人(1719) 不(2282521) 滿意(16756) 其他(189445) 人(1550512) 馬上(39402) 與(968432) 他(2487930) 劃清(478) 界線(3868) 只要(99140) 外力(1171) 干預(5142) 或(478077) 顛覆(3141) 了(3199291) 既有(6158) 的(16029838) 平衡(18456) 馬上(39402) 就(1737544) 有(2217079) 人(1550512) 會(1014977) 義正詞嚴(91) 地(754998) 予以(7233) 批駁(241) 更甚(786) 者(423504) 就(1737544) 是(4642407) 當眾(1552) 灑淚(65) 表態(1714) 忠心(2043) 賣命(637) 演出(20672),"{'High': 44, 'Low': 2}","{'第3級': 3, '第1級': 13, 'Unknown': 11, '第4級': 2, '第7級': 1, '第2級': 1, '第1*級': 3, '第4*級': 2, '第6級': 8, '第5級': 2}",2,Y,Y,N,Y
所以今天不管誰配誰，配或不配，眾人只是在選擇一個有利於自己的地位，時時表現溫馴與渴望關愛的眼神，不管繼承的位子是什麼，只要博得層峰歡欣，便可直上青雲。,所以 今天 不管 誰 配 誰 配 或 不配 眾人 只是 在 選擇 一 個 有利於 自己 的 地位 時時 表現 溫馴 與 渴望 關愛 的 眼神 不管 繼承 的 位子 是 什麼 只要 博得 層峰 歡欣 便 可 直 上 青雲,42,所以(239080) 今天(73277) 不管(41857) 誰(110452) 配(6311) 誰(110452) 配(6311) 或(478077) 不配(761) 眾人(18671) 只是(96536) 在(3284238) 選擇(75178) 一(3701681) 個(2296574) 有利於(2951) 自己(744739) 的(16029838) 地位(36831) 時時(5039) 表現(67272) 溫馴(619) 與(968432) 渴望(14437) 關愛(2744) 的(16029838) 眼神(15149) 不管(41857) 繼承(11750) 的(16029838) 位子(3921) 是(4642407) 什麼(431321) 只要(99140) 博得(1224) 層峰(90) 歡欣(907) 便(220860) 可(307359) 直(32801) 上(1233218) 青雲(256),"{'High': 41, 'Low': 1}","{'第1*級': 3, '第1級': 11, '第3*級': 3, '第5級': 5, '第3級': 3, 'Unknown': 7, '第4級': 4, '第4*級': 2, '第6級': 3, '第7級': 1}",1,Y,Y,N,N
以前就有位大老級人物當著媒體的面表態：「李總統對我的眼神很關愛」，即使現在中生代的政治人物，還不是一樣時興這一套作法。,以前 就 有 位 大老級 人物 當 著 媒體 的 面 表態 李 總統 對 我 的 眼神 很 關愛 即使 現在 中生代 的 政治 人物 還不是 一樣 時興 這 一 套 作法,33,以前(59453) 就(1737544) 有(2217079) 位(284809) 大老級(8) 人物(52614) 當(294625) 著(1004687) 媒體(32308) 的(16029838) 面(39563) 表態(1714) 李(17994) 總統(23662) 對(897964) 我(3033032) 的(16029838) 眼神(15149) 很(715675) 關愛(2744) 即使(68376) 現在(218744) 中生代(160) 的(16029838) 政治(79504) 人物(52614) 還不是(1942) 一樣(188109) 時興(216) 這(2114032) 一(3701681) 套(37180) 作法(9353),"{'High': 32, 'Low': 1}","{'第1*級': 2, '第1級': 12, 'Unknown': 9, '第4級': 3, '第4*級': 2, '第6級': 2, '第5級': 1, '第3級': 2}",3,Y,Y,N,Y
其實西方大文豪莎士比亞在其作品「李爾王」劇本中，對權力接班問題即有很深的描述。,其實 西方 大 文豪 莎士比亞 在 其 作品 李爾王 劇本 中 對 權力 接班 問題 即 有 很 深 的 描述,21,其實(109290) 西方(28701) 大(525780) 文豪(639) 莎士比亞(3005) 在(3284238) 其(307905) 作品(79492) 李爾王(214) 劇本(12422) 中(1011729) 對(897964) 權力(32289) 接班(906) 問題(280782) 即(110826) 有(2217079) 很(715675) 深(40153) 的(16029838) 描述(32580),{'High': 21},"{'第3*級': 2, 'Unknown': 6, '第1級': 6, '第7級': 1, '第1*級': 1, '第6級': 2, '第5級': 3}",2,Y,N,N,Y
若用現代的詞彙與事件來形容「李爾王」乙劇，就是年老的主管決定把權力交出，選擇接班人時，所面對的問題。,若 用 現代 的 詞彙 與 事件 來 形容 李爾王 乙 劇 就是 年老 的 主管 決定 把 權力 交出 選擇 接班人 時 所 面對 的 問題,27,若(92766) 用(377038) 現代(40344) 的(16029838) 詞彙(5175) 與(968432) 事件(59059) 來(742183) 形容(25604) 李爾王(214) 乙(8810) 劇(6010) 就是(2943) 年老(3020) 的(16029838) 主管(23448) 決定(101837) 把(617773) 權力(32289) 交出(2283) 選擇(75178) 接班人(1719) 時(623734) 所(527327) 面對(62914) 的(16029838) 問題(280782),{'High': 27},"{'Unknown': 7, '第1級': 6, '第3*級': 3, '第5級': 3, '第4*級': 4, '第6級': 1, '第2級': 3}",2,Y,Y,N,Y
李爾王像一般窮畢生之力奪權護權的國王一樣，也許在任內的某些方面頗受人民敬愛，然而長期以來，即使只是要他們放棄一小部份的既得權力，也有如椎心挖肉之痛一般，表面上他們為國家的長治久安，苦思權力接班人選，然而，真正讓他們無法忘懷的是權力的誘惑，而不是百姓的福祉。,李爾王 像 一般 窮 畢生 之 力 奪 權 護 權 的 國王 一樣 也許 在 任內 的 某些 方面 頗 受 人民 敬愛 然而 長期 以來 即使 只是 要 他們 放棄 一 小 部份 的 既得 權力 也 有如 椎心 挖 肉 之 痛 一般 表面 上 他們 為 國家 的 長治久安 苦思 權力 接班 人選 然而 真正 讓 他們 無法 忘懷 的 是 權力 的 誘惑 而 不 是 百姓 的 福祉,74,李爾王(214) 像(289494) 一般(80732) 窮(8648) 畢生(1703) 之(875481) 力(13779) 奪(6082) 權(11552) 護(5246) 權(11552) 的(16029838) 國王(27180) 一樣(188109) 也許(68286) 在(3284238) 任內(1319) 的(16029838) 某些(33967) 方面(75079) 頗(22266) 受(109982) 人民(36441) 敬愛(1160) 然而(94482) 長期(28592) 以來(26654) 即使(68376) 只是(96536) 要(851264) 他們(716752) 放棄(27664) 一(3701681) 小(318835) 部份(11022) 的(16029838) 既得(150) 權力(32289) 也(1590760) 有如(10689) 椎心(201) 挖(7735) 肉(21294) 之(875481) 痛(19678) 一般(80732) 表面(20092) 上(1233218) 他們(716752) 為(761341) 國家(109166) 的(16029838) 長治久安(412) 苦思(956) 權力(32289) 接班(906) 人選(4876) 然而(94482) 真正(77318) 讓(526314) 他們(716752) 無法(150606) 忘懷(1419) 的(16029838) 是(4642407) 權力(32289) 的(16029838) 誘惑(5053) 而(937923) 不(2282521) 是(4642407) 百姓(15824) 的(16029838) 福祉(1493),{'High': 74},"{'Unknown': 15, '第1*級': 6, '第3*級': 4, '第4級': 5, '第6級': 5, '第5級': 11, '第1級': 18, '第4*級': 5, '第2級': 2, '第7級': 3}",2,Y,Y,N,Y
接班的核心問題，往往不在於權力無法下放，而在於慾望無法平抑。,接班 的 核心 問題 往往 不 在於 權力 無法 下放 而 在於 慾望 無法 平抑,15,接班(906) 的(16029838) 核心(18078) 問題(280782) 往往(41388) 不(2282521) 在於(37953) 權力(32289) 無法(150606) 下放(426) 而(937923) 在於(37953) 慾望(9645) 無法(150606) 平抑(89),"{'High': 14, 'Low': 1}","{'Unknown': 3, '第1級': 3, '第5級': 6, '第4*級': 1, '第6級': 2}",0,Y,Y,N,N
許多號稱政治民主，惟實質統治趨近於極權的亞洲國家，他們的領袖不也像李爾王一樣，社稷可以視為個人家產，隨興所至，依自己的利益來決定傳承的人選，即使是正式宣布退休，他們也會大言不慚地暗示，不會遠離權力中心，甚至還創造了一個太上皇的頭銜，讓自己繼續享受權力的滋味。,許多 號稱 政治 民主 惟 實質 統治 趨近於 極權 的 亞洲 國家 他們 的 領袖 不 也 像 李爾王 一樣 社稷 可以 視為 個人 家產 隨興 所 至 依 自己 的 利益 來 決定 傳承 的 人選 即使 是 正式 宣布 退休 他們 也 會 大言不慚 地 暗示 不會 遠離 權力 中心 甚至 還 創造 了 一 個 太上皇 的 頭銜 讓 自己 繼續 享受 權力 的 滋味,68,許多(159791) 號稱(3257) 政治(79504) 民主(18177) 惟(5714) 實質(7958) 統治(19436) 趨近於(150) 極權(1050) 的(16029838) 亞洲(13256) 國家(109166) 他們(716752) 的(16029838) 領袖(12698) 不(2282521) 也(1590760) 像(289494) 李爾王(214) 一樣(188109) 社稷(1261) 可以(560531) 視為(26535) 個人(76253) 家產(1947) 隨興(924) 所(527327) 至(101530) 依(37519) 自己(744739) 的(16029838) 利益(25126) 來(742183) 決定(101837) 傳承(4920) 的(16029838) 人選(4876) 即使(68376) 是(4642407) 正式(23229) 宣布(10219) 退休(12703) 他們(716752) 也(1590760) 會(1014977) 大言不慚(350) 地(754998) 暗示(12283) 不會(173045) 遠離(8251) 權力(32289) 中心(46076) 甚至(122502) 還(625086) 創造(38327) 了(3199291) 一(3701681) 個(2296574) 太上皇(66) 的(16029838) 頭銜(2676) 讓(526314) 自己(744739) 繼續(80649) 享受(21312) 權力(32289) 的(16029838) 滋味(6876),"{'High': 67, 'Low': 1}","{'第3*級': 3, '第6級': 6, '第4級': 6, '第5級': 10, 'Unknown': 10, '第7級': 3, '第1級': 16, '第1*級': 6, '第2級': 3, '第4*級': 4, '第3級': 1}",4,Y,Y,N,Y
李爾王的行徑使我們不由得聯想起那些口口聲聲說準備以民主的方式順利移轉政權，卻還把特權緊抓不放的亞洲國家領袖。,李爾王 的 行徑 使 我們 不由得 聯想起 那些 口口聲聲 說 準備 以 民主 的 方式 順利 移轉 政權 卻 還 把 特權 緊抓 不 放 的 亞洲 國家 領袖,29,李爾王(214) 的(16029838) 行徑(2903) 使(197544) 我們(979260) 不由得(3695) 聯想起(482) 那些(113704) 口口聲聲(517) 說(1285247) 準備(64901) 以(547785) 民主(18177) 的(16029838) 方式(133407) 順利(17708) 移轉(2907) 政權(12372) 卻(333007) 還(625086) 把(617773) 特權(4152) 緊抓(500) 不(2282521) 放(83587) 的(16029838) 亞洲(13256) 國家(109166) 領袖(12698),{'High': 29},"{'Unknown': 8, '第1級': 6, '第6級': 2, '第5級': 3, '第7級': 1, '第2級': 3, '第4級': 3, '第4*級': 1, '第3*級': 1, '第1*級': 1}",4,Y,N,N,Y
不管從政治學，乃至於管理學的角度，一位為後人稱頌的政治家，或是專業的經營管理人員，都應該從「李爾王」中體悟到二點，第一，在退休時必須找到一個稱職合宜的繼承人，第二，就是安心地將自己的權力交出，讓繼承人真正的完成接班。,不管 從 政治學 乃至於 管理學 的 角度 一 位 為 後人 稱頌 的 政治家 或是 專業 的 經營 管理 人員 都 應該 從 李爾王 中 體悟到 二 點 第一 在 退休 時 必須 找 到 一 個 稱職 合宜 的 繼承人 第二 就是 安心 地 將 自己 的 權力 交出 讓 繼承人 真正 的 完成 接班,56,不管(41857) 從(496546) 政治學(955) 乃至於(999) 管理學(921) 的(16029838) 角度(26690) 一(3701681) 位(284809) 為(761341) 後人(5257) 稱頌(865) 的(16029838) 政治家(3522) 或是(75906) 專業(33030) 的(16029838) 經營(39913) 管理(54484) 人員(49261) 都(1125846) 應該(165478) 從(496546) 李爾王(214) 中(1011729) 體悟到(411) 二(152494) 點(118735) 第一(172544) 在(3284238) 退休(12703) 時(623734) 必須(170592) 找(108128) 到(546906) 一(3701681) 個(2296574) 稱職(1256) 合宜(1388) 的(16029838) 繼承人(3932) 第二(98741) 就是(2943) 安心(6114) 地(754998) 將(448374) 自己(744739) 的(16029838) 權力(32289) 交出(2283) 讓(526314) 繼承人(3932) 真正(77318) 的(16029838) 完成(60471) 接班(906),{'High': 56},"{'第3*級': 2, '第1*級': 5, 'Unknown': 16, '第1級': 15, '第5級': 6, '第6級': 1, '第7級': 2, '第2級': 3, '第4級': 3, '第4*級': 2, '第3級': 1}",8,Y,Y,N,Y
讓繼承人真正的完成接班。,讓 繼承人 真 正 的 完成 接班,7,讓(526314) 繼承人(3932) 真(137497) 正(179334) 的(16029838) 完成(60471) 接班(906),{'High': 7},"{'第2級': 1, 'Unknown': 2, '第1*級': 1, '第3*級': 1, '第1級': 1, '第4*級': 1}",1,Y,N,N,N
不管你來自何方，具有何種背景，來到以色列國家歷史紀念館，看到一幅幅怵目驚心的猶太人遭大屠殺的畫面時，都不禁會為猶太人的悲哀歷史感到難過；而對以色列這個國家，也油然而生一股感佩之情。,不管 你 來自 何方 具有 何 種 背景 來到 以色列 國家 歷史 紀念館 看到 一幅幅 怵目驚心 的 猶太人 遭 大屠殺 的 畫面 時 都 不禁 會 為 猶太人 的 悲哀 歷史 感到 難過 而 對 以色列 這 個 國家 也 油然而生 一 股 感佩 之 情,46,不管(41857) 你(1414837) 來自(41811) 何方(1596) 具有(60702) 何(46992) 種(701563) 背景(23264) 來到(45261) 以色列(3589) 國家(109166) 歷史(96060) 紀念館(1101) 看到(159419) 一幅幅(202) 怵目驚心(239) 的(16029838) 猶太人(8350) 遭(18764) 大屠殺(1720) 的(16029838) 畫面(17554) 時(623734) 都(1125846) 不禁(16707) 會(1014977) 為(761341) 猶太人(8350) 的(16029838) 悲哀(5068) 歷史(96060) 感到(74094) 難過(11755) 而(937923) 對(897964) 以色列(3589) 這(2114032) 個(2296574) 國家(109166) 也(1590760) 油然而生(802) 一(3701681) 股(29263) 感佩(372) 之(875481) 情(18070),{'High': 46},"{'第3*級': 2, '第1級': 10, '第4級': 2, 'Unknown': 11, '第6級': 3, '第4*級': 2, '第7級': 6, '第1*級': 4, '第3級': 2, '第5級': 3, '第2*級': 1}",9,Y,Y,N,N
雖然以色列建國後，生機蓬勃，但五十年前，納粹帝國血腥屠殺猶太人的殘暴行徑，卻在以色列人內心深處留下永難抹滅的夢魘傷痕。,雖然 以色列 建國 後 生機 蓬勃 但 五十 年 前 納粹 帝國 血腥 屠殺 猶太人 的 殘暴 行徑 卻 在 以色列人 內心 深處 留下 永 難 抹滅 的 夢魘 傷痕,30,雖然(152988) 以色列(3589) 建國(2249) 後(422857) 生機(2426) 蓬勃(2363) 但(597124) 五十(17500) 年(514736) 前(272709) 納粹(4069) 帝國(28934) 血腥(1873) 屠殺(3335) 猶太人(8350) 的(16029838) 殘暴(2188) 行徑(2903) 卻(333007) 在(3284238) 以色列人(586) 內心(33857) 深處(8909) 留下(29992) 永(9513) 難(75701) 抹滅(354) 的(16029838) 夢魘(1323) 傷痕(1921),{'High': 30},"{'第2級': 2, '第7級': 4, 'Unknown': 8, '第1級': 5, '第6級': 7, '第4級': 1, '第1*級': 1, '第4*級': 1, '第3*級': 1}",3,Y,Y,N,N
這段歷史，不僅是猶太民族的滄桑血淚，更是令世人錯愕的一段遺憾。,這 段 歷史 不僅 是 猶太 民族 的 滄桑 血淚 更 是 令 世人 錯愕 的 一 段 遺憾,19,這(2114032) 段(95980) 歷史(96060) 不僅(43138) 是(4642407) 猶太(4764) 民族(25724) 的(16029838) 滄桑(1077) 血淚(463) 更(361676) 是(4642407) 令(128742) 世人(7330) 錯愕(927) 的(16029838) 一(3701681) 段(95980) 遺憾(9493),{'High': 19},"{'第1級': 6, '第4級': 2, '第3級': 1, 'Unknown': 3, '第4*級': 1, '第7級': 3, '第5級': 2, '第6級': 1}",0,Y,Y,N,N
國家歷史紀念館是為了紀念第二次世界大戰，死於德軍集中營大屠殺的六百萬名猶太人而建立。,國家 歷史 紀念館 是 為了 紀念 第二 次 世界 大戰 死 於 德軍 集中營 大屠殺 的 六百萬 名 猶太人 而 建立,21,國家(109166) 歷史(96060) 紀念館(1101) 是(4642407) 為了(Unknown) 紀念(7956) 第二(98741) 次(331701) 世界(165235) 大戰(11269) 死(117075) 於(327210) 德軍(1756) 集中營(1298) 大屠殺(1720) 的(16029838) 六百萬(565) 名(136287) 猶太人(8350) 而(937923) 建立(52946),"{'High': 20, 'Low': 1}","{'第1*級': 1, '第3級': 2, 'Unknown': 8, '第1級': 2, '第4級': 1, '第2級': 3, '第5級': 3, '第7級': 1}",5,Y,Y,N,N
整座紀念館是簡單的一字形建築物排開，並深入地下建造而成，館外有兩幅巨大的浮雕，刻畫著當時猶太人為生存而戰、而死的悲壯。,整 座 紀念館 是 簡單 的 一字形 建築物 排開 並 深入 地 下 建造 而 成 館 外 有 兩 幅 巨大 的 浮雕 刻畫 著 當時 猶太人 為 生存 而 戰 而 死 的 悲壯,36,整(105785) 座(49959) 紀念館(1101) 是(4642407) 簡單(52683) 的(16029838) 一字形(14) 建築物(6830) 排開(551) 並(442790) 深入(18074) 地(754998) 下(329549) 建造(9606) 而(937923) 成(76470) 館(3995) 外(109310) 有(2217079) 兩(526190) 幅(22056) 巨大(22154) 的(16029838) 浮雕(1075) 刻畫(1015) 著(1004687) 當時(126214) 猶太人(8350) 為(761341) 生存(17765) 而(937923) 戰(19521) 而(937923) 死(117075) 的(16029838) 悲壯(790),"{'High': 35, 'Low': 1}","{'第3*級': 3, 'Unknown': 10, '第1級': 7, '第2級': 1, '第4*級': 3, '第5級': 7, '第1*級': 1, '第6級': 2, '第3級': 1, '第7級': 1}",4,Y,Y,N,N
浮雕刻畫悲壯場面最後旅程慘不忍睹在這兩幅浮雕中，一幅描述華沙猶太區的猶太反抗軍，率領著群眾，義勇出兵，對抗德軍納粹軍隊的英氣風發；另一幅浮雕則描繪著東歐猶太人被德軍押解，即將被送入集中營前的最後旅程。,浮雕 刻畫 悲壯 場面 最後 旅程 慘不忍睹 在 這 兩 幅 浮雕 中 一 幅 描述 華沙 猶太 區 的 猶太 反抗軍 率領 著 群眾 義勇 出兵 對抗 德軍 納粹 軍隊 的 英氣 風發 另 一 幅 浮雕 則 描繪 著 東歐 猶太人 被 德軍 押解 即將 被 送入 集中營 前 的 最後 旅程,54,浮雕(1075) 刻畫(1015) 悲壯(790) 場面(8744) 最後(142102) 旅程(7038) 慘不忍睹(700) 在(3284238) 這(2114032) 兩(526190) 幅(22056) 浮雕(1075) 中(1011729) 一(3701681) 幅(22056) 描述(32580) 華沙(400) 猶太(4764) 區(6652) 的(16029838) 猶太(4764) 反抗軍(590) 率領(10329) 著(1004687) 群眾(8933) 義勇(198) 出兵(5265) 對抗(13125) 德軍(1756) 納粹(4069) 軍隊(23639) 的(16029838) 英氣(179) 風發(39) 另(138369) 一(3701681) 幅(22056) 浮雕(1075) 則(254096) 描繪(9235) 著(1004687) 東歐(1216) 猶太人(8350) 被(540683) 德軍(1756) 押解(571) 即將(16780) 被(540683) 送入(968) 集中營(1298) 前(272709) 的(16029838) 最後(142102) 旅程(7038),"{'High': 53, 'Low': 1}","{'Unknown': 20, '第6級': 3, '第7級': 3, '第2級': 4, '第5級': 9, '第1*級': 1, '第1級': 8, '第4*級': 4, '第4級': 1, '第3級': 1}",4,Y,N,N,N
在押送德軍集中營的這幅浮雕中，猶太人無奈地低頭向前行，一名猶太小孩期盼後有援軍相助，不時將頭往後瞧，將當時猶太人死前求生的欲念，展現得淋漓盡致。,在 押送 德軍 集中營 的 這 幅 浮雕 中 猶太人 無奈 地 低頭 向 前行 一 名 猶太 小孩 期盼 後 有 援軍 相助 不時 將 頭 往後 瞧 將 當時 猶太人 死前 求生 的 欲念 展現 得 淋漓盡致,39,在(3284238) 押送(610) 德軍(1756) 集中營(1298) 的(16029838) 這(2114032) 幅(22056) 浮雕(1075) 中(1011729) 猶太人(8350) 無奈(8144) 地(754998) 低頭(7481) 向(231672) 前行(1755) 一(3701681) 名(136287) 猶太(4764) 小孩(47282) 期盼(3156) 後(422857) 有(2217079) 援軍(1467) 相助(1515) 不時(10714) 將(448374) 頭(112925) 往後(6939) 瞧(10489) 將(448374) 當時(126214) 猶太人(8350) 死前(630) 求生(2116) 的(16029838) 欲念(Unknown) 展現(15289) 得(573721) 淋漓盡致(1092),"{'High': 38, 'Low': 1}","{'第1*級': 2, 'Unknown': 15, '第1級': 7, '第4*級': 1, '第6級': 5, '第3*級': 2, '第2級': 2, '第5級': 4, '第7級': 1}",4,Y,N,N,N
而負責押解的德國士兵，在浮雕中並沒有面孔，僅以一塊黃石代替，也表現出猶太人對這段傷痛歷史的不忍回想。,而 負責 押解 的 德國 士兵 在 浮雕 中 並 沒有 面孔 僅 以 一 塊 黃石 代替 也 表現出 猶太人 對 這 段 傷痛 歷史 的 不忍 回想,29,而(937923) 負責(37090) 押解(571) 的(16029838) 德國(22936) 士兵(16594) 在(3284238) 浮雕(1075) 中(1011729) 並(442790) 沒有(594280) 面孔(4093) 僅(30739) 以(547785) 一(3701681) 塊(54148) 黃石(218) 代替(6407) 也(1590760) 表現出(9953) 猶太人(8350) 對(897964) 這(2114032) 段(95980) 傷痛(2604) 歷史(96060) 的(16029838) 不忍(3203) 回想(7928),{'High': 29},"{'第5級': 5, '第4*級': 3, 'Unknown': 7, '第1級': 8, '第2級': 1, '第1*級': 1, '第6級': 2, '第4級': 1, '第3級': 1}",2,Y,Y,N,N
正如這面浮雕上猶太人無助的表情，以色列建國之路格外艱辛難行。,正 如 這 面 浮雕 上 猶太人 無助 的 表情 以色列 建國 之 路 格外 艱辛 難行,17,正(179334) 如(195069) 這(2114032) 面(39563) 浮雕(1075) 上(1233218) 猶太人(8350) 無助(4402) 的(16029838) 表情(25210) 以色列(3589) 建國(2249) 之(875481) 路(74635) 格外(4592) 艱辛(2448) 難行(434),{'High': 17},"{'第3*級': 1, 'Unknown': 5, '第1級': 4, '第4*級': 1, '第5級': 3, '第4級': 1, '第7級': 1, '第6級': 1}",2,Y,N,N,N
在紀念館內，忠實地呈現自一九四零年起的屠殺猶太人歷史。,在 紀念館 內 忠實 地 呈現 自 一九四零年 起 的 屠殺 猶太人 歷史,13,在(3284238) 紀念館(1101) 內(183051) 忠實(4105) 地(754998) 呈現(26810) 自(59676) 一九四零年(9) 起(96746) 的(16029838) 屠殺(3335) 猶太人(8350) 歷史(96060),"{'High': 12, 'Low': 1}","{'第1*級': 1, 'Unknown': 4, '第3級': 2, '第6級': 3, '第5級': 1, '第3*級': 1, '第1級': 1}",3,Y,N,N,N
以色列人在紀念館中以各種圖片、文獻與史料，述說著納粹德軍如何有計畫地對六百萬名猶太人展開血腥屠殺。,以色列人 在 紀念館 中 以 各 種 圖片 文獻 與 史料 述說 著 納粹 德軍 如何 有 計畫 地 對 六百萬 名 猶太人 展開 血腥 屠殺,26,以色列人(586) 在(3284238) 紀念館(1101) 中(1011729) 以(547785) 各(243023) 種(701563) 圖片(4811) 文獻(9851) 與(968432) 史料(5259) 述說(2279) 著(1004687) 納粹(4069) 德軍(1756) 如何(148068) 有(2217079) 計畫(54820) 地(754998) 對(897964) 六百萬(565) 名(136287) 猶太人(8350) 展開(17154) 血腥(1873) 屠殺(3335),{'High': 26},"{'Unknown': 10, '第1*級': 1, '第5級': 3, '第2級': 3, '第6級': 5, '第4*級': 1, '第7級': 1, '第1級': 2}",4,Y,Y,N,N
這些還原歷史的遺物，襯著悲悽低咽的哀曲，館內彌漫著一股肅穆神傷的氣氛，彷若回到二次世界大戰人類自相殘殺的不幸悲劇現場中。,這些 還原 歷史 的 遺物 襯 著 悲悽 低咽 的 哀曲 館 內 彌漫 著 一 股 肅穆 神傷 的 氣氛 彷若 回到 二 次 世界 大戰 人類 自相殘殺 的 不幸 悲劇 現場 中,34,這些(315113) 還原(1281) 歷史(96060) 的(16029838) 遺物(1173) 襯(1724) 著(1004687) 悲悽(99) 低咽(Unknown) 的(16029838) 哀曲(13) 館(3995) 內(183051) 彌漫(621) 著(1004687) 一(3701681) 股(29263) 肅穆(927) 神傷(63) 的(16029838) 氣氛(16132) 彷若(423) 回到(60084) 二(152494) 次(331701) 世界(165235) 大戰(11269) 人類(78855) 自相殘殺(368) 的(16029838) 不幸(17433) 悲劇(9222) 現場(15949) 中(1011729),"{'High': 30, 'Low': 4}","{'Unknown': 14, '第7級': 2, '第3級': 2, '第1級': 6, '第6級': 2, '第4*級': 4, '第2級': 3, '第5級': 1}",1,Y,N,N,N
陽光投射在兒童紀念館白色建築外表上，更顯受難兒童的稚真與無辜。,陽光 投射 在 兒童 紀念館 白色 建築 外表 上 更顯 受難 兒童 的 稚真 與 無辜,16,陽光(17239) 投射(2912) 在(3284238) 兒童(30462) 紀念館(1101) 白色(16196) 建築(31065) 外表(8606) 上(1233218) 更顯(Unknown) 受難(1584) 兒童(30462) 的(16029838) 稚真(1) 與(968432) 無辜(5213),"{'High': 14, 'Low': 2}","{'第4*級': 4, '第6級': 2, '第1*級': 1, '第4級': 2, 'Unknown': 4, '第1級': 2, '第7級': 1}",1,Y,Y,N,N
而為了紀念屠殺期間受難的兒童，國家歷史紀念館外，也有一座兒童亡靈紀念館，這棟建築物內，利用玻璃、鏡子反射的原理，將六根蠟燭的光芒，迴繞映射在偌大的紀念館內。,而 為了 紀念 屠殺 期間 受難 的 兒童 國家 歷史 紀念館 外 也 有 一 座 兒童 亡靈 紀念館 這 棟 建築物 內 利用 玻璃 鏡子 反射 的 原理 將 六根 蠟燭 的 光芒 迴繞 映射 在 偌大 的 紀念館 內,41,而(937923) 為了(Unknown) 紀念(7956) 屠殺(3335) 期間(32981) 受難(1584) 的(16029838) 兒童(30462) 國家(109166) 歷史(96060) 紀念館(1101) 外(109310) 也(1590760) 有(2217079) 一(3701681) 座(49959) 兒童(30462) 亡靈(610) 紀念館(1101) 這(2114032) 棟(14573) 建築物(6830) 內(183051) 利用(49229) 玻璃(11698) 鏡子(8307) 反射(3520) 的(16029838) 原理(6939) 將(448374) 六根(76) 蠟燭(4078) 的(16029838) 光芒(6405) 迴繞(99) 映射(197) 在(3284238) 偌大(1051) 的(16029838) 紀念館(1101) 內(183051),"{'High': 38, 'Low': 3}","{'第5級': 4, 'Unknown': 9, '第4級': 6, '第6級': 3, '第4*級': 1, '第7級': 2, '第1級': 9, '第1*級': 2, '第3級': 3, '第3*級': 2}",4,Y,Y,N,N
置身其間，有如於繁星滿天的時空中，讓人分不清真偽。,置身 其 間 有如 於 繁星 滿 天 的 時空 中 讓 人 分 不清 真偽,16,置身(3542) 其(307905) 間(115638) 有如(10689) 於(327210) 繁星(592) 滿(46727) 天(330413) 的(16029838) 時空(7773) 中(1011729) 讓(526314) 人(1550512) 分(62224) 不清(1439) 真偽(845),{'High': 16},"{'第6級': 3, 'Unknown': 4, '第5級': 2, '第7級': 1, '第3級': 1, '第1級': 4, '第2級': 1}",0,Y,N,N,N
在兒童亡靈紀念館內的牆上，掛著屠殺時期受難兒童的名字與照片，步行於曲延長廊，放眼幽亮的燭光，令人難遏悲傷的心情。,在 兒童 亡靈 紀念館 內 的 牆 上 掛 著 屠殺 時期 受難 兒童 的 名字 與 照片 步行 於 曲延 長廊 放眼 幽亮 的 燭光 令 人 難 遏 悲傷 的 心情,33,在(3284238) 兒童(30462) 亡靈(610) 紀念館(1101) 內(183051) 的(16029838) 牆(26918) 上(1233218) 掛(19280) 著(1004687) 屠殺(3335) 時期(47839) 受難(1584) 兒童(30462) 的(16029838) 名字(42571) 與(968432) 照片(25355) 步行(3973) 於(327210) 曲延(1) 長廊(1130) 放眼(1800) 幽亮(1) 的(16029838) 燭光(1322) 令(128742) 人(1550512) 難(75701) 遏(213) 悲傷(9716) 的(16029838) 心情(33611),"{'High': 31, 'Low': 2}","{'第1*級': 1, '第4級': 2, 'Unknown': 7, '第3級': 1, '第1級': 7, '第5級': 5, '第2*級': 1, '第6級': 3, '第4*級': 2, '第7級': 2, '第2級': 1, '第3*級': 1}",1,Y,Y,N,N
館外和平橄欖樹多辛德勒義行永流傳步出這些充滿感傷的紀念館，以色列人也不忘在國家歷史紀念館外的廣場，感謝二次世界大戰期間，曾經伸手援助猶太人的國家與個人。,館 外 和平 橄欖樹 多 辛德勒 義行 永 流傳 步出 這些 充滿 感傷 的 紀念館 以色列人 也 不忘 在 國家 歷史 紀念館 外 的 廣場 感謝 二 次 世界 大戰 期間 曾經 伸手 援助 猶太人 的 國家 與 個人,39,館(3995) 外(109310) 和平(14127) 橄欖樹(237) 多(318992) 辛德勒(149) 義行(184) 永(9513) 流傳(7352) 步出(690) 這些(315113) 充滿(43990) 感傷(1884) 的(16029838) 紀念館(1101) 以色列人(586) 也(1590760) 不忘(3169) 在(3284238) 國家(109166) 歷史(96060) 紀念館(1101) 外(109310) 的(16029838) 廣場(8418) 感謝(18391) 二(152494) 次(331701) 世界(165235) 大戰(11269) 期間(32981) 曾經(52970) 伸手(9973) 援助(3356) 猶太人(8350) 的(16029838) 國家(109166) 與(968432) 個人(76253),{'High': 39},"{'Unknown': 14, '第1級': 8, '第4級': 4, '第5級': 2, '第4*級': 3, '第6級': 2, '第1*級': 3, '第3級': 1, '第2級': 2}",6,Y,Y,N,Y
除了紀念這些不幸在人類錯誤歷史中被犧牲的眾多猶太人外，紀念館外也種植了五百多棵象徵永世和平的橄欖樹。,除了 紀念 這些 不幸 在 人類 錯誤 歷史 中 被 犧牲 的 眾多 猶太人 外 紀念館 外 也 種植 了 五百多 棵 象徵 永世 和平 的 橄欖樹,27,除了(75964) 紀念(7956) 這些(315113) 不幸(17433) 在(3284238) 人類(78855) 錯誤(32054) 歷史(96060) 中(1011729) 被(540683) 犧牲(13057) 的(16029838) 眾多(11350) 猶太人(8350) 外(109310) 紀念館(1101) 外(109310) 也(1590760) 種植(3944) 了(3199291) 五百多(484) 棵(12832) 象徵(18975) 永世(433) 和平(14127) 的(16029838) 橄欖樹(237),{'High': 27},"{'第3*級': 1, '第4級': 4, 'Unknown': 8, '第4*級': 2, '第1*級': 1, '第3級': 1, '第2級': 1, '第6級': 3, '第1級': 5, '第5級': 1}",4,Y,N,N,N
在每棵橄欖樹下都有一面牌子，上面撰述著曾經幫助過猶太人的國家或個人姓名。,在 每 棵 橄欖樹 下 都 有 一 面 牌子 上面 撰述 著 曾經 幫助 過 猶太人 的 國家 或 個人 姓名,22,在(3284238) 每(333357) 棵(12832) 橄欖樹(237) 下(329549) 都(1125846) 有(2217079) 一(3701681) 面(39563) 牌子(2886) 上面(33520) 撰述(643) 著(1004687) 曾經(52970) 幫助(62744) 過(412878) 猶太人(8350) 的(16029838) 國家(109166) 或(478077) 個人(76253) 姓名(6384),{'High': 22},"{'第1*級': 5, '第4級': 4, 'Unknown': 4, '第1級': 5, '第4*級': 1, '第7級': 1, '第2級': 1, '第3級': 1}",2,Y,Y,N,N
這樣的作法，不但帶有感恩國際的心，也藉以提醒後世的猶太子民，千萬不要忘記過去那段沈痛的歷史傷痕，更加團結奮發，不容重蹈覆轍。,這樣 的 作法 不但 帶有 感恩 國際 的 心 也 藉以 提醒 後世 的 猶太 子民 千萬 不要 忘記 過去 那 段 沈痛 的 歷史 傷痕 更加 團結 奮發 不容 重蹈覆轍,31,這樣(288344) 的(16029838) 作法(9353) 不但(40359) 帶有(9794) 感恩(4295) 國際(40846) 的(16029838) 心(180243) 也(1590760) 藉以(2797) 提醒(20820) 後世(4381) 的(16029838) 猶太(4764) 子民(1219) 千萬(13485) 不要(101931) 忘記(16586) 過去(88758) 那(754138) 段(95980) 沈痛(102) 的(16029838) 歷史(96060) 傷痕(1921) 更加(27604) 團結(4877) 奮發(535) 不容(3760) 重蹈覆轍(593),{'High': 31},"{'第3級': 5, '第1級': 6, 'Unknown': 6, '第5級': 4, '第4級': 4, '第2級': 1, '第7級': 4, '第4*級': 1}",1,Y,Y,N,N
國家歷史紀念館外遍植象徵和平的橄欖樹，感謝二次世界大戰曾伸手援助以色列的友人與邦國。,國家 歷史 紀念館 外 遍植 象徵 和平 的 橄欖樹 感謝 二 次 世界 大戰 曾 伸手 援助 以色列 的 友人 與 邦國,22,國家(109166) 歷史(96060) 紀念館(1101) 外(109310) 遍植(Unknown) 象徵(18975) 和平(14127) 的(16029838) 橄欖樹(237) 感謝(18391) 二(152494) 次(331701) 世界(165235) 大戰(11269) 曾(132981) 伸手(9973) 援助(3356) 以色列(3589) 的(16029838) 友人(4780) 與(968432) 邦國(231),"{'High': 21, 'Low': 1}","{'第1*級': 1, '第3級': 1, 'Unknown': 6, '第1級': 4, '第6級': 3, '第4級': 3, '第2級': 2, '第7級': 1, '第4*級': 1}",3,Y,Y,N,N
而辛德勒是最有名的一棵樹。,而 辛德勒 是 最 有名 的 一 棵 樹,9,而(937923) 辛德勒(149) 是(4642407) 最(421680) 有名(8977) 的(16029838) 一(3701681) 棵(12832) 樹(34746),{'High': 9},"{'第5級': 1, 'Unknown': 1, '第1級': 3, '第1*級': 1, '第2*級': 1, '第4級': 1, '第2級': 1}",1,Y,Y,N,Y
國家歷史紀念館外的和平橄欖樹眾多，所感謝的個人與國家也多達三千之眾，但最有名的，非富商辛德勒莫屬。,國家 歷史 紀念館 外 的 和平 橄欖樹 眾多 所 感謝 的 個人 與 國家 也 多達 三千 之 眾 但 最 有名 的 非 富商 辛德勒 莫 屬,28,國家(109166) 歷史(96060) 紀念館(1101) 外(109310) 的(16029838) 和平(14127) 橄欖樹(237) 眾多(11350) 所(527327) 感謝(18391) 的(16029838) 個人(76253) 與(968432) 國家(109166) 也(1590760) 多達(2200) 三千(5525) 之(875481) 眾(21237) 但(597124) 最(421680) 有名(8977) 的(16029838) 非(112415) 富商(1274) 辛德勒(149) 莫(13498) 屬(26012),{'High': 28},"{'第1*級': 3, '第3級': 1, 'Unknown': 7, '第1級': 5, '第4級': 3, '第5級': 4, '第2級': 2, '第4*級': 1, '第2*級': 1, '第6級': 1}",3,Y,Y,N,Y
原因很簡單，由於辛德勒拯救猶太人的義行，被拍攝成電影「辛德勒名單」。,原因 很 簡單 由於 辛德勒 拯救 猶太人 的 義行 被 拍攝成 電影 辛德勒 名單,14,原因(67404) 很(715675) 簡單(52683) 由於(88111) 辛德勒(149) 拯救(5671) 猶太人(8350) 的(16029838) 義行(184) 被(540683) 拍攝成(47) 電影(115295) 辛德勒(149) 名單(6552),"{'High': 13, 'Low': 1}","{'第3*級': 1, '第1級': 2, '第2級': 2, '第4*級': 1, 'Unknown': 5, '第6級': 1, '第1*級': 1, '第5級': 1}",4,Y,Y,N,Y
所以，這棵紀念辛德勒而栽種的樹木，也跟著水漲船高，而聲名大噪，許多觀光客來到這裡，都會蹲下身子，與這塊紀念名牌合影留念。,所以 這 棵 紀念 辛德勒 而 栽種 的 樹木 也 跟著 水漲船高 而 聲名大噪 許多 觀光客 來到 這裡 都 會 蹲下 身子 與 這 塊 紀念 名牌 合影 留念,29,所以(239080) 這(2114032) 棵(12832) 紀念(7956) 辛德勒(149) 而(937923) 栽種(1614) 的(16029838) 樹木(6166) 也(1590760) 跟著(84) 水漲船高(322) 而(937923) 聲名大噪(543) 許多(159791) 觀光客(2140) 來到(45261) 這裡(100385) 都(1125846) 會(1014977) 蹲下(849) 身子(12257) 與(968432) 這(2114032) 塊(54148) 紀念(7956) 名牌(2112) 合影(736) 留念(413),"{'High': 28, 'Low': 1}","{'第1*級': 2, '第1級': 7, '第4級': 5, 'Unknown': 8, '第5級': 2, '第7級': 1, '第3*級': 1, '第4*級': 3}",4,Y,Y,N,Y
與這塊紀念名牌合影留念。,與 這 塊 紀念 名牌 合影 留念,7,與(968432) 這(2114032) 塊(54148) 紀念(7956) 名牌(2112) 合影(736) 留念(413),{'High': 7},"{'第4*級': 3, '第1級': 2, '第4級': 1, 'Unknown': 1}",0,Y,N,N,N
受到兵變及治安不佳影響，近年來嚇跑不少觀光客的菲律賓，最近已逐漸走出「不安全」的旅遊陰影，一度曾被美國駐菲大使館評定為旅遊「不安全區」的民答那峨島，因為豐富的熱帶雨林天然景致、以及獨特的島國風情，最近又成為短期度假的「新寵」。,受到 兵變 及 治安 不佳 影響 近年 來 嚇跑 不少 觀光客 的 菲律賓 最近 已 逐漸 走出 不 安全 的 旅遊 陰影 一 度 曾 被 美國 駐 菲 大使館 評定為 旅遊 不 安全區 的 民答那峨島 因為 豐富 的 熱帶 雨林 天然 景致 以及 獨特 的 島國 風情 最近 又 成為 短期 度假 的 新寵,55,受到(66513) 兵變(1328) 及(304586) 治安(2364) 不佳(4940) 影響(95840) 近年(7929) 來(742183) 嚇跑(664) 不少(35256) 觀光客(2140) 的(16029838) 菲律賓(4052) 最近(30174) 已(215610) 逐漸(38705) 走出(15309) 不(2282521) 安全(35338) 的(16029838) 旅遊(8465) 陰影(7571) 一(3701681) 度(25018) 曾(132981) 被(540683) 美國(148299) 駐(9170) 菲(1470) 大使館(1324) 評定為(91) 旅遊(8465) 不(2282521) 安全區(84) 的(16029838) 民答那峨島(4) 因為(425061) 豐富(24271) 的(16029838) 熱帶(2617) 雨林(944) 天然(6103) 景致(1617) 以及(155624) 獨特(13428) 的(16029838) 島國(370) 風情(1988) 最近(30174) 又(535555) 成為(143834) 短期(5507) 度假(3488) 的(16029838) 新寵(129),"{'High': 52, 'Low': 3}","{'第4級': 7, 'Unknown': 14, '第5級': 8, '第6級': 4, '第3級': 4, '第1級': 11, '第2級': 3, '第1*級': 2, '第7級': 1, '第4*級': 1}",6,Y,Y,N,N
民答那峨是菲律賓的第二大島，雖然是菲國較富裕的海島之一，農漁礦產豐富，和工商業為主的呂宋島相比，生活水準仍落後一大截；近年更因為是倡導自治、獨立的回教徒(穆斯林)主要聚集區，成為菲律賓政局較動盪的地區。,民答那峨 是 菲律賓 的 第二 大 島 雖然 是 菲國 較 富裕 的 海島 之 一 農 漁 礦產 豐富 和 工商業 為主 的 呂宋島 相比 生活 水準 仍 落後 一 大 截 近年 更 因為 是 倡導 自治 獨立 的 回教徒 穆斯林 主要 聚集區 成為 菲律賓 政局 較 動盪 的 地區,52,民答那峨(10) 是(4642407) 菲律賓(4052) 的(16029838) 第二(98741) 大(525780) 島(19160) 雖然(152988) 是(4642407) 菲國(81) 較(78424) 富裕(4910) 的(16029838) 海島(1004) 之(875481) 一(3701681) 農(2381) 漁(496) 礦產(410) 豐富(24271) 和(1338337) 工商業(1015) 為主(12900) 的(16029838) 呂宋島(92) 相比(8604) 生活(213189) 水準(9940) 仍(92056) 落後(5281) 一(3701681) 大(525780) 截(3726) 近年(7929) 更(361676) 因為(425061) 是(4642407) 倡導(2014) 自治(2269) 獨立(29364) 的(16029838) 回教徒(363) 穆斯林(1526) 主要(78757) 聚集區(22) 成為(143834) 菲律賓(4052) 政局(1677) 較(78424) 動盪(2247) 的(16029838) 地區(40339),"{'Low': 4, 'High': 48}","{'Unknown': 15, '第1級': 12, '第6級': 6, '第4級': 8, '第2級': 3, '第5級': 5, '第3級': 1, '第1*級': 1, '第7級': 1}",8,Y,Y,N,Y
不過，事實上，因為菲律賓有近七千萬人口，信奉回教者只有一百多萬，且多數生活貧困、集中在民答那峨西區的連諾湖(LANAO？,不過 事實 上 因為 菲律賓 有 近 七千萬 人口 信奉 回教 者 只 有 一百多萬 且 多數 生活 貧困 集中 在 民答那峨 西區 的 連諾湖 LANAO,26,不過(186226) 事實(84995) 上(1233218) 因為(425061) 菲律賓(4052) 有(2217079) 近(43555) 七千萬(178) 人口(17562) 信奉(2099) 回教(1238) 者(423504) 只(436725) 有(2217079) 一百多萬(258) 且(67015) 多數(13621) 生活(213189) 貧困(2761) 集中(18277) 在(3284238) 民答那峨(10) 西區(563) 的(16029838) 連諾湖(Unknown) LANAO(Unknown),"{'High': 23, 'Low': 3}","{'第2級': 2, '第4級': 3, '第1級': 4, '第1*級': 3, '第6級': 3, 'Unknown': 8, '第3級': 2, '第4*級': 1}",6,Y,Y,N,Y
LAKE)及小島蘇魯島(SULU？,LAKE 及 小島 蘇魯島 SULU,5,LAKE(Unknown) 及(304586) 小島(379) 蘇魯島(Unknown) SULU(Unknown),"{'Low': 3, 'High': 2}","{'Unknown': 4, '第5級': 1}",3,N,Y,N,N
ISLAD)附近，對整個菲國乃至民答那峨的安全威脅並不如想像的大。,ISLAD 附近 對 整個 菲國 乃至 民答那峨 的 安全 威脅 並 不如 想像 的 大,15,ISLAD(Unknown) 附近(32204) 對(897964) 整個(Unknown) 菲國(81) 乃至(5410) 民答那峨(10) 的(16029838) 安全(35338) 威脅(18259) 並(442790) 不如(21722) 想像(45673) 的(16029838) 大(525780),"{'Low': 4, 'High': 11}","{'Unknown': 4, '第1*級': 1, '第1級': 4, '第6級': 1, '第3級': 1, '第5級': 1, '第4*級': 1, '第4級': 2}",2,Y,Y,N,N
連諾湖一帶以瀑布聞名，傳說中比美國尼加拉瀑布還高的瀑布即在此地；但因為該區為回教徒的政教中心，觀光客並不多。,連諾湖 一帶 以 瀑布 聞名 傳說 中 比 美國 尼加拉瀑布 還 高 的 瀑布 即 在 此 地 但 因為 該 區 為 回教徒 的 政教 中心 觀光客 並 不 多,31,連諾湖(Unknown) 一帶(12544) 以(547785) 瀑布(2537) 聞名(4406) 傳說(14362) 中(1011729) 比(170486) 美國(148299) 尼加拉瀑布(44) 還(625086) 高(128858) 的(16029838) 瀑布(2537) 即(110826) 在(3284238) 此(288458) 地(754998) 但(597124) 因為(425061) 該(148369) 區(6652) 為(761341) 回教徒(363) 的(16029838) 政教(417) 中心(46076) 觀光客(2140) 並(442790) 不(2282521) 多(318992),"{'Low': 2, 'High': 29}","{'Unknown': 8, '第4*級': 4, '第5級': 4, '第6級': 2, '第1*級': 3, '第1級': 6, '第2級': 1, '第4級': 2, '第3級': 1}",4,Y,Y,N,N
至於民答那峨最繁華的地區則屬南區的大堡灣一帶，大堡灣早期是軍港，吸引了許多前來「墾荒」尋求發展機會的北部島嶼居民，因而成為民答那峨區的文教、經濟中心。,至於 民答那峨 最 繁華 的 地區 則 屬 南區 的 大堡灣 一帶 大堡灣 早期 是 軍港 吸引 了 許多 前來 墾荒 尋求 發展 機會 的 北部 島嶼 居民 因而 成為 民答那峨區 的 文教 經濟 中心,35,至於(39363) 民答那峨(10) 最(421680) 繁華(2328) 的(16029838) 地區(40339) 則(254096) 屬(26012) 南區(565) 的(16029838) 大堡灣(Unknown) 一帶(12544) 大堡灣(Unknown) 早期(20120) 是(4642407) 軍港(107) 吸引(20619) 了(3199291) 許多(159791) 前來(13412) 墾荒(356) 尋求(14747) 發展(117494) 機會(81244) 的(16029838) 北部(5380) 島嶼(3972) 居民(13554) 因而(29060) 成為(143834) 民答那峨區(Unknown) 的(16029838) 文教(1353) 經濟(83046) 中心(46076),"{'High': 31, 'Low': 4}","{'第5級': 6, 'Unknown': 10, '第1*級': 1, '第6級': 2, '第1級': 5, '第4級': 4, '第4*級': 2, '第3*級': 1, '第2級': 1, '第2*級': 1, '第7級': 1, '第3級': 1}",4,Y,Y,N,N
港區的發展帶動著沿海地區的觀光業，著名的渡假島嶼及沙灘即集中在大堡灣及民答那峨的東、北部沿海。,港區 的 發展 帶動 著 沿海 地區 的 觀光業 著名 的 渡假 島嶼 及 沙灘 即 集中 在 大堡灣 及 民答那峨 的 東 北部 沿海,25,港區(267) 的(16029838) 發展(117494) 帶動(3810) 著(1004687) 沿海(3250) 地區(40339) 的(16029838) 觀光業(136) 著名(20279) 的(16029838) 渡假(628) 島嶼(3972) 及(304586) 沙灘(3161) 即(110826) 集中(18277) 在(3284238) 大堡灣(Unknown) 及(304586) 民答那峨(10) 的(16029838) 東(28440) 北部(5380) 沿海(3250),"{'High': 23, 'Low': 2}","{'Unknown': 6, '第1級': 4, '第4級': 2, '第6級': 6, '第5級': 2, '第4*級': 2, '第1*級': 1, '第2*級': 2}",3,Y,Y,N,N
菲律賓海域隨處可見布滿熱帶林相的島嶼。,菲律賓 海域 隨處 可 見 布滿 熱帶 林相 的 島嶼,10,菲律賓(4052) 海域(1974) 隨處(1784) 可(307359) 見(179113) 布滿(1596) 熱帶(2617) 林相(112) 的(16029838) 島嶼(3972),{'High': 10},"{'第6級': 3, '第7級': 1, 'Unknown': 2, '第4*級': 1, '第1*級': 1, '第5級': 1, '第1級': 1}",1,Y,N,N,N
民答那峨的熱帶氣候，四季如夏，是國人避寒、度假的好去處。,民答那峨 的 熱帶 氣候 四 季 如 夏 是 國人 避寒 度假 的 好 去處,15,民答那峨(10) 的(16029838) 熱帶(2617) 氣候(6752) 四(141667) 季(8122) 如(195069) 夏(10706) 是(4642407) 國人(4275) 避寒(149) 度假(3488) 的(16029838) 好(448428) 去處(972),"{'Low': 1, 'High': 14}","{'Unknown': 6, '第1級': 4, '第5級': 1, '第4級': 1, '第3級': 1, '第2級': 1, '第4*級': 1}",1,Y,N,N,N
不過，菲律賓群島的四、五月是雨季，燠熱難當，八、九月則是颱風季，氣候不定，因此，十月到次年三月間是最適當的旅遊季節，其中十二月卅日英雄節及元旦的過年慶祝狂歡活動最不可錯過；不過，五月是菲國的花節，六月有獨立節的慶典活動，同時又是水果盛產期，也是難得的旅遊時機。,不過 菲律賓群島 的 四 五月 是 雨季 燠熱 難當 八 九月 則 是 颱風 季 氣候 不定 因此 十月 到 次 年 三月 間 是 最 適當 的 旅遊 季節 其中 十二月 卅日 英雄節 及 元旦 的 過年 慶祝 狂歡 活動 最 不可 錯過 不過 五月 是 菲國 的 花節 六月 有 獨立節 的 慶典 活動 同時 又 是 水果 盛產期 也 是 難得 的 旅遊 時機,67,不過(186226) 菲律賓群島(Unknown) 的(16029838) 四(141667) 五月(15682) 是(4642407) 雨季(510) 燠熱(192) 難當(488) 八(54961) 九月(15070) 則(254096) 是(4642407) 颱風(3385) 季(8122) 氣候(6752) 不定(3665) 因此(184606) 十月(15556) 到(546906) 次(331701) 年(514736) 三月(16043) 間(115638) 是(4642407) 最(421680) 適當(17983) 的(16029838) 旅遊(8465) 季節(5885) 其中(95627) 十二月(13715) 卅日(76) 英雄節(Unknown) 及(304586) 元旦(1180) 的(16029838) 過年(2578) 慶祝(5285) 狂歡(1345) 活動(85743) 最(421680) 不可(50808) 錯過(4695) 不過(186226) 五月(15682) 是(4642407) 菲國(81) 的(16029838) 花節(7) 六月(14880) 有(2217079) 獨立節(Unknown) 的(16029838) 慶典(1885) 活動(85743) 同時(115305) 又(535555) 是(4642407) 水果(8276) 盛產期(79) 也(1590760) 是(4642407) 難得(8735) 的(16029838) 旅遊(8465) 時機(11280),"{'High': 60, 'Low': 7}","{'第2級': 5, 'Unknown': 19, '第1級': 18, '第7級': 1, '第5級': 4, '第3級': 3, '第4級': 4, '第4*級': 4, '第1*級': 4, '第3*級': 2, '第2*級': 1, '第6級': 2}",5,Y,Y,N,N
也是難得的旅遊時機。,也 是 難得 的 旅遊 時機,6,也(1590760) 是(4642407) 難得(8735) 的(16029838) 旅遊(8465) 時機(11280),{'High': 6},"{'第1級': 3, '第4*級': 1, '第4級': 1, '第5級': 1}",0,Y,N,N,N
俄勒岡州第一大城市內的國際玫瑰試驗所舉世聞名。,俄勒岡州 第一 大 城市 內 的 國際 玫瑰 試驗所 舉世聞名,10,俄勒岡州(84) 第一(172544) 大(525780) 城市(32018) 內(183051) 的(16029838) 國際(40846) 玫瑰(5639) 試驗所(125) 舉世聞名(341),"{'Low': 1, 'High': 9}","{'Unknown': 2, '第2級': 1, '第1級': 2, '第3級': 2, '第4級': 1, '第5級': 1, '第7級': 1}",3,Y,N,N,N
波特蘭日本庭園如詩如畫。,波特蘭 日本 庭園 如 詩 如 畫,7,波特蘭(460) 日本(105587) 庭園(2145) 如(195069) 詩(38349) 如(195069) 畫(57787),{'High': 7},"{'Unknown': 3, '第1級': 1, '第5級': 2, '第1*級': 1}",1,N,N,N,N
波特蘭市是美國俄勒岡州的第一大城，由於天氣適合，花草樹木生長良好，並有一處特殊的國際玫瑰試驗所，種植的玫瑰花品種多達四百多種，有機會前往波特蘭旅遊的朋友，不宜錯過這盛大而美麗的據點。,波特蘭市 是 美國 俄勒岡州 的 第一 大城 由於 天氣 適合 花草 樹木 生長 良好 並 有 一 處 特殊 的 國際 玫瑰 試驗所 種植 的 玫瑰花 品種 多達 四百多 種 有 機會 前往 波特蘭 旅遊 的 朋友 不宜 錯過 這 盛大 而 美麗 的 據點,45,波特蘭市(67) 是(4642407) 美國(148299) 俄勒岡州(84) 的(16029838) 第一(172544) 大城(864) 由於(88111) 天氣(11782) 適合(25592) 花草(1772) 樹木(6166) 生長(11628) 良好(16069) 並(442790) 有(2217079) 一(3701681) 處(84410) 特殊(28606) 的(16029838) 國際(40846) 玫瑰(5639) 試驗所(125) 種植(3944) 的(16029838) 玫瑰花(1081) 品種(2982) 多達(2200) 四百多(562) 種(701563) 有(2217079) 機會(81244) 前往(27321) 波特蘭(460) 旅遊(8465) 的(16029838) 朋友(101331) 不宜(4289) 錯過(4695) 這(2114032) 盛大(2584) 而(937923) 美麗(24889) 的(16029838) 據點(2750),"{'Low': 2, 'High': 43}","{'Unknown': 11, '第1級': 12, '第2級': 2, '第4*級': 4, '第1*級': 1, '第3級': 1, '第4級': 3, '第5級': 6, '第6級': 4, '第3*級': 1}",6,Y,Y,N,N
氣質高雅的波特蘭，又名玫瑰城，除了因為有一座舉世聞名的玫瑰品種試驗場，更有許多波特蘭民眾喜愛在自家附近種植玫瑰，市政府也刻意在部分街道兩旁開闢玫瑰花圃，維持波特蘭盛名於不墜。,氣質 高雅 的 波特蘭 又 名 玫瑰城 除了 因為 有 一 座 舉世聞名 的 玫瑰 品種 試驗場 更 有 許多 波特蘭 民眾 喜愛 在 自家 附近 種植 玫瑰 市政府 也 刻意 在 部分 街道 兩旁 開闢 玫瑰 花圃 維持 波特蘭 盛名 於 不 墜,44,氣質(6909) 高雅(1810) 的(16029838) 波特蘭(460) 又(535555) 名(136287) 玫瑰城(3) 除了(75964) 因為(425061) 有(2217079) 一(3701681) 座(49959) 舉世聞名(341) 的(16029838) 玫瑰(5639) 品種(2982) 試驗場(67) 更(361676) 有(2217079) 許多(159791) 波特蘭(460) 民眾(17097) 喜愛(12200) 在(3284238) 自家(4633) 附近(32204) 種植(3944) 玫瑰(5639) 市政府(1750) 也(1590760) 刻意(11267) 在(3284238) 部分(82518) 街道(8031) 兩旁(1552) 開闢(2108) 玫瑰(5639) 花圃(559) 維持(31284) 波特蘭(460) 盛名(1059) 於(327210) 不(2282521) 墜(1625),"{'High': 42, 'Low': 2}","{'第5級': 7, '第6級': 4, '第1級': 7, 'Unknown': 11, '第1*級': 5, '第2級': 2, '第3*級': 3, '第7級': 2, '第4*級': 2, '第4級': 1}",7,Y,Y,N,N
正確的說，位於波特蘭西側的國際玫瑰試驗所是華盛頓公園的一部分，華盛頓公園坐落在小山丘上，分為玫瑰試驗所、日本庭園及動物園等部分，從波特蘭鬧區到華盛頓公園的公車路程中，沿途所見包括希臘式、羅馬式、維多利亞式、巴洛克式各種建築，家家戶戶都種植了平整而綠油油的草皮，以及似錦如玉的各色繁花。,正確 的 說 位於 波特蘭 西側 的 國際 玫瑰 試驗所 是 華盛頓 公園 的 一 部分 華盛頓 公園 坐落 在 小 山丘 上 分為 玫瑰 試驗所 日本 庭園 及 動物園 等 部分 從 波特蘭 鬧區 到 華盛頓 公園 的 公車 路程 中 沿途 所 見 包括 希臘式 羅馬式 維多利亞式 巴洛克式 各 種 建築 家家戶戶 都 種植 了 平整 而 綠油油 的 草皮 以及 似 錦 如 玉 的 各 色 繁花,71,正確(36593) 的(16029838) 說(1285247) 位於(19612) 波特蘭(460) 西側(935) 的(16029838) 國際(40846) 玫瑰(5639) 試驗所(125) 是(4642407) 華盛頓(6683) 公園(13910) 的(16029838) 一(3701681) 部分(82518) 華盛頓(6683) 公園(13910) 坐落(1290) 在(3284238) 小(318835) 山丘(2940) 上(1233218) 分為(11069) 玫瑰(5639) 試驗所(125) 日本(105587) 庭園(2145) 及(304586) 動物園(2312) 等(327380) 部分(82518) 從(496546) 波特蘭(460) 鬧區(313) 到(546906) 華盛頓(6683) 公園(13910) 的(16029838) 公車(4473) 路程(2648) 中(1011729) 沿途(2767) 所(527327) 見(179113) 包括(74410) 希臘式(153) 羅馬式(174) 維多利亞式(251) 巴洛克式(196) 各(243023) 種(701563) 建築(31065) 家家戶戶(934) 都(1125846) 種植(3944) 了(3199291) 平整(619) 而(937923) 綠油油(384) 的(16029838) 草皮(635) 以及(155624) 似(17655) 錦(794) 如(195069) 玉(5932) 的(16029838) 各(243023) 色(9979) 繁花(168),{'High': 71},"{'第4級': 3, '第1級': 14, '第6級': 6, 'Unknown': 21, '第5級': 9, '第1*級': 7, '第2級': 5, '第3*級': 2, '第4*級': 1, '第7級': 2, '第2*級': 1}",14,Y,Y,N,N
波特蘭的花季是從五月開始，每年六月並有玫瑰節，精采的內容包括花展、花車遊行、藝術活動等，吸引全美、甚至全球的觀光客前去。,波特蘭 的 花季 是 從 五月 開始 每 年 六月 並 有 玫瑰節 精采 的 內容 包括 花展 花車 遊行 藝術 活動 等 吸引 全美 甚至 全球 的 觀光客 前去,30,波特蘭(460) 的(16029838) 花季(184) 是(4642407) 從(496546) 五月(15682) 開始(245562) 每(333357) 年(514736) 六月(14880) 並(442790) 有(2217079) 玫瑰節(3) 精采(4673) 的(16029838) 內容(55074) 包括(74410) 花展(18) 花車(320) 遊行(3347) 藝術(80645) 活動(85743) 等(327380) 吸引(20619) 全美(22) 甚至(122502) 全球(21104) 的(16029838) 觀光客(2140) 前去(4606),"{'High': 27, 'Low': 3}","{'Unknown': 9, '第1級': 6, '第1*級': 2, '第2級': 2, '第4*級': 2, '第5級': 2, '第4級': 5, '第3*級': 2}",3,Y,Y,N,Y
純粹賞花的遊客，處身在四百多種玫瑰、上萬叢花樹之間，那種感受該是一種感動吧。,純粹 賞 花 的 遊客 處身 在 四百多 種 玫瑰 上萬 叢 花樹 之間 那 種 感受 該 是 一 種 感動 吧,23,純粹(10141) 賞(8511) 花(72593) 的(16029838) 遊客(4899) 處身(256) 在(3284238) 四百多(562) 種(701563) 玫瑰(5639) 上萬(794) 叢(2165) 花樹(212) 之間(117932) 那(754138) 種(701563) 感受(30399) 該(148369) 是(4642407) 一(3701681) 種(701563) 感動(15132) 吧(184477),{'High': 23},"{'第6級': 2, '第5級': 3, 'Unknown': 9, '第1級': 5, '第1*級': 1, '第4級': 2, '第4*級': 1}",1,Y,N,N,N
即使不是在花季到玫瑰試驗所，光看花圃有關的規畫及管理上的設計，也是一種收穫。,即使 不 是 在 花季 到 玫瑰 試驗所 光 看 花圃 有關 的 規畫 及 管理 上 的 設計 也 是 一 種 收穫,24,即使(68376) 不(2282521) 是(4642407) 在(3284238) 花季(184) 到(546906) 玫瑰(5639) 試驗所(125) 光(42738) 看(444691) 花圃(559) 有關(69607) 的(16029838) 規畫(2553) 及(304586) 管理(54484) 上(1233218) 的(16029838) 設計(59326) 也(1590760) 是(4642407) 一(3701681) 種(701563) 收穫(5747),{'High': 24},"{'第4*級': 3, '第1級': 9, '第1*級': 1, 'Unknown': 5, '第5級': 3, '第3*級': 1, '第4級': 1, '第6級': 1}",1,Y,Y,N,N
何況，在玫瑰之外，當地還有不少其它花種，當仁不讓地綻放著。,何況 在 玫瑰 之外 當地 還 有 不少 其它 花種 當仁不讓 地 綻放 著,14,何況(10179) 在(3284238) 玫瑰(5639) 之外(45757) 當地(23011) 還(625086) 有(2217079) 不少(35256) 其它(3339) 花種(99) 當仁不讓(192) 地(754998) 綻放(1768) 著(1004687),"{'High': 13, 'Low': 1}","{'第5級': 2, '第1*級': 1, 'Unknown': 7, '第4*級': 1, '第1級': 1, '第2級': 1, '第6級': 1}",1,Y,Y,N,N
試驗所內有一座露天劇場，階梯式的草皮，乾淨的無氣，晴朗的藍天，偶爾還可以看到小松鼠，弗視於人類的存在，來去漫步，旅人行腳至此，身心都不難得到休憩。,試驗所 內 有 一 座 露天 劇場 階梯式 的 草皮 乾淨 的 無 氣 晴朗 的 藍天 偶爾 還可以 看到 小 松鼠 弗視 於 人類 的 存在 來去 漫步 旅人 行腳 至 此 身心 都 不 難得 到 休憩,39,試驗所(125) 內(183051) 有(2217079) 一(3701681) 座(49959) 露天(1305) 劇場(6520) 階梯式(93) 的(16029838) 草皮(635) 乾淨(12245) 的(16029838) 無(157858) 氣(53111) 晴朗(1420) 的(16029838) 藍天(1862) 偶爾(15400) 還可以(9751) 看到(159419) 小(318835) 松鼠(1595) 弗視(Unknown) 於(327210) 人類(78855) 的(16029838) 存在(75197) 來去(1327) 漫步(2292) 旅人(1599) 行腳(356) 至(101530) 此(288458) 身心(9736) 都(1125846) 不(2282521) 難得(8735) 到(546906) 休憩(647),"{'High': 37, 'Low': 2}","{'Unknown': 9, '第3級': 1, '第1級': 10, '第3*級': 1, '第6級': 3, '第7級': 3, '第2級': 1, '第5級': 7, '第4*級': 3, '第1*級': 1}",3,Y,N,N,N
玫瑰試驗所又分成好幾部分，其中有一座莎士比亞花園，園中一面紀念牆上，雕刻著莎士比亞臉像，並抄錄了他的一句話，這句話可能也是許多波特蘭市民的共同心聲：「我認為花中以玫瑰最美好」。,玫瑰 試驗所 又 分成 好幾 部分 其中 有 一 座 莎士比亞 花園 園 中 一 面 紀念牆 上 雕刻 著 莎士比亞 臉像 並 抄錄 了 他 的 一 句 話 這 句 話 可能 也 是 許多 波特蘭 市民 的 共同 心聲 我 認為 花 中 以 玫瑰 最 美好,50,玫瑰(5639) 試驗所(125) 又(535555) 分成(7720) 好幾(30650) 部分(82518) 其中(95627) 有(2217079) 一(3701681) 座(49959) 莎士比亞(3005) 花園(11369) 園(3364) 中(1011729) 一(3701681) 面(39563) 紀念牆(20) 上(1233218) 雕刻(4070) 著(1004687) 莎士比亞(3005) 臉像(1) 並(442790) 抄錄(664) 了(3199291) 他(2487930) 的(16029838) 一(3701681) 句(87396) 話(148020) 這(2114032) 句(87396) 話(148020) 可能(271025) 也(1590760) 是(4642407) 許多(159791) 波特蘭(460) 市民(6158) 的(16029838) 共同(36636) 心聲(2064) 我(3033032) 認為(192030) 花(72593) 中(1011729) 以(547785) 玫瑰(5639) 最(421680) 美好(17327),"{'High': 48, 'Low': 2}","{'第5級': 4, 'Unknown': 14, '第1*級': 2, '第2級': 4, '第3*級': 3, '第1級': 15, '第4級': 2, '第4*級': 3, '第6級': 2, '第7級': 1}",5,Y,Y,N,Y
「我認為花中以玫瑰最美好」。,我 認為 花 中 以 玫瑰 最 美好,8,我(3033032) 認為(192030) 花(72593) 中(1011729) 以(547785) 玫瑰(5639) 最(421680) 美好(17327),{'High': 8},"{'第1級': 1, '第2級': 1, 'Unknown': 2, '第5級': 2, '第1*級': 1, '第4*級': 1}",0,Y,N,N,N
北半球苦寒的冬季，南半球的澳洲卻是陽光美好的盛夏時分，也是世界各國釣魚人挑戰珊瑚海大魚的好時光，國內各地釣場普遍受東北季風影響常無法出竿的當季，不妨將眼光拉到南太平洋的大堡礁海域。,北半球 苦寒 的 冬季 南半球 的 澳洲 卻 是 陽光 美好 的 盛夏 時分 也 是 世界 各 國 釣魚人 挑戰 珊瑚 海 大 魚 的 好 時光 國內 各 地 釣場 普遍 受 東北 季風 影響 常 無法 出竿 的 當 季 不妨 將 眼光 拉到 南 太平洋 的 大堡礁 海域,52,北半球(291) 苦寒(96) 的(16029838) 冬季(3660) 南半球(274) 的(16029838) 澳洲(5383) 卻(333007) 是(4642407) 陽光(17239) 美好(17327) 的(16029838) 盛夏(685) 時分(4315) 也(1590760) 是(4642407) 世界(165235) 各(243023) 國(73377) 釣魚人(22) 挑戰(27513) 珊瑚(1400) 海(33696) 大(525780) 魚(34923) 的(16029838) 好(448428) 時光(10444) 國內(17537) 各(243023) 地(754998) 釣場(16) 普遍(16221) 受(109982) 東北(6927) 季風(656) 影響(95840) 常(86207) 無法(150606) 出竿(1) 的(16029838) 當(294625) 季(8122) 不妨(9148) 將(448374) 眼光(13910) 拉到(2659) 南(24203) 太平洋(4964) 的(16029838) 大堡礁(87) 海域(1974),"{'High': 47, 'Low': 5}","{'Unknown': 15, '第1級': 11, '第4級': 5, '第4*級': 4, '第6級': 1, '第2級': 5, '第7級': 2, '第1*級': 2, '第5級': 5, '第3級': 2}",5,Y,N,N,N
在大堡礁拚搏大魚，得使用全身肌肉的力氣。,在 大堡礁 拚搏 大 魚 得 使用 全身 肌肉 的 力氣,11,在(3284238) 大堡礁(87) 拚搏(81) 大(525780) 魚(34923) 得(573721) 使用(99640) 全身(3900) 肌肉(15653) 的(16029838) 力氣(8356),"{'High': 9, 'Low': 2}","{'第1*級': 2, 'Unknown': 3, '第1級': 2, '第4級': 2, '第5級': 1, '第4*級': 1}",1,Y,N,N,N
大堡礁與夏威夷大島齊名的大旗魚產地，國際釣客參加夏威夷釣旗魚比賽的目標通常是「重一百磅以上的大旗魚或黃鰭鮪」，但到了大堡礁，目標則常放大到「五百磅以上的旗魚」，即使意外索餌的沙魚，也常在五百磅以上。,大堡礁 與 夏威夷 大 島 齊名 的 大 旗魚 產地 國際 釣客 參加 夏威夷 釣 旗魚 比賽 的 目標 通常 是 重 一百 磅 以上 的 大 旗魚 或 黃鰭鮪 但 到 了 大堡礁 目標 則 常 放大 到 五百 磅 以上 的 旗魚 即使 意外 索餌 的 沙魚 也 常 在 五百 磅 以上,55,大堡礁(87) 與(968432) 夏威夷(1617) 大(525780) 島(19160) 齊名(325) 的(16029838) 大(525780) 旗魚(20) 產地(1056) 國際(40846) 釣客(163) 參加(42962) 夏威夷(1617) 釣(1298) 旗魚(20) 比賽(20220) 的(16029838) 目標(62638) 通常(56445) 是(4642407) 重(31331) 一百(17093) 磅(3024) 以上(36569) 的(16029838) 大(525780) 旗魚(20) 或(478077) 黃鰭鮪(16) 但(597124) 到(546906) 了(3199291) 大堡礁(87) 目標(62638) 則(254096) 常(86207) 放大(3383) 到(546906) 五百(7028) 磅(3024) 以上(36569) 的(16029838) 旗魚(20) 即使(68376) 意外(21631) 索餌(1) 的(16029838) 沙魚(60) 也(1590760) 常(86207) 在(3284238) 五百(7028) 磅(3024) 以上(36569),"{'Low': 9, 'High': 46}","{'Unknown': 18, '第4*級': 2, '第1級': 12, '第4級': 6, '第5級': 3, '第2級': 3, '第6級': 4, '第3*級': 3, '第3級': 1, '第1*級': 3}",5,Y,Y,N,N
所以在大堡礁搏魚可不是捧著細線軟竿在池邊或磯岸上跑個三、五十公尺，和魚僵持個一、二十分鐘就可以擺平；要對付五百磅級的大傢伙，可得連腰肌帶背肌，甚至全身的體重都壓上，往往釣一尾魚就可耗得釣魚人「全身」虛脫。,所以 在 大堡礁 搏 魚 可 不 是 捧 著 細線 軟竿 在 池 邊 或 磯岸 上 跑 個 三 五十 公尺 和 魚 僵持 個 一 二十 分鐘 就 可以 擺平 要 對付 五百 磅 級 的 大 傢伙 可 得 連 腰肌 帶 背肌 甚至 全身 的 體重 都 壓 上 往往 釣 一 尾 魚 就 可 耗 得 釣魚人 全身 虛脫,66,所以(239080) 在(3284238) 大堡礁(87) 搏(1570) 魚(34923) 可(307359) 不(2282521) 是(4642407) 捧(5609) 著(1004687) 細線(401) 軟竿(1) 在(3284238) 池(4135) 邊(123152) 或(478077) 磯岸(2) 上(1233218) 跑(35326) 個(2296574) 三(313861) 五十(17500) 公尺(19233) 和(1338337) 魚(34923) 僵持(670) 個(2296574) 一(3701681) 二十(32739) 分鐘(52479) 就(1737544) 可以(560531) 擺平(630) 要(851264) 對付(8469) 五百(7028) 磅(3024) 級(11106) 的(16029838) 大(525780) 傢伙(17043) 可(307359) 得(573721) 連(91153) 腰肌(227) 帶(105786) 背肌(177) 甚至(122502) 全身(3900) 的(16029838) 體重(9285) 都(1125846) 壓(9687) 上(1233218) 往往(41388) 釣(1298) 一(3701681) 尾(7034) 魚(34923) 就(1737544) 可(307359) 耗(2513) 得(573721) 釣魚人(22) 全身(3900) 虛脫(346),"{'High': 62, 'Low': 4}","{'第1*級': 8, 'Unknown': 20, '第4*級': 7, '第1級': 18, '第6級': 2, '第3級': 1, '第2級': 1, '第4級': 4, '第5級': 4, '第3*級': 1}",2,Y,Y,N,N
我國釣友在大堡礁的活動較少，中華民國釣魚協會數年前曾在湯斯威爾參加黃金海岸的釣賽，不過，黃金海岸不是大堡礁釣遊的精華所在，當時季節也不對，釣到的都是百磅以下的小傢伙。,我國 釣友 在 大堡礁 的 活動 較少 中華民國 釣魚 協會 數 年 前 曾 在 湯斯威爾 參加 黃金海岸 的 釣賽 不過 黃金海岸 不 是 大堡礁 釣遊 的 精華 所在 當時 季節 也 不 對 釣到 的 都 是 百 磅 以下 的 小傢伙,43,我國(7225) 釣友(25) 在(3284238) 大堡礁(87) 的(16029838) 活動(85743) 較少(3571) 中華民國(5430) 釣魚(2583) 協會(13492) 數(38654) 年(514736) 前(272709) 曾(132981) 在(3284238) 湯斯威爾(Unknown) 參加(42962) 黃金海岸(71) 的(16029838) 釣賽(Unknown) 不過(186226) 黃金海岸(71) 不(2282521) 是(4642407) 大堡礁(87) 釣遊(1) 的(16029838) 精華(2141) 所在(13079) 當時(126214) 季節(5885) 也(1590760) 不(2282521) 對(897964) 釣到(527) 的(16029838) 都(1125846) 是(4642407) 百(24843) 磅(3024) 以下(29388) 的(16029838) 小傢伙(1181),"{'High': 35, 'Low': 8}","{'Unknown': 12, '第1*級': 2, '第1級': 15, '第2級': 3, '第5級': 2, '第4*級': 1, '第3*級': 3, '第4級': 1, '第6級': 3, '第3級': 1}",7,Y,Y,N,N
中華賽魚協會現任理事長莊奇銘和前任理事長劉豐彥，則曾在數年前專程前往一償大堡礁的大魚拚勁和釣遊的奇趣。,中華 賽魚 協會 現任 理事長 莊奇銘 和 前任 理事長 劉豐彥 則 曾 在 數 年 前 專程 前往 一 償 大堡礁 的 大 魚 拚勁 和 釣遊 的 奇趣,29,中華(8450) 賽魚(Unknown) 協會(13492) 現任(3412) 理事長(1443) 莊奇銘(Unknown) 和(1338337) 前任(2871) 理事長(1443) 劉豐彥(1) 則(254096) 曾(132981) 在(3284238) 數(38654) 年(514736) 前(272709) 專程(1372) 前往(27321) 一(3701681) 償(408) 大堡礁(87) 的(16029838) 大(525780) 魚(34923) 拚勁(63) 和(1338337) 釣遊(1) 的(16029838) 奇趣(79),"{'High': 22, 'Low': 7}","{'Unknown': 14, '第5級': 3, '第6級': 2, '第4級': 1, '第1*級': 2, '第3*級': 1, '第1級': 6}",5,Y,Y,N,Y
劉豐彥當時釣得一尾二百磅級的旗魚，莊奇銘釣得的一尾大沙魚比十四呎寬的尾舷甲板還長，釣友們在船隻夜間錨泊時，用十四號的大挪威鉤掛一尾三公斤重的雙帶做餌，結果，二百公斤張力的釣索和用來緩衝的十八mm直徑魚槍用橡皮筋被拉斷好幾次，好不容易才弄上來一尾百公斤級大石斑。,劉豐彥 當時 釣 得 一 尾 二百 磅 級 的 旗魚 莊奇銘 釣得 的 一 尾 大 沙魚 比 十四 呎 寬 的 尾舷 甲板 還 長 釣友 們 在 船隻 夜間 錨泊 時 用 十四號 的 大 挪威 鉤 掛 一 尾 三 公斤 重 的 雙帶 做 餌 結果 二百 公斤 張力 的 釣索 和 用來 緩衝 的 十八 mm 直徑 魚槍 用 橡皮筋 被 拉斷 好幾 次 好不容易 才 弄 上來 一 尾 百 公斤 級 大 石斑,81,劉豐彥(1) 當時(126214) 釣(1298) 得(573721) 一(3701681) 尾(7034) 二百(3266) 磅(3024) 級(11106) 的(16029838) 旗魚(20) 莊奇銘(Unknown) 釣得(1) 的(16029838) 一(3701681) 尾(7034) 大(525780) 沙魚(60) 比(170486) 十四(9837) 呎(5295) 寬(12844) 的(16029838) 尾舷(Unknown) 甲板(2762) 還(625086) 長(107092) 釣友(25) 們(140794) 在(3284238) 船隻(5221) 夜間(3657) 錨泊(11) 時(623734) 用(377038) 十四號(85) 的(16029838) 大(525780) 挪威(1872) 鉤(916) 掛(19280) 一(3701681) 尾(7034) 三(313861) 公斤(6150) 重(31331) 的(16029838) 雙帶(Unknown) 做(411649) 餌(836) 結果(114008) 二百(3266) 公斤(6150) 張力(3192) 的(16029838) 釣索(3) 和(1338337) 用來(29356) 緩衝(662) 的(16029838) 十八(13604) mm(106) 直徑(2803) 魚槍(6) 用(377038) 橡皮筋(695) 被(540683) 拉斷(121) 好幾(30650) 次(331701) 好不容易(5888) 才(394539) 弄(13639) 上來(4632) 一(3701681) 尾(7034) 百(24843) 公斤(6150) 級(11106) 大(525780) 石斑(58),"{'Low': 13, 'High': 68}","{'Unknown': 32, '第3*級': 3, '第5級': 8, '第1級': 20, '第6級': 4, '第4級': 6, '第1*級': 2, '第7級': 2, '第2*級': 1, '第2級': 3}",5,Y,Y,N,Y
這些魚最後雖都被放流，釣友並沒有享受到「巨型海鮮」的美味，不過，出水的大魚總印證了大堡礁巨型魚釣遊的刺激和趣味。,這些 魚 最後 雖 都 被 放流 釣友 並 沒有 享受到 巨型 海鮮 的 美味 不過 出水 的 大 魚 總 印證 了 大堡礁 巨型 魚 釣遊 的 刺激 和 趣味,31,這些(315113) 魚(34923) 最後(142102) 雖(48164) 都(1125846) 被(540683) 放流(108) 釣友(25) 並(442790) 沒有(594280) 享受到(1073) 巨型(1386) 海鮮(1090) 的(16029838) 美味(4825) 不過(186226) 出水(459) 的(16029838) 大(525780) 魚(34923) 總(46750) 印證(2576) 了(3199291) 大堡礁(87) 巨型(1386) 魚(34923) 釣遊(1) 的(16029838) 刺激(24326) 和(1338337) 趣味(4396),"{'High': 28, 'Low': 3}","{'Unknown': 11, '第1*級': 3, '第2級': 5, '第1級': 6, '第4*級': 3, '第3級': 1, '第6級': 2}",2,Y,Y,N,N
國內近年往大堡礁的遊客增加極多，不過，大部分活動止於潛水和近岸戲水，除了直接和海水的接觸外，不妨帶上釣竿，在自然環境保持極好的大堡礁和周邊水域，享受一下釣魚和豐收的快感。,國內 近年 往 大堡礁 的 遊客 增加 極 多 不過 大部分 活動 止於 潛水 和 近 岸 戲水 除了 直接 和 海水 的 接觸 外 不妨 帶上 釣竿 在 自然 環境 保持 極好 的 大堡礁 和 周邊 水域 享受 一下 釣魚 和 豐收 的 快感,45,國內(17537) 近年(7929) 往(95775) 大堡礁(87) 的(16029838) 遊客(4899) 增加(48296) 極(61390) 多(318992) 不過(186226) 大部分(32534) 活動(85743) 止於(2467) 潛水(1134) 和(1338337) 近(43555) 岸(7654) 戲水(343) 除了(75964) 直接(54798) 和(1338337) 海水(4373) 的(16029838) 接觸(22727) 外(109310) 不妨(9148) 帶上(2614) 釣竿(603) 在(3284238) 自然(91995) 環境(71054) 保持(39415) 極好(1169) 的(16029838) 大堡礁(87) 和(1338337) 周邊(4081) 水域(1282) 享受(21312) 一下(81077) 釣魚(2583) 和(1338337) 豐收(1496) 的(16029838) 快感(2587),"{'High': 43, 'Low': 2}","{'第4級': 4, '第2級': 5, 'Unknown': 15, '第1級': 6, '第3*級': 3, '第6級': 4, '第4*級': 4, '第3級': 2, '第5級': 1, '第1*級': 1}",3,Y,Y,N,N
大部分國際遊客到訪大堡礁，下飛機以後就迫不及待的出海旅遊去了，其實，東澳大堡礁除了開闊清澈的海水和珊瑚礁，海陸交會處的不少河口也可進行釣遊；同時享受紅樹沼澤、河道和海口頗具探險趣味的遊程。,大部分 國際 遊客 到訪 大堡礁 下 飛機 以後 就 迫不及待 的 出海 旅遊 去 了 其實 東澳 大堡礁 除了 開闊 清澈 的 海水 和 珊瑚礁 海陸 交會處 的 不少 河口 也 可 進行 釣遊 同時 享受 紅樹 沼澤 河道 和 海口 頗 具 探險 趣味 的 遊程,47,大部分(32534) 國際(40846) 遊客(4899) 到訪(400) 大堡礁(87) 下(329549) 飛機(18598) 以後(71883) 就(1737544) 迫不及待(2543) 的(16029838) 出海(2031) 旅遊(8465) 去(479993) 了(3199291) 其實(109290) 東澳(51) 大堡礁(87) 除了(75964) 開闊(2794) 清澈(2073) 的(16029838) 海水(4373) 和(1338337) 珊瑚礁(608) 海陸(339) 交會處(221) 的(16029838) 不少(35256) 河口(916) 也(1590760) 可(307359) 進行(100298) 釣遊(1) 同時(115305) 享受(21312) 紅樹(35) 沼澤(1548) 河道(1216) 和(1338337) 海口(633) 頗(22266) 具(41661) 探險(3921) 趣味(4396) 的(16029838) 遊程(16),"{'High': 41, 'Low': 6}","{'Unknown': 19, '第4級': 3, '第1*級': 3, '第1級': 7, '第6級': 7, '第5級': 2, '第3*級': 3, '第4*級': 1, '第7級': 2}",6,Y,Y,N,N
大堡礁海上旅遊較偏向國際化，河口釣遊則較具本地風味，外籍遊客常能和當地同好一起過招。,大堡礁 海 上 旅遊 較 偏向 國際化 河口 釣遊 則 較 具 本地 風味 外籍 遊客 常 能 和 當地 同好 一起 過招,23,大堡礁(87) 海(33696) 上(1233218) 旅遊(8465) 較(78424) 偏向(2141) 國際化(1576) 河口(916) 釣遊(1) 則(254096) 較(78424) 具(41661) 本地(Unknown) 風味(3277) 外籍(2368) 遊客(4899) 常(86207) 能(582260) 和(1338337) 當地(23011) 同好(746) 一起(79297) 過招(283),"{'Low': 3, 'High': 20}","{'Unknown': 8, '第2級': 3, '第1級': 2, '第4級': 1, '第6級': 4, '第5級': 1, '第1*級': 2, '第4*級': 1, '第7級': 1}",2,Y,N,N,N
從凱恩斯朝北約一個半小時車程的羅斯河口，則是大堡礁南部較知名的活動區。,從 凱恩斯 朝 北 約 一 個 半 小時 車程 的 羅斯 河口 則 是 大堡礁 南部 較 知名 的 活動區,21,從(496546) 凱恩斯(267) 朝(59301) 北(20351) 約(47731) 一(3701681) 個(2296574) 半(80813) 小時(48521) 車程(1019) 的(16029838) 羅斯(1822) 河口(916) 則(254096) 是(4642407) 大堡礁(87) 南部(5775) 較(78424) 知名(9697) 的(16029838) 活動區(49),"{'High': 19, 'Low': 2}","{'第1*級': 1, 'Unknown': 8, '第2級': 2, '第3*級': 1, '第1級': 7, '第5級': 2}",3,Y,N,N,Y
河口釣遊通常採用十八至廿呎的無住艙小艇，使用拖車從市區拖到河岸的斜坡下水，釣法以船上、河岸拋投和沈底釣為主。,河口 釣遊 通常 採用 十八 至 廿 呎 的 無 住艙 小艇 使用 拖車 從 市區 拖到 河岸 的 斜坡 下水 釣法 以 船 上 河岸 拋投 和 沈底釣 為主,30,河口(916) 釣遊(1) 通常(56445) 採用(20582) 十八(13604) 至(101530) 廿(542) 呎(5295) 的(16029838) 無(157858) 住艙(9) 小艇(1009) 使用(99640) 拖車(831) 從(496546) 市區(3749) 拖到(1567) 河岸(2048) 的(16029838) 斜坡(1939) 下水(1230) 釣法(21) 以(547785) 船(45130) 上(1233218) 河岸(2048) 拋投(4) 和(1338337) 沈底釣(Unknown) 為主(12900),"{'High': 25, 'Low': 5}","{'Unknown': 18, '第4級': 2, '第4*級': 1, '第5級': 3, '第1級': 3, '第1*級': 1, '第3*級': 1, '第3級': 1}",1,Y,Y,N,N
船長通常會以手拋網捕捉湯鯉一類河口小型魚做餌，中小型假餌拋投也極受歡迎。,船長 通常 會 以 手拋網 捕捉 湯鯉 一 類 河口 小型魚 做 餌 中小型 假餌 拋投 也 極 受 歡迎,20,船長(3448) 通常(56445) 會(1014977) 以(547785) 手拋網(7) 捕捉(3926) 湯鯉(Unknown) 一(3701681) 類(58191) 河口(916) 小型魚(Unknown) 做(411649) 餌(836) 中小型(448) 假餌(4) 拋投(4) 也(1590760) 極(61390) 受(109982) 歡迎(19513),"{'High': 15, 'Low': 5}","{'Unknown': 8, '第4級': 2, '第1*級': 1, '第5級': 1, '第6級': 1, '第1級': 3, '第3*級': 2, '第7級': 1, '第2級': 1}",3,Y,N,N,N
對象魚則從浮游的魚種到沈底的石斑都有。,對象魚 則 從 浮游 的 魚種 到 沈底 的 石斑 都 有,12,對象魚(Unknown) 則(254096) 從(496546) 浮游(501) 的(16029838) 魚種(266) 到(546906) 沈底(2) 的(16029838) 石斑(58) 都(1125846) 有(2217079),"{'Low': 3, 'High': 9}","{'Unknown': 5, '第5級': 1, '第1*級': 1, '第1級': 5}",1,Y,N,N,N
羅斯河口釣遊兼具釣魚、露營和紅樹林區河道探險的趣味。,羅斯 河口 釣遊 兼具 釣魚 露營 和 紅樹 林區 河道 探險 的 趣味,13,羅斯(1822) 河口(916) 釣遊(1) 兼具(2204) 釣魚(2583) 露營(1197) 和(1338337) 紅樹(35) 林區(482) 河道(1216) 探險(3921) 的(16029838) 趣味(4396),"{'High': 11, 'Low': 2}","{'Unknown': 6, '第6級': 3, '第4*級': 2, '第7級': 1, '第1級': 1}",0,Y,Y,N,Y
羅斯河口附近有簡易設備的度假區，不過，不少遊客會中意在河畔露營過夜，船家可以安排帳篷、睡袋、炊具、煤氣燈甚至冰藏的啤酒和炭烤牛排，即使露營生活也極舒適。,羅斯 河口 附近 有 簡易 設備 的 度假區 不過 不少 遊客 會 中意 在 河畔 露營 過夜 船家 可以 安排 帳篷 睡袋 炊具 煤氣燈 甚至 冰藏 的 啤酒 和 炭烤 牛排 即使 露營 生活 也 極 舒適,37,羅斯(1822) 河口(916) 附近(32204) 有(2217079) 簡易(1431) 設備(12866) 的(16029838) 度假區(51) 不過(186226) 不少(35256) 遊客(4899) 會(1014977) 中意(819) 在(3284238) 河畔(6) 露營(1197) 過夜(2910) 船家(254) 可以(560531) 安排(30105) 帳篷(3380) 睡袋(733) 炊具(117) 煤氣燈(163) 甚至(122502) 冰藏(6) 的(16029838) 啤酒(6287) 和(1338337) 炭烤(59) 牛排(1313) 即使(68376) 露營(1197) 生活(213189) 也(1590760) 極(61390) 舒適(6657),"{'High': 33, 'Low': 4}","{'Unknown': 14, '第1*級': 3, '第1級': 5, '第4級': 2, '第2級': 1, '第7級': 1, '第4*級': 5, '第5級': 2, '第2*級': 1, '第3級': 2, '第3*級': 1}",2,Y,Y,N,Y
河口露營可以從河口的海水區沿河道深入紅樹沼澤的水道，一直釣到上游的雨林區，河水看來雖是深棕色，不過，只是富含腐植質使然，本質還是潔淨的。,河口 露營 可以 從 河口 的 海水區 沿 河道 深入 紅樹 沼澤 的 水道 一直 釣到 上游 的 雨林區 河水 看來 雖 是 深棕色 不過 只是 富含 腐植質 使然 本質 還是 潔淨 的,33,河口(916) 露營(1197) 可以(560531) 從(496546) 河口(916) 的(16029838) 海水區(Unknown) 沿(19661) 河道(1216) 深入(18074) 紅樹(35) 沼澤(1548) 的(16029838) 水道(1285) 一直(119877) 釣到(527) 上游(2860) 的(16029838) 雨林區(36) 河水(3679) 看來(23504) 雖(48164) 是(4642407) 深棕色(195) 不過(186226) 只是(96536) 富含(1589) 腐植質(71) 使然(1657) 本質(19801) 還是(155231) 潔淨(1351) 的(16029838),"{'High': 29, 'Low': 4}","{'Unknown': 12, '第4*級': 2, '第1級': 6, '第1*級': 2, '第5級': 2, '第7級': 3, '第2級': 3, '第6級': 2, '第4級': 1}",4,Y,Y,N,N
河口區沼澤的夏夜蚊蟲較多，防蚊液和防蚊帽是必須裝備。,河口區 沼澤 的 夏夜 蚊蟲 較多 防蚊液 和 防蚊帽 是 必須 裝備,12,河口區(13) 沼澤(1548) 的(16029838) 夏夜(421) 蚊蟲(440) 較多(4872) 防蚊液(7) 和(1338337) 防蚊帽(Unknown) 是(4642407) 必須(170592) 裝備(3939),"{'Low': 3, 'High': 9}","{'Unknown': 7, '第7級': 1, '第1級': 2, '第3級': 1, '第6級': 1}",3,Y,Y,N,N
夜間沿著河道有時還可以看到鹹水鱷魚的紅眼睛，聽到如遠處狗吠一般的鱷吼聲。,夜間 沿著 河道 有時 還可以 看到 鹹水 鱷魚 的 紅 眼睛 聽到 如 遠處 狗吠 一般 的 鱷 吼聲,19,夜間(3657) 沿著(Unknown) 河道(1216) 有時(47894) 還可以(9751) 看到(159419) 鹹水(147) 鱷魚(1580) 的(16029838) 紅(34717) 眼睛(65022) 聽到(61809) 如(195069) 遠處(5818) 狗吠(224) 一般(80732) 的(16029838) 鱷(201) 吼聲(588),"{'High': 18, 'Low': 1}","{'第5級': 1, 'Unknown': 7, '第7級': 3, '第1*級': 4, '第1級': 2, '第2級': 1, '第3*級': 1}",1,Y,N,N,N
在河畔生一堆營火，更可體驗到叢林探險一般的趣味。,在 河畔 生 一 堆 營火 更 可 體驗到 叢林 探險 一般 的 趣味,14,在(3284238) 河畔(6) 生(61638) 一(3701681) 堆(24963) 營火(821) 更(361676) 可(307359) 體驗到(1940) 叢林(2901) 探險(3921) 一般(80732) 的(16029838) 趣味(4396),"{'High': 13, 'Low': 1}","{'第1*級': 1, 'Unknown': 4, '第4級': 2, '第1級': 2, '第4*級': 1, '第6級': 3, '第3*級': 1}",1,Y,N,N,N
大堡礁珊瑚海釣遊通常可分為「巡航釣遊」和「當日往返」兩種型式，拖釣用具和鉤、餌都可由船上供應。,大堡礁 珊瑚 海 釣遊 通常 可 分為 巡 航 釣遊 和 當日 往返 兩 種 型式 拖釣 用具 和 鉤 餌 都 可 由 船 上 供應,27,大堡礁(87) 珊瑚(1400) 海(33696) 釣遊(1) 通常(56445) 可(307359) 分為(11069) 巡(1417) 航(421) 釣遊(1) 和(1338337) 當日(2381) 往返(2054) 兩(526190) 種(701563) 型式(1516) 拖釣(3) 用具(1830) 和(1338337) 鉤(916) 餌(836) 都(1125846) 可(307359) 由(208604) 船(45130) 上(1233218) 供應(8826),"{'Low': 4, 'High': 23}","{'Unknown': 10, '第7級': 4, '第2級': 1, '第4級': 1, '第4*級': 4, '第5級': 2, '第6級': 1, '第1級': 3, '第3級': 1}",1,Y,Y,N,N
當日往返從港口出入，每日從清晨拖釣到黃昏返港，使用的大部分是卅八呎以下的中小型遊艇；巡航方式則在海上錨泊過夜，從天色微曦就開動直到天黑前才停止曳釣。,當日 往返 從 港口 出入 每日 從 清晨 拖釣 到 黃昏 返 港 使用 的 大部分 是 卅八 呎 以下 的 中小型 遊艇 巡航 方式 則 在 海 上 錨泊 過夜 從 天色 微曦 就 開動 直到 天黑 前 才 停止 曳釣,42,當日(2381) 往返(2054) 從(496546) 港口(3933) 出入(4213) 每日(32) 從(496546) 清晨(6122) 拖釣(3) 到(546906) 黃昏(4447) 返(7712) 港(8553) 使用(99640) 的(16029838) 大部分(32534) 是(4642407) 卅八(33) 呎(5295) 以下(29388) 的(16029838) 中小型(448) 遊艇(1057) 巡航(295) 方式(133407) 則(254096) 在(3284238) 海(33696) 上(1233218) 錨泊(11) 過夜(2910) 從(496546) 天色(3308) 微曦(25) 就(1737544) 開動(801) 直到(41624) 天黑(2019) 前(272709) 才(394539) 停止(18904) 曳釣(1),"{'High': 36, 'Low': 6}","{'第5級': 7, '第6級': 3, '第1*級': 4, 'Unknown': 11, '第1級': 7, '第4級': 2, '第3*級': 1, '第7級': 1, '第4*級': 4, '第2級': 2}",2,Y,Y,N,N
由於食宿都在船上，住艙、廚房都較講究，使用的多是四十呎以上的大型遊艇。,由於 食宿 都 在 船 上 住艙 廚房 都 較 講究 使用 的 多 是 四十 呎 以上 的 大型 遊艇,21,由於(88111) 食宿(310) 都(1125846) 在(3284238) 船(45130) 上(1233218) 住艙(9) 廚房(15565) 都(1125846) 較(78424) 講究(5187) 使用(99640) 的(16029838) 多(318992) 是(4642407) 四十(15256) 呎(5295) 以上(36569) 的(16029838) 大型(12588) 遊艇(1057),"{'High': 20, 'Low': 1}","{'第4*級': 1, 'Unknown': 5, '第1級': 7, '第1*級': 1, '第3級': 2, '第2級': 1, '第5級': 1, '第4級': 1, '第3*級': 1, '第7級': 1}",0,Y,Y,N,N
大堡礁釣遊最重要的船艇基地在南方的凱恩斯和北方的湯斯維爾兩港口，兩地機場和港口隨時可以找到大量的包租遊艇廣告單，不過，大堡礁總是世界知名的旅遊勝地，想安排巡航釣遊最好在台灣的夏季就得開始預約。,大堡礁 釣遊 最 重要 的 船艇 基地 在 南方 的 凱恩斯 和 北方 的 湯斯維爾 兩 港口 兩 地 機場 和 港口 隨時 可以 找到 大量 的 包租 遊艇 廣告單 不過 大堡礁 總是 世界 知名 的 旅遊 勝地 想 安排 巡航 釣遊 最好 在 台灣 的 夏季 就 得 開始 預約,51,大堡礁(87) 釣遊(1) 最(421680) 重要(154863) 的(16029838) 船艇(48) 基地(6653) 在(3284238) 南方(9043) 的(16029838) 凱恩斯(267) 和(1338337) 北方(9626) 的(16029838) 湯斯維爾(9) 兩(526190) 港口(3933) 兩(526190) 地(754998) 機場(7570) 和(1338337) 港口(3933) 隨時(21195) 可以(560531) 找到(65281) 大量(28414) 的(16029838) 包租(73) 遊艇(1057) 廣告單(104) 不過(186226) 大堡礁(87) 總是(62757) 世界(165235) 知名(9697) 的(16029838) 旅遊(8465) 勝地(934) 想(449884) 安排(30105) 巡航(295) 釣遊(1) 最好(22016) 在(3284238) 台灣(130718) 的(16029838) 夏季(4260) 就(1737544) 得(573721) 開始(245562) 預約(1251),"{'Low': 7, 'High': 44}","{'Unknown': 17, '第1*級': 3, '第2級': 6, '第1級': 12, '第5級': 5, '第2*級': 1, '第4級': 3, '第4*級': 1, '第7級': 2, '第3級': 1}",5,Y,Y,N,N
當日往返的即興釣遊則不妨在當地臨時試試運氣，不過，放諸各地皆準的是，預約的行程通常可以得到較佳的議價空間。,當日 往返 的 即興 釣遊 則 不妨 在 當地 臨時 試試 運氣 不過 放諸 各 地 皆 準 的 是 預約 的 行程 通常 可以 得到 較 佳 的 議價 空間,31,當日(2381) 往返(2054) 的(16029838) 即興(2058) 釣遊(1) 則(254096) 不妨(9148) 在(3284238) 當地(23011) 臨時(7386) 試試(7675) 運氣(6942) 不過(186226) 放諸(12) 各(243023) 地(754998) 皆(45736) 準(6885) 的(16029838) 是(4642407) 預約(1251) 的(16029838) 行程(5276) 通常(56445) 可以(560531) 得到(84614) 較(78424) 佳(8331) 的(16029838) 議價(413) 空間(52519),"{'High': 29, 'Low': 2}","{'第5級': 8, '第6級': 1, '第1級': 6, '第7級': 1, 'Unknown': 5, '第1*級': 1, '第4*級': 2, '第4級': 3, '第2級': 3, '第3*級': 1}",0,Y,Y,N,N
大堡礁釣遊巡航用遊艇，兼具海上生活的舒適性和搏魚時靈活的操作性能。,大堡礁 釣遊 巡航 用 遊艇 兼具 海 上 生活 的 舒適性 和 搏 魚 時 靈活 的 操作 性能,19,大堡礁(87) 釣遊(1) 巡航(295) 用(377038) 遊艇(1057) 兼具(2204) 海(33696) 上(1233218) 生活(213189) 的(16029838) 舒適性(44) 和(1338337) 搏(1570) 魚(34923) 時(623734) 靈活(4964) 的(16029838) 操作(10980) 性能(1202),"{'Low': 3, 'High': 16}","{'Unknown': 6, '第1級': 4, '第7級': 1, '第6級': 2, '第2級': 1, '第3級': 1, '第1*級': 1, '第3*級': 1, '第5級': 2}",2,Y,Y,N,N
當日往返的拖釣船大部分進行單純的釣遊，巡航釣船則在拖釣之外常能提供離島旅遊、無人島近岸浮潛、夜間沈底釣，甚至水肺潛水的服務。,當日 往返 的 拖釣船 大部分 進行 單純 的 釣遊 巡航 釣船 則 在 拖釣 之外 常 能 提供 離島 旅遊 無 人 島 近 岸 浮潛 夜間 沈底釣 甚至 水肺 潛水 的 服務,33,當日(2381) 往返(2054) 的(16029838) 拖釣船(Unknown) 大部分(32534) 進行(100298) 單純(13665) 的(16029838) 釣遊(1) 巡航(295) 釣船(2) 則(254096) 在(3284238) 拖釣(3) 之外(45757) 常(86207) 能(582260) 提供(73097) 離島(514) 旅遊(8465) 無(157858) 人(1550512) 島(19160) 近(43555) 岸(7654) 浮潛(108) 夜間(3657) 沈底釣(Unknown) 甚至(122502) 水肺(51) 潛水(1134) 的(16029838) 服務(38055),"{'High': 27, 'Low': 6}","{'第5級': 5, '第6級': 2, '第1級': 4, 'Unknown': 11, '第4*級': 4, '第1*級': 3, '第4級': 2, '第2級': 1, '第3級': 1}",3,Y,N,N,N
大堡礁潛水旅遊常在特定的潛水點進行，活動期間嚴禁獵魚，但搭乘巡航釣遊船時，由於常在荒礁邊拋錨，有時也可以進行浮潛射魚的活動。,大堡礁 潛水 旅遊 常 在 特定 的 潛水點 進行 活動 期間 嚴禁 獵 魚 但 搭乘 巡航 釣遊 船 時 由於 常 在 荒礁 邊 拋錨 有時 也 可以 進行 浮潛 射魚 的 活動,34,大堡礁(87) 潛水(1134) 旅遊(8465) 常(86207) 在(3284238) 特定(20754) 的(16029838) 潛水點(Unknown) 進行(100298) 活動(85743) 期間(32981) 嚴禁(1454) 獵(3212) 魚(34923) 但(597124) 搭乘(4116) 巡航(295) 釣遊(1) 船(45130) 時(623734) 由於(88111) 常(86207) 在(3284238) 荒礁(Unknown) 邊(123152) 拋錨(331) 有時(47894) 也(1590760) 可以(560531) 進行(100298) 浮潛(108) 射魚(19) 的(16029838) 活動(85743),"{'Low': 5, 'High': 29}","{'Unknown': 10, '第6級': 1, '第4級': 1, '第1*級': 7, '第5級': 4, '第1級': 4, '第2級': 3, '第4*級': 2, '第3級': 1, '第3*級': 1}",2,Y,Y,N,N
西式的沈底釣法較台灣釣友習用的方法粗糙，如果想享受較細膩的台灣式釣法，釣鉤、碳纖子線、天平以至花枝或小型魚的假餌排鉤，都得自行攜帶。,西式 的 沈底 釣法 較 台灣 釣友 習 用 的 方法 粗糙 如果 想 享受 較 細膩 的 台灣式 釣法 釣鉤 碳纖 子線 天平 以至 花枝 或 小型魚 的 假餌 排鉤 都 得 自行 攜帶,35,西式(1128) 的(16029838) 沈底(2) 釣法(21) 較(78424) 台灣(130718) 釣友(25) 習(5680) 用(377038) 的(16029838) 方法(99064) 粗糙(3531) 如果(322121) 想(449884) 享受(21312) 較(78424) 細膩(3268) 的(16029838) 台灣式(40) 釣法(21) 釣鉤(142) 碳纖(15) 子線(15) 天平(674) 以至(2133) 花枝(446) 或(478077) 小型魚(Unknown) 的(16029838) 假餌(4) 排鉤(Unknown) 都(1125846) 得(573721) 自行(9833) 攜帶(5385),"{'High': 25, 'Low': 10}","{'Unknown': 16, '第1級': 8, '第2級': 4, '第6級': 3, '第4級': 1, '第3級': 1, '第5級': 2}",2,Y,Y,N,N
釣底棲魚可供應船上的釣餌和食用，不過，旅行途中的消耗有限，不要保留太多釣獲，適時適量的放流，應是國際級釣遊者應有的修養。,釣 底棲魚 可 供應 船 上 的 釣餌 和 食用 不過 旅行 途中 的 消耗 有限 不要 保留 太多 釣獲 適時 適量 的 放流 應 是 國際級 釣遊 者 應 有 的 修養,33,釣(1298) 底棲魚(Unknown) 可(307359) 供應(8826) 船(45130) 上(1233218) 的(16029838) 釣餌(120) 和(1338337) 食用(5486) 不過(186226) 旅行(18643) 途中(8114) 的(16029838) 消耗(3835) 有限(17290) 不要(101931) 保留(11400) 太多(30757) 釣獲(13) 適時(3359) 適量(1928) 的(16029838) 放流(108) 應(82417) 是(4642407) 國際級(232) 釣遊(1) 者(423504) 應(82417) 有(2217079) 的(16029838) 修養(4731),"{'High': 30, 'Low': 3}","{'第5級': 4, 'Unknown': 14, '第4*級': 1, '第3級': 1, '第1級': 7, '第6級': 4, '第2級': 2}",2,Y,Y,N,N
水上飛機接駁外海遊艇，使大堡礁釣遊巡航更具機性。,水上 飛機 接駁 外海 遊艇 使 大堡礁 釣遊 巡航 更 具 機性,12,水上(4) 飛機(18598) 接駁(345) 外海(925) 遊艇(1057) 使(197544) 大堡礁(87) 釣遊(1) 巡航(295) 更(361676) 具(41661) 機性(8),"{'Low': 4, 'High': 8}","{'Unknown': 8, '第1*級': 1, '第7級': 1, '第5級': 1, '第6級': 1}",1,Y,N,N,N
如果想節省交通時間，以得到較多的釣遊時段，大堡礁有便捷的水上飛機服務。,如果 想 節省 交通 時間 以 得到 較多 的 釣遊 時段 大堡礁 有 便捷 的 水上 飛機 服務,18,如果(322121) 想(449884) 節省(3777) 交通(11639) 時間(213595) 以(547785) 得到(84614) 較多(4872) 的(16029838) 釣遊(1) 時段(3284) 大堡礁(87) 有(2217079) 便捷(519) 的(16029838) 水上(4) 飛機(18598) 服務(38055),"{'High': 15, 'Low': 3}","{'第2級': 1, '第1級': 5, '第5級': 2, '第3級': 2, '第3*級': 1, 'Unknown': 5, '第6級': 1, '第1*級': 1}",1,Y,Y,N,N
經濟寬鬆的釣友，甚至可在每天黃昏呼叫水上飛機到舷邊載客，直飛湯斯維爾賭場，試試水陸兩棲的豪華旅行方式。,經濟 寬鬆 的 釣友 甚至 可 在 每 天 黃昏 呼叫 水上 飛機 到 舷 邊 載客 直飛 湯斯維爾 賭場 試試 水陸 兩棲 的 豪華 旅行 方式,27,經濟(83046) 寬鬆(1743) 的(16029838) 釣友(25) 甚至(122502) 可(307359) 在(3284238) 每(333357) 天(330413) 黃昏(4447) 呼叫(1474) 水上(4) 飛機(18598) 到(546906) 舷(631) 邊(123152) 載客(201) 直飛(239) 湯斯維爾(9) 賭場(1645) 試試(7675) 水陸(838) 兩棲(343) 的(16029838) 豪華(4119) 旅行(18643) 方式(133407),"{'High': 24, 'Low': 3}","{'第4級': 1, 'Unknown': 11, '第1級': 4, '第4*級': 3, '第1*級': 4, '第5級': 2, '第6級': 1, '第2級': 1}",1,Y,N,N,N
試試水陸兩棲的豪華旅行方式。,試試 水陸 兩棲 的 豪華 旅行 方式,7,試試(7675) 水陸(838) 兩棲(343) 的(16029838) 豪華(4119) 旅行(18643) 方式(133407),{'High': 7},"{'Unknown': 3, '第1級': 1, '第6級': 1, '第2級': 1, '第4*級': 1}",0,Y,N,N,N
由鳥類棲息樂園歷經人類濫採磷礦浩劫到復育成功有頁滄桑開發史。,由 鳥類 棲息 樂園 歷經 人類 濫採 磷礦 浩劫 到 復育 成功 有 頁 滄桑 開發 史,17,由(208604) 鳥類(2600) 棲息(1954) 樂園(2531) 歷經(5945) 人類(78855) 濫採(27) 磷礦(3) 浩劫(946) 到(546906) 復育(236) 成功(80266) 有(2217079) 頁(48734) 滄桑(1077) 開發(19196) 史(6356),"{'High': 15, 'Low': 2}","{'第4*級': 2, 'Unknown': 5, '第7級': 3, '第5級': 2, '第6級': 1, '第1級': 2, '第3*級': 1, '第4級': 1}",0,Y,N,N,N
澳洲大堡礁豐富精采的海底生態，是許多人嚮往的水上活動去處。,澳洲 大堡礁 豐富 精采 的 海 底 生態 是 許多 人 嚮往 的 水上 活動 去處,16,澳洲(5383) 大堡礁(87) 豐富(24271) 精采(4673) 的(16029838) 海(33696) 底(37174) 生態(9124) 是(4642407) 許多(159791) 人(1550512) 嚮往(3547) 的(16029838) 水上(4) 活動(85743) 去處(972),"{'High': 14, 'Low': 2}","{'第4級': 2, 'Unknown': 3, '第5級': 2, '第1級': 4, '第2級': 2, '第3*級': 2, '第6級': 1}",1,Y,N,N,N
在大堡礁國家公園的最南端，就有座小小的島嶼——淑女島(LadyElliotIsland，或稱處女島)，面積僅約四十二公頃，徒步環島只要四十五分鐘時間，卻是大堡礁三座珊瑚礁形成的島嶼之一。,在 大堡礁 國家 公園 的 最 南端 就 有 座 小小 的 島嶼 淑女島 LadyElliotIsland 或 稱 處女島 面積 僅 約 四十二 公頃 徒步 環島 只 要 四十五 分鐘 時間 卻 是 大堡礁 三 座 珊瑚礁 形成 的 島嶼 之 一,41,在(3284238) 大堡礁(87) 國家(109166) 公園(13910) 的(16029838) 最(421680) 南端(797) 就(1737544) 有(2217079) 座(49959) 小小(18150) 的(16029838) 島嶼(3972) 淑女島(Unknown) LadyElliotIsland(Unknown) 或(478077) 稱(60191) 處女島(5) 面積(6281) 僅(30739) 約(47731) 四十二(1874) 公頃(1142) 徒步(1563) 環島(803) 只(436725) 要(851264) 四十五(2971) 分鐘(52479) 時間(213595) 卻(333007) 是(4642407) 大堡礁(87) 三(313861) 座(49959) 珊瑚礁(608) 形成(47486) 的(16029838) 島嶼(3972) 之(875481) 一(3701681),"{'High': 36, 'Low': 5}","{'第1*級': 6, 'Unknown': 12, '第1級': 10, '第3*級': 3, '第6級': 3, '第3級': 1, '第5級': 3, '第7級': 2, '第4級': 1}",8,Y,Y,N,N
淑女島的開發過程曲折，從百餘年前人類最早發現小島，到成為鳥類棲息樂園，其後人類登島採鳥糞磷礦帶來生態浩劫，最後復育成功開始發展觀光，淑女島有一頁滄桑開發史。,淑女島 的 開發 過程 曲折 從 百餘 年 前 人類 最早 發現 小島 到 成為 鳥類 棲息 樂園 其後 人類 登 島 採 鳥糞 磷礦 帶來 生態 浩劫 最後 復育 成功 開始 發展 觀光 淑女島 有 一 頁 滄桑 開發 史,41,淑女島(Unknown) 的(16029838) 開發(19196) 過程(87889) 曲折(2769) 從(496546) 百餘(1429) 年(514736) 前(272709) 人類(78855) 最早(9441) 發現(175233) 小島(379) 到(546906) 成為(143834) 鳥類(2600) 棲息(1954) 樂園(2531) 其後(5706) 人類(78855) 登(6176) 島(19160) 採(8996) 鳥糞(107) 磷礦(3) 帶來(40305) 生態(9124) 浩劫(946) 最後(142102) 復育(236) 成功(80266) 開始(245562) 發展(117494) 觀光(4478) 淑女島(Unknown) 有(2217079) 一(3701681) 頁(48734) 滄桑(1077) 開發(19196) 史(6356),"{'Low': 3, 'High': 38}","{'Unknown': 11, '第1級': 6, '第5級': 6, '第6級': 2, '第1*級': 1, '第4*級': 3, '第2級': 3, '第7級': 3, '第4級': 4, '第3*級': 2}",2,Y,N,N,N
淑女島不是大堡礁最大的島嶼，卻是大堡礁國家公園諸多島嶼中，人類持續居住紀錄時間最長的小島。,淑女島 不 是 大堡礁 最 大 的 島嶼 卻 是 大堡礁 國家 公園 諸多 島嶼 中 人類 持續 居住 紀錄 時間 最 長 的 小島,25,淑女島(Unknown) 不(2282521) 是(4642407) 大堡礁(87) 最(421680) 大(525780) 的(16029838) 島嶼(3972) 卻(333007) 是(4642407) 大堡礁(87) 國家(109166) 公園(13910) 諸多(6374) 島嶼(3972) 中(1011729) 人類(78855) 持續(33796) 居住(12699) 紀錄(14233) 時間(213595) 最(421680) 長(107092) 的(16029838) 小島(379),"{'Low': 3, 'High': 22}","{'Unknown': 6, '第1級': 7, '第1*級': 4, '第6級': 3, '第4級': 2, '第4*級': 2, '第5級': 1}",3,Y,N,N,N
島嶼約在三千年前形成，並於一百八十年前(西元一八一六年)為一艘航行過附近海域的船隻LadyElliot首次發現，這座小島因而被命名為淑女島，並沿用至今。,島嶼 約 在 三千 年 前 形成 並 於 一百八十 年 前 西元 一八一六年 為 一 艘 航行 過 附近 海域 的 船隻 LadyElliot 首次 發現 這 座 小島 因而 被 命名為 淑女島 並 沿用 至今,36,島嶼(3972) 約(47731) 在(3284238) 三千(5525) 年(514736) 前(272709) 形成(47486) 並(442790) 於(327210) 一百八十(1223) 年(514736) 前(272709) 西元(19393) 一八一六年(79) 為(761341) 一(3701681) 艘(13569) 航行(4126) 過(412878) 附近(32204) 海域(1974) 的(16029838) 船隻(5221) LadyElliot(Unknown) 首次(2918) 發現(175233) 這(2114032) 座(49959) 小島(379) 因而(29060) 被(540683) 命名為(1822) 淑女島(Unknown) 並(442790) 沿用(1598) 至今(14540),"{'High': 33, 'Low': 3}","{'第6級': 4, '第3*級': 2, '第1*級': 3, 'Unknown': 10, '第1級': 7, '第4*級': 3, '第5級': 4, '第7級': 1, '第2級': 2}",5,Y,Y,N,N
就和大堡礁許多的島嶼一樣，LadyElliotIsland原也是座無人島，卻是海鳥群聚棲息繁殖的海上樂園，多年下來，使島上積滿厚厚的鳥糞，島糞中富含的磷礦引起人們的覬覦，也為淑女島帶來生態上的大浩劫。,就 和 大堡礁 許多 的 島嶼 一樣 LadyElliotIsland 原 也 是 座 無 人 島 卻 是 海鳥 群聚 棲息 繁殖 的 海 上 樂園 多 年 下來 使 島 上 積滿 厚厚 的 鳥糞 島糞 中 富含 的 磷礦 引起 人們 的 覬覦 也 為 淑女島 帶來 生態 上 的 大 浩劫,53,就(1737544) 和(1338337) 大堡礁(87) 許多(159791) 的(16029838) 島嶼(3972) 一樣(188109) LadyElliotIsland(Unknown) 原(33852) 也(1590760) 是(4642407) 座(49959) 無(157858) 人(1550512) 島(19160) 卻(333007) 是(4642407) 海鳥(262) 群聚(842) 棲息(1954) 繁殖(2658) 的(16029838) 海(33696) 上(1233218) 樂園(2531) 多(318992) 年(514736) 下來(32851) 使(197544) 島(19160) 上(1233218) 積滿(238) 厚厚(2706) 的(16029838) 鳥糞(107) 島糞(Unknown) 中(1011729) 富含(1589) 的(16029838) 磷礦(3) 引起(36729) 人們(77778) 的(16029838) 覬覦(1025) 也(1590760) 為(761341) 淑女島(Unknown) 帶來(40305) 生態(9124) 上(1233218) 的(16029838) 大(525780) 浩劫(946),"{'High': 48, 'Low': 5}","{'第1級': 18, 'Unknown': 14, '第3*級': 3, '第6級': 2, '第1*級': 1, '第5級': 4, '第4級': 3, '第7級': 5, '第2級': 1, '第4*級': 2}",3,Y,N,N,N
一八六三年白人開始便上島挖鏟鳥糞，僅僅十年時間，淑女島上的島糞和植物被整個鏟空砍盡，留下光禿荒涼的珊瑚礁島兀立海中，人類不至，鳥兒也不停。,一八六三年 白人 開始 便 上島 挖鏟 鳥糞 僅僅 十 年 時間 淑女島 上 的 島糞 和 植物 被 整個 鏟空 砍盡 留下 光禿 荒涼 的 珊瑚礁 島 兀立 海 中 人類 不至 鳥兒 也 不停,35,一八六三年(260) 白人(5899) 開始(245562) 便(220860) 上島(43) 挖鏟(Unknown) 鳥糞(107) 僅僅(7806) 十(77415) 年(514736) 時間(213595) 淑女島(Unknown) 上(1233218) 的(16029838) 島糞(Unknown) 和(1338337) 植物(19121) 被(540683) 整個(Unknown) 鏟空(Unknown) 砍盡(8) 留下(29992) 光禿(257) 荒涼(1910) 的(16029838) 珊瑚礁(608) 島(19160) 兀立(52) 海(33696) 中(1011729) 人類(78855) 不至(Unknown) 鳥兒(2956) 也(1590760) 不停(20176),"{'High': 26, 'Low': 9}","{'Unknown': 18, '第2級': 3, '第6級': 2, '第5級': 1, '第1級': 7, '第3*級': 2, '第4級': 1, '第4*級': 1}",3,Y,Y,N,N
經過將近一百年的無人問津和休養，淑女島的命運面臨新的轉機，一名飛行員唐‧亞當斯(DonAdams)在一九六九年偶然駕小飛機飛過LadyElliotIsland上空，使淑女島獲得重生機會，當他見到這座被鏟光鳥糞毫無生機的小島非常痛心，決定要讓島嶼恢復欣欣向榮的面貌。,經過 將近 一百 年 的 無 人 問津 和 休養 淑女島 的 命運 面臨 新 的 轉機 一 名 飛行員 唐亞當斯 DonAdams 在 一九六九年 偶然 駕 小 飛機 飛過 LadyElliotIsland 上空 使 淑女島 獲得 重生 機會 當 他 見到 這 座 被 鏟光 鳥糞 毫無 生機 的 小島 非常 痛心 決定 要 讓 島嶼 恢復 欣欣向榮 的 面貌,58,經過(64617) 將近(7567) 一百(17093) 年(514736) 的(16029838) 無(157858) 人(1550512) 問津(260) 和(1338337) 休養(1605) 淑女島(Unknown) 的(16029838) 命運(20184) 面臨(16531) 新(212453) 的(16029838) 轉機(1522) 一(3701681) 名(136287) 飛行員(2091) 唐亞當斯(Unknown) DonAdams(Unknown) 在(3284238) 一九六九年(1369) 偶然(7664) 駕(5783) 小(318835) 飛機(18598) 飛過(1995) LadyElliotIsland(Unknown) 上空(2760) 使(197544) 淑女島(Unknown) 獲得(54809) 重生(1757) 機會(81244) 當(294625) 他(2487930) 見到(30619) 這(2114032) 座(49959) 被(540683) 鏟光(2) 鳥糞(107) 毫無(32086) 生機(2426) 的(16029838) 小島(379) 非常(152032) 痛心(1236) 決定(101837) 要(851264) 讓(526314) 島嶼(3972) 恢復(20693) 欣欣向榮(563) 的(16029838) 面貌(5835),"{'High': 52, 'Low': 6}","{'第2級': 6, '第4*級': 2, 'Unknown': 18, '第1級': 13, '第5級': 7, '第6級': 6, '第1*級': 3, '第4級': 2, '第3*級': 1}",8,Y,Y,N,Y
他先向昆士蘭州政府承租淑女島的經營權利，以十五年的時間植樹、建跑道、蓋海水淡化廠和住宿設備，終於使淑女島恢復盎然綠意，並再度成為海鳥樂於築巢的樂園，每年十月到四月有五萬隻海島飛臨在沙灘植物、木麻黃林中或白水木下繁殖下一代，也為觀光客帶來許多驚喜。,他 先 向 昆士蘭 州政府 承租 淑女島 的 經營 權利 以 十五 年 的 時間 植樹 建 跑道 蓋 海水 淡化 廠 和 住宿 設備 終於 使 淑女島 恢復 盎然 綠意 並 再度 成為 海鳥 樂於 築巢 的 樂園 每 年 十月 到 四月 有 五萬 隻 海島 飛臨 在 沙灘 植物 木麻黃林 中 或 白水木 下 繁殖 下一代 也 為 觀光客 帶來 許多 驚喜,65,他(2487930) 先(136649) 向(231672) 昆士蘭(84) 州政府(3691) 承租(350) 淑女島(Unknown) 的(16029838) 經營(39913) 權利(15625) 以(547785) 十五(19907) 年(514736) 的(16029838) 時間(213595) 植樹(189) 建(13839) 跑道(2046) 蓋(21495) 海水(4373) 淡化(1055) 廠(4599) 和(1338337) 住宿(2271) 設備(12866) 終於(59622) 使(197544) 淑女島(Unknown) 恢復(20693) 盎然(1421) 綠意(356) 並(442790) 再度(22234) 成為(143834) 海鳥(262) 樂於(3557) 築巢(901) 的(16029838) 樂園(2531) 每(333357) 年(514736) 十月(15556) 到(546906) 四月(14996) 有(2217079) 五萬(2821) 隻(93136) 海島(1004) 飛臨(4) 在(3284238) 沙灘(3161) 植物(19121) 木麻黃林(12) 中(1011729) 或(478077) 白水木(Unknown) 下(329549) 繁殖(2658) 下一代(Unknown) 也(1590760) 為(761341) 觀光客(2140) 帶來(40305) 許多(159791) 驚喜(4528),"{'High': 58, 'Low': 7}","{'第1級': 10, '第1*級': 4, '第2級': 2, 'Unknown': 26, '第5級': 9, '第4級': 6, '第7級': 1, '第4*級': 2, '第6級': 2, '第3級': 1, '第3*級': 2}",8,Y,Y,N,N
現在淑女島上的度假旅館設施，建於一九八五年，同年島嶼在生態恢復後轉型推展觀光，一九八九年，淑女島被列入世界自然遺產名錄中，今天小島和珊瑚礁則已納入澳洲大堡礁國家公園經營管理範。,現在 淑女島 上 的 度假 旅館 設施 建 於 一九八五年 同年 島嶼 在 生態 恢復 後 轉型 推展 觀光 一九八九年 淑女島 被 列入 世界 自然 遺產 名錄 中 今天 小島 和 珊瑚礁 則 已 納入 澳洲 大堡礁 國家 公園 經營 管理 範,42,現在(218744) 淑女島(Unknown) 上(1233218) 的(16029838) 度假(3488) 旅館(12498) 設施(5472) 建(13839) 於(327210) 一九八五年(1853) 同年(5396) 島嶼(3972) 在(3284238) 生態(9124) 恢復(20693) 後(422857) 轉型(4413) 推展(2011) 觀光(4478) 一九八九年(2106) 淑女島(Unknown) 被(540683) 列入(3205) 世界(165235) 自然(91995) 遺產(4520) 名錄(266) 中(1011729) 今天(73277) 小島(379) 和(1338337) 珊瑚礁(608) 則(254096) 已(215610) 納入(5488) 澳洲(5383) 大堡礁(87) 國家(109166) 公園(13910) 經營(39913) 管理(54484) 範(492),"{'High': 39, 'Low': 3}","{'第1級': 5, 'Unknown': 12, '第4*級': 2, '第2*級': 1, '第6級': 5, '第5級': 7, '第1*級': 3, '第4級': 3, '第2級': 2, '第3*級': 1, '第3級': 1}",6,Y,Y,N,N
目前島上僅有的歷史遺跡，為島嶼北邊一座一八六六年興建的白色燈塔建築，屹立百餘年的淑女島燈塔，直到兩年前才從崗位上退休，成為供遊客憑弔的島上歷史建築。,目前 島 上 僅有 的 歷史 遺跡 為 島嶼 北邊 一 座 一八六六年 興建 的 白色 燈塔 建築 屹立 百餘 年 的 淑女島 燈塔 直到 兩 年 前 才 從 崗位 上 退休 成為 供 遊客 憑弔 的 島 上 歷史 建築,42,目前(48695) 島(19160) 上(1233218) 僅有(4494) 的(16029838) 歷史(96060) 遺跡(1943) 為(761341) 島嶼(3972) 北邊(1953) 一(3701681) 座(49959) 一八六六年(229) 興建(5688) 的(16029838) 白色(16196) 燈塔(1777) 建築(31065) 屹立(725) 百餘(1429) 年(514736) 的(16029838) 淑女島(Unknown) 燈塔(1777) 直到(41624) 兩(526190) 年(514736) 前(272709) 才(394539) 從(496546) 崗位(2099) 上(1233218) 退休(12703) 成為(143834) 供(17109) 遊客(4899) 憑弔(387) 的(16029838) 島(19160) 上(1233218) 歷史(96060) 建築(31065),"{'High': 41, 'Low': 1}","{'第4級': 4, '第1級': 12, '第6級': 3, '第3級': 2, '第7級': 2, 'Unknown': 11, '第3*級': 1, '第5級': 2, '第4*級': 3, '第2級': 1, '第1*級': 1}",2,Y,N,N,N
歷史巡禮一小時看一世紀保護生態。,歷史 巡禮 一 小時 看 一世紀 保護 生態,8,歷史(96060) 巡禮(299) 一(3701681) 小時(48521) 看(444691) 一世紀(242) 保護(32573) 生態(9124),{'High': 8},"{'第3級': 1, 'Unknown': 3, '第1級': 2, '第3*級': 1, '第5級': 1}",1,Y,N,N,N
走進自然融入自然淑女島是澳洲大堡礁國家公園內的保護區，整個島由珊瑚礁構成，搭乘小飛機從空中俯瞰小島，最能感受島嶼的地形與美麗。,走進 自然 融入 自然 淑女島 是 澳洲 大堡礁 國家 公園 內 的 保護區 整個 島 由 珊瑚礁 構成 搭乘 小 飛機 從 空中 俯瞰 小島 最 能 感受 島嶼 的 地形 與 美麗,33,走進(19683) 自然(91995) 融入(5650) 自然(91995) 淑女島(Unknown) 是(4642407) 澳洲(5383) 大堡礁(87) 國家(109166) 公園(13910) 內(183051) 的(16029838) 保護區(455) 整個(Unknown) 島(19160) 由(208604) 珊瑚礁(608) 構成(16185) 搭乘(4116) 小(318835) 飛機(18598) 從(496546) 空中(9571) 俯瞰(1650) 小島(379) 最(421680) 能(582260) 感受(30399) 島嶼(3972) 的(16029838) 地形(3468) 與(968432) 美麗(24889),"{'High': 30, 'Low': 3}","{'Unknown': 7, '第3*級': 3, '第5級': 5, '第1級': 4, '第4級': 2, '第1*級': 6, '第3級': 1, '第4*級': 3, '第7級': 1, '第6級': 1}",4,Y,Y,N,N
LadyElliotIsland因一百八十年前被一艘經過的船隻發現而得名，但這座全由珊瑚礁覆蓋的島嶼，因小島外圍環繞著一大圈淺淺的珊瑚礁，早年也是船難頻傳之地，至今，遊艇、船舶仍然無法直接駛近靠岸，而需仰賴平底的小船接駁。,LadyElliotIsland 因 一百八十 年 前 被 一 艘 經過 的 船隻 發現 而 得名 但 這 座 全 由 珊瑚礁 覆蓋 的 島嶼 因 小島 外圍 環繞 著 一 大 圈 淺淺 的 珊瑚礁 早年 也 是 船難 頻傳 之 地 至今 遊艇 船舶 仍然 無法 直接 駛近 靠岸 而 需 仰賴 平底 的 小 船 接駁,57,LadyElliotIsland(Unknown) 因(119364) 一百八十(1223) 年(514736) 前(272709) 被(540683) 一(3701681) 艘(13569) 經過(64617) 的(16029838) 船隻(5221) 發現(175233) 而(937923) 得名(829) 但(597124) 這(2114032) 座(49959) 全(178642) 由(208604) 珊瑚礁(608) 覆蓋(4177) 的(16029838) 島嶼(3972) 因(119364) 小島(379) 外圍(2080) 環繞(4620) 著(1004687) 一(3701681) 大(525780) 圈(12178) 淺淺(910) 的(16029838) 珊瑚礁(608) 早年(5061) 也(1590760) 是(4642407) 船難(283) 頻傳(294) 之(875481) 地(754998) 至今(14540) 遊艇(1057) 船舶(928) 仍然(46200) 無法(150606) 直接(54798) 駛近(266) 靠岸(666) 而(937923) 需(27999) 仰賴(3808) 平底(328) 的(16029838) 小(318835) 船(45130) 接駁(345),"{'Low': 1, 'High': 56}","{'Unknown': 20, '第1級': 13, '第2級': 6, '第5級': 7, '第3*級': 1, '第4*級': 1, '第6級': 5, '第7級': 1, '第4級': 1, '第3級': 2}",4,Y,Y,N,N
自空中遠望淑女島，島嶼就像是深藍色大海綿中浮現的兩個重疊心形，除了鑲著白沙蕾絲邊的青蔥小島，外圍罩著一圈淺水藍的大心形，非常美麗動人。,自 空中 遠望 淑女島 島嶼 就 像 是 深藍色 大 海綿 中 浮現 的 兩 個 重疊 心形 除了 鑲 著 白沙 蕾絲邊 的 青蔥 小島 外圍 罩 著 一 圈 淺水藍 的 大心形 非常 美麗 動人,37,自(59676) 空中(9571) 遠望(545) 淑女島(Unknown) 島嶼(3972) 就(1737544) 像(289494) 是(4642407) 深藍色(914) 大(525780) 海綿(1031) 中(1011729) 浮現(6931) 的(16029838) 兩(526190) 個(2296574) 重疊(3373) 心形(208) 除了(75964) 鑲(2753) 著(1004687) 白沙(107) 蕾絲邊(7) 的(16029838) 青蔥(435) 小島(379) 外圍(2080) 罩(2511) 著(1004687) 一(3701681) 圈(12178) 淺水藍(Unknown) 的(16029838) 大心形(Unknown) 非常(152032) 美麗(24889) 動人(4951),"{'High': 33, 'Low': 4}","{'第5級': 2, '第4*級': 1, 'Unknown': 15, '第6級': 5, '第1級': 9, '第1*級': 2, '第3*級': 2, '第7級': 1}",5,Y,N,N,N
就因為外圍的大片珊瑚礁潮間帶，使得小島百餘年來難以讓船隻親近。,就 因為 外圍 的 大 片 珊瑚礁 潮間帶 使得 小島 百餘 年 來 難以 讓 船隻 親近,17,就(1737544) 因為(425061) 外圍(2080) 的(16029838) 大(525780) 片(71870) 珊瑚礁(608) 潮間帶(221) 使得(30960) 小島(379) 百餘(1429) 年(514736) 來(742183) 難以(30294) 讓(526314) 船隻(5221) 親近(7508),{'High': 17},"{'第1級': 5, '第1*級': 1, '第6級': 1, '第2級': 2, 'Unknown': 4, '第5級': 4}",2,Y,Y,N,N
在淑女島上的度假行程中，便安排了一趟一小時的島嶼歷史之旅，主要在看島上堆積的鳥糞磷礦和具百餘年歷史的燈塔建築，工作人員還會告訴你，何以淑女島曾經有過那麼多的船難發生，而在小島的木麻黃林中，至今還陳列一艘曾經環航澳洲，卻在航行到淑女島時船難撞毀的小型帆船遺骸，並成為島上船難歷史的最佳見證。,在 淑女島 上 的 度假 行程 中 便 安排 了 一 趟 一 小時 的 島嶼 歷史 之 旅 主要 在 看 島 上 堆積 的 鳥糞 磷礦 和 具 百餘 年 歷史 的 燈塔 建築 工作 人員 還 會 告訴 你 何以 淑女島 曾經 有 過 那麼多 的 船難 發生 而 在 小島 的 木麻黃林 中 至今 還 陳列 一 艘 曾經 環航 澳洲 卻 在 航行 到 淑女島 時 船難 撞毀 的 小型 帆船 遺骸 並 成為 島 上 船難 歷史 的 最佳 見證,86,在(3284238) 淑女島(Unknown) 上(1233218) 的(16029838) 度假(3488) 行程(5276) 中(1011729) 便(220860) 安排(30105) 了(3199291) 一(3701681) 趟(11585) 一(3701681) 小時(48521) 的(16029838) 島嶼(3972) 歷史(96060) 之(875481) 旅(8620) 主要(78757) 在(3284238) 看(444691) 島(19160) 上(1233218) 堆積(2036) 的(16029838) 鳥糞(107) 磷礦(3) 和(1338337) 具(41661) 百餘(1429) 年(514736) 歷史(96060) 的(16029838) 燈塔(1777) 建築(31065) 工作(220164) 人員(49261) 還(625086) 會(1014977) 告訴(122898) 你(1414837) 何以(5385) 淑女島(Unknown) 曾經(52970) 有(2217079) 過(412878) 那麼多(10705) 的(16029838) 船難(283) 發生(129211) 而(937923) 在(3284238) 小島(379) 的(16029838) 木麻黃林(12) 中(1011729) 至今(14540) 還(625086) 陳列(2020) 一(3701681) 艘(13569) 曾經(52970) 環航(17) 澳洲(5383) 卻(333007) 在(3284238) 航行(4126) 到(546906) 淑女島(Unknown) 時(623734) 船難(283) 撞毀(155) 的(16029838) 小型(6080) 帆船(2281) 遺骸(560) 並(442790) 成為(143834) 島(19160) 上(1233218) 船難(283) 歷史(96060) 的(16029838) 最佳(27224) 見證(4099),"{'High': 80, 'Low': 6}","{'第1*級': 6, 'Unknown': 28, '第1級': 20, '第4*級': 3, '第5級': 6, '第6級': 9, '第4級': 9, '第3級': 4, '第3*級': 1}",5,Y,Y,N,N
由於淑女島是大堡礁世界自然遺產區域的一部分，島上對生態環境的維護也不遺餘力，而且認為是登島度假遊客的共同責任，因此，當你來到淑女島會發現，這兒的旅遊活動絕大多數與生態之旅有關，每年十月至四月到島上築巢繁殖的萬千海鳥和海龜，雖是觀光客觀察欣賞動物生態的驚奇之旅，卻絕對禁止打擾或喧嚷，棲止在樹梢、樹下或蔓藤植物間的海鳥，全都只能看不得餵食，當中一種叫Redtailedtropicbird的白色美麗海鳥，據說僅在澳洲大堡礁兩座小島築巢，一座為無人島，另一座就是淑女島。,由於 淑女島 是 大堡礁 世界 自然 遺產 區域 的 一 部分 島 上 對 生態環境 的 維護 也 不遺餘力 而且 認為 是 登 島 度假 遊客 的 共同 責任 因此 當 你 來到 淑女島 會 發現 這兒 的 旅遊 活動 絕大多數 與 生態 之 旅 有關 每 年 十月 至 四月 到 島 上 築巢 繁殖 的 萬千 海鳥 和 海龜 雖 是 觀光客 觀察 欣賞 動物 生態 的 驚奇 之 旅 卻 絕對 禁止 打擾 或 喧嚷 棲止 在 樹梢 樹 下 或 蔓藤 植物 間 的 海鳥 全 都 只 能 看 不得 餵食 當中 一 種 叫 Redtailedtropicbird 的 白色 美麗 海鳥 據說 僅 在 澳洲 大堡礁 兩 座 小島 築巢 一 座 為 無 人 島 另 一 座 就 是 淑女島,126,由於(88111) 淑女島(Unknown) 是(4642407) 大堡礁(87) 世界(165235) 自然(91995) 遺產(4520) 區域(14982) 的(16029838) 一(3701681) 部分(82518) 島(19160) 上(1233218) 對(897964) 生態環境(21) 的(16029838) 維護(8695) 也(1590760) 不遺餘力(1037) 而且(180402) 認為(192030) 是(4642407) 登(6176) 島(19160) 度假(3488) 遊客(4899) 的(16029838) 共同(36636) 責任(29747) 因此(184606) 當(294625) 你(1414837) 來到(45261) 淑女島(Unknown) 會(1014977) 發現(175233) 這兒(16246) 的(16029838) 旅遊(8465) 活動(85743) 絕大多數(3861) 與(968432) 生態(9124) 之(875481) 旅(8620) 有關(69607) 每(333357) 年(514736) 十月(15556) 至(101530) 四月(14996) 到(546906) 島(19160) 上(1233218) 築巢(901) 繁殖(2658) 的(16029838) 萬千(1167) 海鳥(262) 和(1338337) 海龜(727) 雖(48164) 是(4642407) 觀光客(2140) 觀察(44358) 欣賞(17817) 動物(36835) 生態(9124) 的(16029838) 驚奇(5322) 之(875481) 旅(8620) 卻(333007) 絕對(42446) 禁止(9330) 打擾(3608) 或(478077) 喧嚷(115) 棲止(39) 在(3284238) 樹梢(1205) 樹(34746) 下(329549) 或(478077) 蔓藤(122) 植物(19121) 間(115638) 的(16029838) 海鳥(262) 全(178642) 都(1125846) 只(436725) 能(582260) 看(444691) 不得(14941) 餵食(2126) 當中(28263) 一(3701681) 種(701563) 叫(111645) Redtailedtropicbird(Unknown) 的(16029838) 白色(16196) 美麗(24889) 海鳥(262) 據說(16336) 僅(30739) 在(3284238) 澳洲(5383) 大堡礁(87) 兩(526190) 座(49959) 小島(379) 築巢(901) 一(3701681) 座(49959) 為(761341) 無(157858) 人(1550512) 島(19160) 另(138369) 一(3701681) 座(49959) 就(1737544) 是(4642407) 淑女島(Unknown),"{'High': 118, 'Low': 8}","{'第4*級': 8, 'Unknown': 37, '第1級': 29, '第2級': 8, '第3*級': 6, '第5級': 12, '第4級': 11, '第7級': 2, '第3級': 4, '第1*級': 7, '第6級': 2}",10,Y,Y,N,N
目前島上就有好幾隻這樣的海鳥築巢產下小Baby。,目前 島 上 就 有 好幾 隻 這樣 的 海鳥 築巢 產下 小 Baby,14,目前(48695) 島(19160) 上(1233218) 就(1737544) 有(2217079) 好幾(30650) 隻(93136) 這樣(288344) 的(16029838) 海鳥(262) 築巢(901) 產下(810) 小(318835) Baby(571),{'High': 14},"{'第4級': 2, '第1級': 5, 'Unknown': 5, '第2級': 1, '第3級': 1}",1,Y,N,N,N
淑女島上的海鳥不得驚擾、餵食或撿拾鳥蛋，上岸產卵的三種海龜也禁止觀光客干擾，島上並建議遊客避免用手電筒在夜裡找龜，珊瑚礁區的魚類同樣禁止釣獵，遊客如擦了防曬油，請勿觸摸珊瑚礁區的海參或海星，以免引起海底生物敏感。,淑女島 上 的 海鳥 不得 驚擾 餵食 或 撿拾 鳥蛋 上岸 產卵 的 三 種 海龜 也 禁止 觀光客 干擾 島 上 並 建議 遊客 避免 用 手電筒 在 夜裡 找 龜 珊瑚礁 區 的 魚類 同樣 禁止 釣獵 遊客 如 擦 了 防曬油 請 勿 觸摸 珊瑚礁 區 的 海參 或 海星 以免 引起 海 底 生物 敏感,59,淑女島(Unknown) 上(1233218) 的(16029838) 海鳥(262) 不得(14941) 驚擾(404) 餵食(2126) 或(478077) 撿拾(764) 鳥蛋(247) 上岸(2260) 產卵(1337) 的(16029838) 三(313861) 種(701563) 海龜(727) 也(1590760) 禁止(9330) 觀光客(2140) 干擾(7859) 島(19160) 上(1233218) 並(442790) 建議(45709) 遊客(4899) 避免(33211) 用(377038) 手電筒(2094) 在(3284238) 夜裡(5591) 找(108128) 龜(3820) 珊瑚礁(608) 區(6652) 的(16029838) 魚類(2738) 同樣(63568) 禁止(9330) 釣獵(2) 遊客(4899) 如(195069) 擦(8688) 了(3199291) 防曬油(9) 請(120629) 勿(6163) 觸摸(2207) 珊瑚礁(608) 區(6652) 的(16029838) 海參(323) 或(478077) 海星(530) 以免(8342) 引起(36729) 海(33696) 底(37174) 生物(18302) 敏感(12359),"{'Low': 3, 'High': 56}","{'Unknown': 23, '第1級': 11, '第3級': 2, '第7級': 1, '第5級': 7, '第4級': 5, '第4*級': 3, '第3*級': 3, '第1*級': 1, '第6級': 2, '第2級': 1}",6,Y,Y,N,N
因為淑女島生態復育成功，使遊客不但在小島度假時可享受與海龜、鰩魚(MantaRay)同游的樂趣，還可看海龜產卵、鳥兒築巢，整個淑女島堪稱是戶外生態大教室，讓你走進自然、也融入自然。,因為 淑女島 生態 復育 成功 使 遊客 不但 在 小島 度假 時 可 享受 與 海龜 鰩魚 MantaRay 同 游 的 樂趣 還 可 看 海龜 產卵 鳥兒 築巢 整個 淑女島 堪稱 是 戶外 生態 大 教室 讓 你 走進 自然 也 融入 自然,44,因為(425061) 淑女島(Unknown) 生態(9124) 復育(236) 成功(80266) 使(197544) 遊客(4899) 不但(40359) 在(3284238) 小島(379) 度假(3488) 時(623734) 可(307359) 享受(21312) 與(968432) 海龜(727) 鰩魚(13) MantaRay(Unknown) 同(102917) 游(3352) 的(16029838) 樂趣(9412) 還(625086) 可(307359) 看(444691) 海龜(727) 產卵(1337) 鳥兒(2956) 築巢(901) 整個(Unknown) 淑女島(Unknown) 堪稱(3083) 是(4642407) 戶外(4382) 生態(9124) 大(525780) 教室(16437) 讓(526314) 你(1414837) 走進(19683) 自然(91995) 也(1590760) 融入(5650) 自然(91995),"{'High': 39, 'Low': 5}","{'第1*級': 3, 'Unknown': 17, '第5級': 4, '第3*級': 4, '第3級': 1, '第4*級': 6, '第4級': 1, '第2*級': 1, '第1級': 5, '第6級': 1, '第2級': 1}",3,Y,Y,N,N
讓你走進自然、也融入自然。,讓 你 走進 自然 也 融入 自然,7,讓(526314) 你(1414837) 走進(19683) 自然(91995) 也(1590760) 融入(5650) 自然(91995),{'High': 7},"{'第2級': 1, '第1級': 2, 'Unknown': 1, '第3*級': 2, '第5級': 1}",0,Y,N,N,N
位在圖山半島的圖山賭場，去年十月才正式營運，由於越南仍為社會主義國家，卻容許賭場存在，可見得觀光業的利益實不可擋。,位在 圖山半島 的 圖山 賭場 去年 十月 才 正式 營運 由於 越南 仍 為 社會主義 國家 卻 容許 賭場 存在 可見得 觀光業 的 利益 實 不可 擋,27,位在(30) 圖山半島(Unknown) 的(16029838) 圖山(Unknown) 賭場(1645) 去年(9462) 十月(15556) 才(394539) 正式(23229) 營運(5641) 由於(88111) 越南(5214) 仍(92056) 為(761341) 社會主義(5167) 國家(109166) 卻(333007) 容許(4248) 賭場(1645) 存在(75197) 可見得(189) 觀光業(136) 的(16029838) 利益(25126) 實(17029) 不可(50808) 擋(4214),"{'Low': 3, 'High': 24}","{'Unknown': 10, '第1級': 3, '第5級': 6, '第2級': 1, '第3*級': 1, '第6級': 2, '第4*級': 1, '第4級': 2, '第1*級': 1}",4,Y,Y,N,N
圖山三面環海，沿著濱海公路而上，景致相當不錯，海濱可以看到弄潮的人們及五彩繽紛的海灘傘，展現一派度假勝地景象。,圖山 三 面 環海 沿著 濱海公路 而 上 景致 相當 不錯 海濱 可以 看到 弄潮 的 人們 及 五彩繽紛 的 海灘傘 展現 一 派 度假 勝地 景象,27,圖山(Unknown) 三(313861) 面(39563) 環海(114) 沿著(Unknown) 濱海公路(75) 而(937923) 上(1233218) 景致(1617) 相當(66293) 不錯(23297) 海濱(1331) 可以(560531) 看到(159419) 弄潮(36) 的(16029838) 人們(77778) 及(304586) 五彩繽紛(479) 的(16029838) 海灘傘(Unknown) 展現(15289) 一(3701681) 派(45750) 度假(3488) 勝地(934) 景象(9474),"{'Low': 5, 'High': 22}","{'Unknown': 6, '第1級': 6, '第4*級': 3, '第5級': 3, '第7級': 4, '第3級': 1, '第1*級': 2, '第6級': 1, '第4級': 1}",3,Y,Y,N,N
圖山海灣岬角的小坡頂上，一座卡通造型的建築物，便是圖山賭場了，這是香港UBI公司和海防旅遊公司聯合投資經營的企業，除了賭場設施外，也附設一座舞廳，目前僅開放給外國人及持外國護照的越南人享用，因此客人均比較單純。,圖山 海灣 岬角 的 小 坡頂 上 一 座 卡通 造型 的 建築物 便是 圖山 賭場 了 這 是 香港 UBI 公司 和 海防 旅遊 公司 聯合 投資 經營 的 企業 除了 賭場 設施 外 也 附設 一 座 舞廳 目前 僅 開放給 外國人 及 持 外國 護照 的 越南人 享用 因此 客人 均 比較 單純,56,圖山(Unknown) 海灣(1669) 岬角(173) 的(16029838) 小(318835) 坡頂(Unknown) 上(1233218) 一(3701681) 座(49959) 卡通(3171) 造型(6053) 的(16029838) 建築物(6830) 便是(6111) 圖山(Unknown) 賭場(1645) 了(3199291) 這(2114032) 是(4642407) 香港(46937) UBI(Unknown) 公司(168500) 和(1338337) 海防(686) 旅遊(8465) 公司(168500) 聯合(10911) 投資(38191) 經營(39913) 的(16029838) 企業(65457) 除了(75964) 賭場(1645) 設施(5472) 外(109310) 也(1590760) 附設(732) 一(3701681) 座(49959) 舞廳(679) 目前(48695) 僅(30739) 開放給(389) 外國人(5666) 及(304586) 持(11680) 外國(13057) 護照(2444) 的(16029838) 越南人(218) 享用(3152) 因此(184606) 客人(18662) 均(27783) 比較(112212) 單純(13665),"{'Low': 4, 'High': 52}","{'Unknown': 16, '第1級': 12, '第3*級': 3, '第4級': 4, '第5級': 8, '第2級': 4, '第4*級': 4, '第6級': 3, '第7級': 1, '第1*級': 1}",5,Y,Y,N,N
圖山賭場原址是保大皇的行宮所在。,圖山 賭場 原址 是 保大皇 的 行宮 所在,8,圖山(Unknown) 賭場(1645) 原址(339) 是(4642407) 保大皇(Unknown) 的(16029838) 行宮(1154) 所在(13079),"{'Low': 2, 'High': 6}","{'Unknown': 4, '第5級': 1, '第1級': 2, '第6級': 1}",1,N,N,N,Y
賭場所在位置，正是越南末代皇帝保大皇的行宮遺址，越南解放後，一度成為越南高幹度假中心，一般平民百姓少有機會到此，一九九三年，香港UBI公司開始改建成為擁有賭場及舞場的娛樂中心，目前開放的規模是第一階段的工程，據了解，UBI公司的圖山旅遊區規畫內容，尚包括高級酒店、七十二崗遊樂城及開發離島旅遊事業等。,賭場 所在 位置 正 是 越南 末代 皇帝 保大皇 的 行宮 遺址 越南 解放 後 一度 成為 越南 高幹 度假 中心 一般 平民 百姓 少有 機會 到 此 一九九三年 香港 UBI 公司 開始 改建成 為 擁有 賭場 及 舞場 的 娛樂 中心 目前 開放 的 規模 是 第一 階段 的 工程 據了解 UBI 公司 的 圖山 旅遊區 規畫 內容 尚 包括 高級 酒店 七十二 崗 遊樂城 及 開發 離島 旅遊 事業 等,72,賭場(1645) 所在(13079) 位置(32151) 正(179334) 是(4642407) 越南(5214) 末代(593) 皇帝(74871) 保大皇(Unknown) 的(16029838) 行宮(1154) 遺址(2380) 越南(5214) 解放(6536) 後(422857) 一度(5292) 成為(143834) 越南(5214) 高幹(418) 度假(3488) 中心(46076) 一般(80732) 平民(4984) 百姓(15824) 少有(1136) 機會(81244) 到(546906) 此(288458) 一九九三年(2119) 香港(46937) UBI(Unknown) 公司(168500) 開始(245562) 改建成(274) 為(761341) 擁有(55809) 賭場(1645) 及(304586) 舞場(98) 的(16029838) 娛樂(8783) 中心(46076) 目前(48695) 開放(17546) 的(16029838) 規模(17762) 是(4642407) 第一(172544) 階段(35628) 的(16029838) 工程(14284) 據了解(263) UBI(Unknown) 公司(168500) 的(16029838) 圖山(Unknown) 旅遊區(34) 規畫(2553) 內容(55074) 尚(26113) 包括(74410) 高級(10823) 酒店(3875) 七十二(1241) 崗(218) 遊樂城(Unknown) 及(304586) 開發(19196) 離島(514) 旅遊(8465) 事業(32957) 等(327380),"{'High': 65, 'Low': 7}","{'第5級': 15, '第6級': 7, '第4*級': 5, '第3*級': 5, '第1級': 9, 'Unknown': 19, '第7級': 1, '第3級': 2, '第2級': 5, '第4級': 4}",9,Y,Y,N,Y
賭場的營業時間為早上十一時至凌晨五時，目前賭博設施計有五種：百家樂、大小、輪盤、二十一點、法國輪盤等，場內最多可容五百人，雖然規模不大，不過已可應付目前的需要。,賭場 的 營業 時間 為 早上 十一時 至 凌晨 五時 目前 賭博 設施 計有 五 種 百家樂 大小 輪盤 二十一點 法國 輪盤 等 場 內 最多 可 容 五百 人 雖然 規模 不 大 不過 已 可 應付 目前 的 需要,41,賭場(1645) 的(16029838) 營業(4800) 時間(213595) 為(761341) 早上(22242) 十一時(287) 至(101530) 凌晨(3229) 五時(298) 目前(48695) 賭博(2491) 設施(5472) 計有(799) 五(112649) 種(701563) 百家樂(4) 大小(17587) 輪盤(324) 二十一點(87) 法國(29029) 輪盤(324) 等(327380) 場(68915) 內(183051) 最多(11485) 可(307359) 容(3650) 五百(7028) 人(1550512) 雖然(152988) 規模(17762) 不(2282521) 大(525780) 不過(186226) 已(215610) 可(307359) 應付(10076) 目前(48695) 的(16029838) 需要(166793),"{'High': 39, 'Low': 2}","{'第5級': 5, '第1級': 9, 'Unknown': 12, '第6級': 2, '第4級': 3, '第3*級': 1, '第2級': 4, '第3級': 2, '第4*級': 3}",3,Y,Y,N,N
我國越南旅行團正規行程中，不把圖山列入，不過旅客要求的話，旅遊業者可以特別安排。,我國 越南 旅行團 正規 行程 中 不 把 圖山 列入 不過 旅客 要求 的 話 旅遊 業者 可以 特別 安排,20,我國(7225) 越南(5214) 旅行團(364) 正規(1894) 行程(5276) 中(1011729) 不(2282521) 把(617773) 圖山(Unknown) 列入(3205) 不過(186226) 旅客(3355) 要求(71192) 的(16029838) 話(148020) 旅遊(8465) 業者(6857) 可以(560531) 特別(91212) 安排(30105),"{'High': 19, 'Low': 1}","{'Unknown': 6, '第5級': 2, '第6級': 2, '第1級': 4, '第2級': 3, '第3*級': 1, '第4級': 2}",1,Y,Y,N,N
旅遊業者可以特別安排。,旅遊 業者 可以 特別 安排,5,旅遊(8465) 業者(6857) 可以(560531) 特別(91212) 安排(30105),{'High': 5},"{'第4級': 2, 'Unknown': 1, '第1級': 1, '第2級': 1}",0,Y,N,N,N
因應景氣回升舊館改建新館增建朝高品質、國際化邁進。,因應 景氣 回升 舊 館 改建 新 館 增建 朝 高品質 國際化 邁進,13,因應(6201) 景氣(1794) 回升(512) 舊(32022) 館(3995) 改建(1135) 新(212453) 館(3995) 增建(416) 朝(59301) 高品質(1533) 國際化(1576) 邁進(2495),{'High': 13},"{'第6級': 1, '第5級': 1, 'Unknown': 7, '第1*級': 1, '第7級': 2, '第1級': 1}",2,Y,N,N,N
隨著觀光業蓬勃發展，泰國最近新旅館如雨後春筍增建，其中首都曼谷更是新旅館投資案的重要據點，除增建新旅館外，舊旅館也紛紛改建或重新出發，讓觀光客到泰國旅遊，可以充分享受高品質的旅館服務水準。,隨著 觀光業 蓬勃 發展 泰國 最近 新 旅館 如 雨後春筍 增建 其中 首都 曼谷 更 是 新 旅館 投資案 的 重要 據點 除 增建 新 旅館 外 舊 旅館 也 紛紛 改建 或 重新 出發 讓 觀光客 到 泰國 旅遊 可以 充分 享受 高品質 的 旅館 服務 水準,48,隨著(32948) 觀光業(136) 蓬勃(2363) 發展(117494) 泰國(2285) 最近(30174) 新(212453) 旅館(12498) 如(195069) 雨後春筍(551) 增建(416) 其中(95627) 首都(12838) 曼谷(419) 更(361676) 是(4642407) 新(212453) 旅館(12498) 投資案(220) 的(16029838) 重要(154863) 據點(2750) 除(15929) 增建(416) 新(212453) 旅館(12498) 外(109310) 舊(32022) 旅館(12498) 也(1590760) 紛紛(14617) 改建(1135) 或(478077) 重新(44668) 出發(17257) 讓(526314) 觀光客(2140) 到(546906) 泰國(2285) 旅遊(8465) 可以(560531) 充分(18210) 享受(21312) 高品質(1533) 的(16029838) 旅館(12498) 服務(38055) 水準(9940),{'High': 48},"{'第5級': 6, 'Unknown': 8, '第6級': 2, '第4級': 7, '第2級': 3, '第1級': 10, '第2*級': 5, '第7級': 2, '第3*級': 2, '第1*級': 1, '第3級': 2}",5,Y,Y,N,N
阿瑪里中庭飯店後現代風格的建築，今年二月二日部分完工啟用的阿瑪里中庭飯店(AmariAtriumHotel)，位在曼谷最繁華熱鬧的NewPetchburi路上，周圍是辦公大樓及購物商場雲集之處。,阿瑪里 中庭 飯店 後現代 風格 的 建築 今年 二月 二日 部分 完工 啟用 的 阿瑪里 中庭 飯店 AmariAtriumHotel 位在 曼谷 最 繁華 熱鬧 的 NewPetchburi路 上 周圍 是 辦公 大樓 及 購物 商場 雲集 之 處,36,阿瑪里(Unknown) 中庭(1086) 飯店(9669) 後現代(1268) 風格(24707) 的(16029838) 建築(31065) 今年(10836) 二月(12791) 二日(3130) 部分(82518) 完工(2319) 啟用(917) 的(16029838) 阿瑪里(Unknown) 中庭(1086) 飯店(9669) AmariAtriumHotel(Unknown) 位在(30) 曼谷(419) 最(421680) 繁華(2328) 熱鬧(6537) 的(16029838) NewPetchburi路(Unknown) 上(1233218) 周圍(15078) 是(4642407) 辦公(2711) 大樓(7532) 及(304586) 購物(5443) 商場(3087) 雲集(681) 之(875481) 處(84410),"{'Low': 5, 'High': 31}","{'Unknown': 12, '第2*級': 3, '第6級': 4, '第1級': 6, '第4*級': 3, '第2級': 1, '第7級': 2, '第1*級': 1, '第3*級': 1, '第5級': 3}",5,Y,Y,N,Y
該飯店擁有六百間客房，內部規畫有二十四小時營業的Cascade咖啡屋、游泳池、健身中心、可容四百人的宴會廳等。,該 飯店 擁有 六百 間 客房 內部 規畫 有 二十四 小時 營業 的 Cascade 咖啡屋 游泳池 健身 中心 可 容 四百 人 的 宴會廳 等,25,該(148369) 飯店(9669) 擁有(55809) 六百(1929) 間(115638) 客房(1108) 內部(20578) 規畫(2553) 有(2217079) 二十四(7473) 小時(48521) 營業(4800) 的(16029838) Cascade(15) 咖啡屋(318) 游泳池(1665) 健身(1843) 中心(46076) 可(307359) 容(3650) 四百(3351) 人(1550512) 的(16029838) 宴會廳(340) 等(327380),"{'High': 24, 'Low': 1}","{'第4*級': 2, '第2*級': 2, '第5級': 2, 'Unknown': 10, '第6級': 1, '第1級': 5, '第7級': 1, '第3級': 1, '第3*級': 1}",5,Y,Y,N,N
該飯店的建築風格為後現代風格，其中挑高八層的羅馬式圓柱中庭(飯店名稱之由來)，予旅客相當開闊的感覺。,該 飯店 的 建築 風格 為 後現代 風格 其中 挑高 八 層 的 羅馬式 圓柱 中庭 飯店 名稱 之 由來 予 旅客 相當 開闊 的 感覺,26,該(148369) 飯店(9669) 的(16029838) 建築(31065) 風格(24707) 為(761341) 後現代(1268) 風格(24707) 其中(95627) 挑高(219) 八(54961) 層(36369) 的(16029838) 羅馬式(174) 圓柱(601) 中庭(1086) 飯店(9669) 名稱(11922) 之(875481) 由來(2052) 予(6046) 旅客(3355) 相當(66293) 開闊(2794) 的(16029838) 感覺(91265),{'High': 26},"{'第4*級': 3, '第2*級': 2, '第1級': 4, '第6級': 4, 'Unknown': 8, '第3*級': 3, '第5級': 1, '第3級': 1}",2,Y,N,N,N
該飯店頂樓兩層規畫了四十多間商務客房及一個商務中心，為旅客做個別住房登記服務。,該 飯店 頂樓 兩 層 規畫 了 四十多 間 商務 客房 及 一 個 商務 中心 為 旅客 做 個別 住房 登記 服務,23,該(148369) 飯店(9669) 頂樓(1040) 兩(526190) 層(36369) 規畫(2553) 了(3199291) 四十多(1785) 間(115638) 商務(4046) 客房(1108) 及(304586) 一(3701681) 個(2296574) 商務(4046) 中心(46076) 為(761341) 旅客(3355) 做(411649) 個別(9906) 住房(839) 登記(11083) 服務(38055),{'High': 23},"{'第4*級': 1, '第2*級': 1, '第5級': 4, '第1級': 4, '第3*級': 1, '第6級': 3, 'Unknown': 7, '第3級': 2}",1,Y,Y,N,N
四星級的阿瑪里中庭飯店，預估開幕後可佔有該區15%的市場，主要客戶層除商務旅客外，也接受團體、航空公司人員及轉機旅客等。,四星級 的 阿瑪里 中庭 飯店 預估 開幕 後 可 佔有 該 區 15 的 市場 主要 客戶層 除 商務 旅客 外 也 接受 團體 航空 公司 人員 及 轉機 旅客 等,31,四星級(29) 的(16029838) 阿瑪里(Unknown) 中庭(1086) 飯店(9669) 預估(1387) 開幕(2013) 後(422857) 可(307359) 佔有(3479) 該(148369) 區(6652) 15(11053) 的(16029838) 市場(65023) 主要(78757) 客戶層(2) 除(15929) 商務(4046) 旅客(3355) 外(109310) 也(1590760) 接受(84729) 團體(30852) 航空(4707) 公司(168500) 人員(49261) 及(304586) 轉機(1522) 旅客(3355) 等(327380),"{'Low': 3, 'High': 28}","{'Unknown': 7, '第1級': 5, '第2*級': 1, '第6級': 4, '第4*級': 2, '第5級': 4, '第4級': 4, '第2級': 2, '第3*級': 2}",3,Y,Y,N,Y
威斯登曼谷飯店，安靜的精緻飯店威斯登曼谷飯店(TheWestinBanyanTreeBan)飯店位在沙吞路(SathornRdD，{泰華大樓(ThaiWahTower)六十層樓以上，於今年年初開幕，計有二百一十六間套房，其80%業務來自商業團體市場。,威斯登 曼谷 飯店 安靜 的 精緻 飯店 威斯登 曼谷 飯店 TheWestinBanyanTreeBan 飯店 位在 沙吞路 SathornRdD 泰華 大樓 ThaiWahTower 六十 層 樓 以上 於 今年 年初 開幕 計有 二百一十六 間 套房 其 80 業務 來自 商業 團體 市場,37,威斯登(4) 曼谷(419) 飯店(9669) 安靜(12675) 的(16029838) 精緻(5073) 飯店(9669) 威斯登(4) 曼谷(419) 飯店(9669) TheWestinBanyanTreeBan(Unknown) 飯店(9669) 位在(30) 沙吞路(Unknown) SathornRdD(Unknown) 泰華(13) 大樓(7532) ThaiWahTower(Unknown) 六十(8771) 層(36369) 樓(13297) 以上(36569) 於(327210) 今年(10836) 年初(983) 開幕(2013) 計有(799) 二百一十六(12) 間(115638) 套房(1060) 其(307905) 80(3277) 業務(15620) 來自(41811) 商業(19292) 團體(30852) 市場(65023),"{'Low': 9, 'High': 28}","{'Unknown': 17, '第2*級': 5, '第4級': 3, '第1級': 2, '第6級': 3, '第3*級': 2, '第1*級': 1, '第5級': 2, '第4*級': 1, '第2級': 1}",7,Y,N,N,Y
該飯店是威斯登酒店集團在泰國的第二家連鎖酒店，第一家為二年前開幕的威斯登清邁飯店。,該 飯店 是 威斯登 酒店 集團 在 泰國 的 第二 家 連鎖 酒店 第一 家 為 二 年 前 開幕 的 威斯登 清邁 飯店,24,該(148369) 飯店(9669) 是(4642407) 威斯登(4) 酒店(3875) 集團(20609) 在(3284238) 泰國(2285) 的(16029838) 第二(98741) 家(236822) 連鎖(2455) 酒店(3875) 第一(172544) 家(236822) 為(761341) 二(152494) 年(514736) 前(272709) 開幕(2013) 的(16029838) 威斯登(4) 清邁(69) 飯店(9669),"{'High': 21, 'Low': 3}","{'第4*級': 1, '第2*級': 2, '第1級': 8, 'Unknown': 5, '第5級': 4, '第1*級': 1, '第6級': 2, '第2級': 1}",2,Y,N,N,Y
該飯店被形容為「精緻飯店」，雖然沒有豪華的大廳及大型宴會廳，不過和一般曼谷大型飯店不同之處在於具有隱私及安靜的特質。,該 飯店 被 形容為 精緻 飯店 雖然 沒有 豪華 的 大廳 及 大型 宴會廳 不過 和 一般 曼谷 大型 飯店 不同 之 處 在於 具有 隱私 及 安靜 的 特質,30,該(148369) 飯店(9669) 被(540683) 形容為(718) 精緻(5073) 飯店(9669) 雖然(152988) 沒有(594280) 豪華(4119) 的(16029838) 大廳(7007) 及(304586) 大型(12588) 宴會廳(340) 不過(186226) 和(1338337) 一般(80732) 曼谷(419) 大型(12588) 飯店(9669) 不同(159432) 之(875481) 處(84410) 在於(37953) 具有(60702) 隱私(2501) 及(304586) 安靜(12675) 的(16029838) 特質(22388),{'High': 30},"{'第4*級': 1, '第2*級': 3, '第2級': 3, 'Unknown': 7, '第6級': 5, '第1級': 3, '第4級': 2, '第5級': 4, '第3*級': 1, '第3級': 1}",2,Y,Y,N,N
曼谷藍迪森飯店距離高速公路近，去年十一月一日開幕的曼谷藍迪森飯店，位在曼谷市內商業開發區中，距離RoyalCityAvenue娛樂中心不遠，目前四百四十八間客房中，已有二百零六間及Brasserie咖啡廳、中日美食餐廳及大廳完工啟用。,曼谷 藍迪森 飯店 距離 高速 公路 近 去年 十一月 一日 開幕 的 曼谷 藍迪森 飯店 位在 曼谷 市 內 商業 開發 區 中 距離 RoyalCityAvenue 娛樂 中心 不遠 目前 四百四十八 間 客房 中 已 有 二百零六 間 及 Brasserie 咖啡廳 中日 美食 餐廳 及 大廳 完工 啟用,47,曼谷(419) 藍迪森(Unknown) 飯店(9669) 距離(27644) 高速(4778) 公路(7300) 近(43555) 去年(9462) 十一月(12863) 一日(5343) 開幕(2013) 的(16029838) 曼谷(419) 藍迪森(Unknown) 飯店(9669) 位在(30) 曼谷(419) 市(5149) 內(183051) 商業(19292) 開發(19196) 區(6652) 中(1011729) 距離(27644) RoyalCityAvenue(Unknown) 娛樂(8783) 中心(46076) 不遠(891) 目前(48695) 四百四十八(6) 間(115638) 客房(1108) 中(1011729) 已(215610) 有(2217079) 二百零六(15) 間(115638) 及(304586) Brasserie(10) 咖啡廳(1062) 中日(73) 美食(3573) 餐廳(13613) 及(304586) 大廳(7007) 完工(2319) 啟用(917),"{'High': 39, 'Low': 8}","{'Unknown': 21, '第2*級': 3, '第4級': 6, '第4*級': 1, '第3*級': 1, '第2級': 1, '第1級': 3, '第6級': 2, '第3級': 3, '第5級': 4, '第1*級': 1, '第7級': 1}",8,Y,Y,N,Y
該飯店的商務樓層計有超過七十間精緻套房專為商務人士設計，提供的特別服務包括快速登記、退房服務、迎賓飲料、水果籃、美式早餐及專人服務等。,該 飯店 的 商務 樓層 計有 超過 七十 間 精緻 套房 專 為 商務 人士 設計 提供 的 特別 服務 包括 快速 登記 退房 服務 迎 賓 飲料 水果 籃 美式 早餐 及 專人 服務 等,36,該(148369) 飯店(9669) 的(16029838) 商務(4046) 樓層(1026) 計有(799) 超過(30507) 七十(4970) 間(115638) 精緻(5073) 套房(1060) 專(7355) 為(761341) 商務(4046) 人士(27666) 設計(59326) 提供(73097) 的(16029838) 特別(91212) 服務(38055) 包括(74410) 快速(20632) 登記(11083) 退房(104) 服務(38055) 迎(5426) 賓(469) 飲料(6444) 水果(8276) 籃(1258) 美式(2066) 早餐(7063) 及(304586) 專人(890) 服務(38055) 等(327380),{'High': 36},"{'第4*級': 3, '第2*級': 1, '第1級': 2, '第6級': 3, 'Unknown': 11, '第4級': 2, '第5級': 5, '第2級': 1, '第3級': 4, '第3*級': 2, '第1*級': 2}",0,Y,Y,N,N
該飯店距高速公路交流道僅五百多公尺。,該 飯店 距 高速 公路 交流道 僅 五百多 公尺,9,該(148369) 飯店(9669) 距(4162) 高速(4778) 公路(7300) 交流道(913) 僅(30739) 五百多(484) 公尺(19233),{'High': 9},"{'第4*級': 2, '第2*級': 1, '第4級': 2, '第3*級': 1, 'Unknown': 2, '第5級': 1}",2,Y,N,N,N
巴吞旺公主飯店與大學城相鄰，隸屬皇家公主飯店集團的巴吞旺公主飯店(PathumwanPrincessHotel)今年年初開幕，該飯店和瑪布空(Mahboonkrong)購物中心相通，對購物旅客相當便利。,巴吞旺 公主 飯店 與 大學城 相鄰 隸屬 皇家 公主 飯店 集團 的 巴吞旺 公主 飯店 PathumwanPrincessHotel 今年 年初 開幕 該 飯店 和 瑪布空 Mahboonkrong 購物 中心 相通 對 購物 旅客 相當 便利,32,巴吞旺(Unknown) 公主(21250) 飯店(9669) 與(968432) 大學城(186) 相鄰(992) 隸屬(1299) 皇家(6995) 公主(21250) 飯店(9669) 集團(20609) 的(16029838) 巴吞旺(Unknown) 公主(21250) 飯店(9669) PathumwanPrincessHotel(Unknown) 今年(10836) 年初(983) 開幕(2013) 該(148369) 飯店(9669) 和(1338337) 瑪布空(Unknown) Mahboonkrong(Unknown) 購物(5443) 中心(46076) 相通(2232) 對(897964) 購物(5443) 旅客(3355) 相當(66293) 便利(3921),"{'Low': 5, 'High': 27}","{'Unknown': 10, '第5級': 4, '第2*級': 4, '第4*級': 4, '第6級': 3, '第7級': 1, '第1級': 3, '第3級': 2, '第4級': 1}",6,Y,Y,N,Y
該飯店擁有三百八十三間客房，所有客房均可以欣賞朱拉隆功大學優美景緻，而住房的安全也特別重視。,該 飯店 擁有 三百八十三 間 客房 所有 客房 均 可以 欣賞 朱拉隆功 大學 優美 景緻 而 住房 的 安全 也 特別 重視,22,該(148369) 飯店(9669) 擁有(55809) 三百八十三(9) 間(115638) 客房(1108) 所有(146771) 客房(1108) 均(27783) 可以(560531) 欣賞(17817) 朱拉隆功(Unknown) 大學(83893) 優美(4205) 景緻(308) 而(937923) 住房(839) 的(16029838) 安全(35338) 也(1590760) 特別(91212) 重視(23501),"{'High': 20, 'Low': 2}","{'第4*級': 2, '第2*級': 1, '第5級': 2, 'Unknown': 7, '第2級': 2, '第6級': 2, '第1級': 4, '第3級': 1, '第4級': 1}",2,Y,Y,N,Y
為使飯店功能更為多元化，十樓至十四樓闢為商務旅館，擁有六十五間商務套房，對於短期滯留洽公的旅客相當合適。,為 使 飯店 功能 更為 多元化 十樓 至 十四樓 闢為 商務 旅館 擁有 六十五 間 商務 套房 對於 短期 滯留 洽公 的 旅客 相當 合適,25,為(761341) 使(197544) 飯店(9669) 功能(38600) 更為(14896) 多元化(2174) 十樓(104) 至(101530) 十四樓(20) 闢為(155) 商務(4046) 旅館(12498) 擁有(55809) 六十五(1296) 間(115638) 商務(4046) 套房(1060) 對於(99570) 短期(5507) 滯留(999) 洽公(108) 的(16029838) 旅客(3355) 相當(66293) 合適(7258),"{'High': 24, 'Low': 1}","{'Unknown': 11, '第5級': 5, '第2*級': 2, '第4級': 1, '第6級': 2, '第7級': 1, '第1級': 1, '第3級': 1, '第3*級': 1}",3,Y,Y,N,N
該飯店二樓也設有商務中心，每天自六時開放至零時，方便旅客使用。,該 飯店 二樓 也 設有 商務 中心 每 天 自 六時 開放 至 零時 方便 旅客 使用,17,該(148369) 飯店(9669) 二樓(4026) 也(1590760) 設有(3503) 商務(4046) 中心(46076) 每(333357) 天(330413) 自(59676) 六時(349) 開放(17546) 至(101530) 零時(113) 方便(14172) 旅客(3355) 使用(99640),{'High': 17},"{'第4*級': 1, '第2*級': 1, 'Unknown': 5, '第1級': 2, '第6級': 1, '第3級': 1, '第1*級': 2, '第5級': 2, '第4級': 2}",0,Y,Y,N,N
曼谷漢普敦飯店標榜貼心的關懷。,曼谷 漢普敦 飯店 標榜 貼心 的 關懷,7,曼谷(419) 漢普敦(1) 飯店(9669) 標榜(1598) 貼心(1377) 的(16029838) 關懷(8683),"{'High': 6, 'Low': 1}","{'Unknown': 2, '第2*級': 1, '第7級': 1, '第6級': 1, '第1級': 1, '第5級': 1}",1,Y,N,N,Y
今年初全館啟用的漢普頓飯店(HamptonInnHotelBankok)，強調精緻氣氛及以客為尊的服務態度，除客房外，尚有多間美食餐廳，其中德國餐廳提供自製啤酒；中國餐館有美味中國菜，咖啡廳提供美味點心，商務中心、可容三百人的宴會廳、頂樓游泳池及按摩浴缸等，均提供該飯店所標榜的「貼心的關懷」，該飯店指出，該飯店強調「百分之百顧客滿意」，如果旅客在住宿期間有任何服務不周之處，飯店將不予收費。,今年 初 全 館 啟用 的 漢普頓 飯店 HamptonInnHotelBankok 強調 精緻 氣氛 及 以 客 為 尊 的 服務 態度 除 客房 外 尚 有 多 間 美食 餐廳 其中 德國 餐廳 提供 自製 啤酒 中國 餐館 有 美味 中國菜 咖啡廳 提供 美味 點心 商務 中心 可 容 三百 人 的 宴會廳 頂樓 游泳池 及 按摩 浴缸 等 均 提供 該 飯店 所 標榜 的 貼心 的 關懷 該 飯店 指出 該 飯店 強調 百分之百 顧客 滿意 如果 旅客 在 住宿 期間 有 任何 服務 不周 之 處 飯店 將 不予 收費,92,今年(10836) 初(42087) 全(178642) 館(3995) 啟用(917) 的(16029838) 漢普頓(135) 飯店(9669) HamptonInnHotelBankok(Unknown) 強調(36095) 精緻(5073) 氣氛(16132) 及(304586) 以(547785) 客(2839) 為(761341) 尊(11622) 的(16029838) 服務(38055) 態度(56470) 除(15929) 客房(1108) 外(109310) 尚(26113) 有(2217079) 多(318992) 間(115638) 美食(3573) 餐廳(13613) 其中(95627) 德國(22936) 餐廳(13613) 提供(73097) 自製(1854) 啤酒(6287) 中國(214840) 餐館(2626) 有(2217079) 美味(4825) 中國菜(Unknown) 咖啡廳(1062) 提供(73097) 美味(4825) 點心(4102) 商務(4046) 中心(46076) 可(307359) 容(3650) 三百(6433) 人(1550512) 的(16029838) 宴會廳(340) 頂樓(1040) 游泳池(1665) 及(304586) 按摩(4828) 浴缸(1407) 等(327380) 均(27783) 提供(73097) 該(148369) 飯店(9669) 所(527327) 標榜(1598) 的(16029838) 貼心(1377) 的(16029838) 關懷(8683) 該(148369) 飯店(9669) 指出(38456) 該(148369) 飯店(9669) 強調(36095) 百分之百(2998) 顧客(25096) 滿意(16756) 如果(322121) 旅客(3355) 在(3284238) 住宿(2271) 期間(32981) 有(2217079) 任何(131795) 服務(38055) 不周(420) 之(875481) 處(84410) 飯店(9669) 將(448374) 不予(1787) 收費(1810),"{'High': 90, 'Low': 2}","{'第1級': 13, '第4級': 5, '第2級': 4, 'Unknown': 20, '第7級': 2, '第2*級': 8, '第5級': 12, '第6級': 6, '第4*級': 13, '第3級': 3, '第3*級': 3, '第1*級': 3}",7,Y,Y,N,Y
半島酒店重回曼谷，有五種豪華設備，經過一段時間重整旗鼓，半島酒店集團決定重回泰國，泰國也表示極大的歡迎。,半島 酒店 重回 曼谷 有 五 種 豪華 設備 經過 一 段 時間 重整旗鼓 半島 酒店 集團 決定 重回 泰國 泰國 也 表示 極 大 的 歡迎,27,半島(1299) 酒店(3875) 重回(1956) 曼谷(419) 有(2217079) 五(112649) 種(701563) 豪華(4119) 設備(12866) 經過(64617) 一(3701681) 段(95980) 時間(213595) 重整旗鼓(222) 半島(1299) 酒店(3875) 集團(20609) 決定(101837) 重回(1956) 泰國(2285) 泰國(2285) 也(1590760) 表示(74452) 極(61390) 大(525780) 的(16029838) 歡迎(19513),{'High': 27},"{'第7級': 2, '第5級': 5, 'Unknown': 5, '第1級': 7, '第6級': 1, '第4級': 2, '第2級': 3, '第4*級': 1, '第3*級': 1}",1,Y,N,N,N
曼谷半島酒店預定明年年初開幕，屆時將提供三百七十四間客房，內含一間雙人套房、三間豪華套房及一間四十六平方公尺的總統套房，建成之後，將是曼谷所有飯店中最大的總統套房。,曼谷 半島 酒店 預定 明年 年初 開幕 屆時 將 提供 三百七十四 間 客房 內含 一 間 雙人 套房 三 間 豪華 套房 及 一 間 四十六 平方公尺 的 總統 套房 建成 之後 將 是 曼谷 所有 飯店 中 最 大 的 總統 套房,43,曼谷(419) 半島(1299) 酒店(3875) 預定(3218) 明年(3059) 年初(983) 開幕(2013) 屆時(2382) 將(448374) 提供(73097) 三百七十四(3) 間(115638) 客房(1108) 內含(888) 一(3701681) 間(115638) 雙人(434) 套房(1060) 三(313861) 間(115638) 豪華(4119) 套房(1060) 及(304586) 一(3701681) 間(115638) 四十六(988) 平方公尺(820) 的(16029838) 總統(23662) 套房(1060) 建成(1937) 之後(190467) 將(448374) 是(4642407) 曼谷(419) 所有(146771) 飯店(9669) 中(1011729) 最(421680) 大(525780) 的(16029838) 總統(23662) 套房(1060),"{'High': 42, 'Low': 1}","{'Unknown': 15, '第7級': 1, '第5級': 9, '第1*級': 2, '第6級': 3, '第4*級': 1, '第1級': 7, '第4級': 3, '第2級': 1, '第2*級': 1}",3,Y,Y,N,N
為讓住宿旅客享受舒適及隱私，每一樓只規畫十間客房及二間單床客房，每間套房均可俯瞰河流之王—昭披耶河(湄南河)。,為 讓 住宿 旅客 享受 舒適 及 隱私 每 一樓 只 規畫 十 間 客房 及 二 間 單床 客房 每 間 套房 均 可 俯瞰 河流 之 王 昭披耶河 湄南河,31,為(761341) 讓(526314) 住宿(2271) 旅客(3355) 享受(21312) 舒適(6657) 及(304586) 隱私(2501) 每(333357) 一樓(2155) 只(436725) 規畫(2553) 十(77415) 間(115638) 客房(1108) 及(304586) 二(152494) 間(115638) 單床(Unknown) 客房(1108) 每(333357) 間(115638) 套房(1060) 均(27783) 可(307359) 俯瞰(1650) 河流(4762) 之(875481) 王(28517) 昭披耶河(5) 湄南河(17),"{'High': 28, 'Low': 3}","{'Unknown': 11, '第2級': 1, '第5級': 7, '第4級': 1, '第6級': 3, '第1*級': 3, '第1級': 2, '第4*級': 2, '第7級': 1}",2,Y,Y,N,N
該飯店特色是所有的房間均擁有五種豪華設備，即二個梳妝台、浴缸、淋浴室、二具電話，另外還有個人傳真機、雷射唱盤錄放影機等。,該 飯店 特色 是 所有 的 房間 均 擁有 五 種 豪華 設備 即 二 個 梳妝台 浴缸 淋浴室 二 具 電話 另外 還 有 個人 傳真機 雷射 唱盤 錄放影機 等,31,該(148369) 飯店(9669) 特色(16060) 是(4642407) 所有(146771) 的(16029838) 房間(44038) 均(27783) 擁有(55809) 五(112649) 種(701563) 豪華(4119) 設備(12866) 即(110826) 二(152494) 個(2296574) 梳妝台(389) 浴缸(1407) 淋浴室(30) 二(152494) 具(41661) 電話(38698) 另外(48233) 還(625086) 有(2217079) 個人(76253) 傳真機(322) 雷射(1567) 唱盤(93) 錄放影機(646) 等(327380),"{'High': 29, 'Low': 2}","{'第4*級': 1, '第2*級': 1, '第4級': 3, '第1級': 8, '第2級': 1, '第1*級': 1, '第6級': 5, '第5級': 1, 'Unknown': 8, '第3級': 1, '第3*級': 1}",4,Y,Y,N,N
半島酒店位在湄南河西岸，靠近沙通橋，河岸旁設有餐廳及堤岸花園，旅客可以在悠閒氣氛中用餐。,半島 酒店 位在 湄南河 西岸 靠近 沙通橋 河岸 旁 設有 餐廳 及 堤岸 花園 旅客 可以 在 悠閒 氣氛 中 用餐,21,半島(1299) 酒店(3875) 位在(30) 湄南河(17) 西岸(1328) 靠近(12300) 沙通橋(Unknown) 河岸(2048) 旁(39478) 設有(3503) 餐廳(13613) 及(304586) 堤岸(315) 花園(11369) 旅客(3355) 可以(560531) 在(3284238) 悠閒(2557) 氣氛(16132) 中(1011729) 用餐(4482),"{'High': 18, 'Low': 3}","{'第7級': 1, '第5級': 2, 'Unknown': 9, '第4級': 2, '第1*級': 3, '第1級': 1, '第6級': 1, '第4*級': 2}",2,Y,Y,N,N
旅客可以在悠閒氣氛中用餐。,旅客 可以 在 悠閒 氣氛 中 用餐,7,旅客(3355) 可以(560531) 在(3284238) 悠閒(2557) 氣氛(16132) 中(1011729) 用餐(4482),{'High': 7},"{'Unknown': 2, '第1級': 1, '第1*級': 1, '第6級': 1, '第4*級': 2}",0,Y,N,N,N
小吃美食嘗不盡；美景繁多逛不完。,小吃 美食 嘗 不盡 美景 繁多 逛 不 完,9,小吃(1224) 美食(3573) 嘗(3206) 不盡(3716) 美景(2063) 繁多(1442) 逛(3332) 不(2282521) 完(11395),{'High': 9},"{'第1*級': 1, '第4級': 1, '第5級': 2, 'Unknown': 1, '第7級': 1, '第3級': 1, '第1級': 1, '第3*級': 1}",0,Y,N,N,N
當法國大革命爆發時，有一位駐防在法國北邊史特拉斯堡的青年軍官，作了一首「萊茵河戰歌」，這首曲子很快傳到南邊的馬賽，當時馬賽派遣了五百名志願軍前往巴黎協助革命軍，這支來自南方的志願軍，以他們雄厚有力聲調，唱出這首令人熱血奔騰的軍歌，一時之間，巴黎大街小巷，到處都在傳唱這首軍歌，後來這首軍歌，就成為今天的法國國歌。,當 法國 大革命 爆發 時 有 一 位 駐防 在 法國 北邊 史特拉斯堡 的 青年 軍官 作 了 一 首 萊茵河 戰歌 這 首 曲子 很 快 傳 到 南邊 的 馬賽 當時 馬賽 派遣 了 五百 名 志願軍 前往 巴黎 協助 革命軍 這 支 來自 南方 的 志願軍 以 他們 雄厚 有力 聲調 唱出 這 首 令 人 熱血 奔騰 的 軍歌 一時之間 巴黎 大街小巷 到處 都 在 傳唱 這 首 軍歌 後來 這 首 軍歌 就 成為 今天 的 法國 國歌,83,當(294625) 法國(29029) 大革命(313) 爆發(11071) 時(623734) 有(2217079) 一(3701681) 位(284809) 駐防(1360) 在(3284238) 法國(29029) 北邊(1953) 史特拉斯堡(150) 的(16029838) 青年(18436) 軍官(6153) 作(78184) 了(3199291) 一(3701681) 首(44848) 萊茵河(240) 戰歌(38) 這(2114032) 首(44848) 曲子(3006) 很(715675) 快(116207) 傳(17862) 到(546906) 南邊(1682) 的(16029838) 馬賽(492) 當時(126214) 馬賽(492) 派遣(4329) 了(3199291) 五百(7028) 名(136287) 志願軍(124) 前往(27321) 巴黎(15132) 協助(28701) 革命軍(837) 這(2114032) 支(25666) 來自(41811) 南方(9043) 的(16029838) 志願軍(124) 以(547785) 他們(716752) 雄厚(1121) 有力(7920) 聲調(2481) 唱出(948) 這(2114032) 首(44848) 令(128742) 人(1550512) 熱血(1795) 奔騰(648) 的(16029838) 軍歌(257) 一時之間(1920) 巴黎(15132) 大街小巷(865) 到處(19723) 都(1125846) 在(3284238) 傳唱(355) 這(2114032) 首(44848) 軍歌(257) 後來(95618) 這(2114032) 首(44848) 軍歌(257) 就(1737544) 成為(143834) 今天(73277) 的(16029838) 法國(29029) 國歌(524),"{'High': 82, 'Low': 1}","{'Unknown': 27, '第1級': 24, '第5級': 9, '第3*級': 3, '第1*級': 3, '第4*級': 7, '第6級': 2, '第2級': 3, '第4級': 2, '第7級': 2, '第3級': 1}",8,Y,N,N,N
馬賽人天生就有地中海拉丁民族那股古道熱腸，待人和藹，有時愛開玩笑的習慣，馬賽的女人，也因為從小在山上或海邊工作，她們往往表現比男人能幹，而且有自信，煥發著地中海女人特有的風情與魅力。,馬賽人 天生 就 有 地中海 拉丁 民族 那 股 古道熱腸 待人 和藹 有時 愛 開玩笑 的 習慣 馬賽 的 女人 也 因為 從小 在 山 上 或 海 邊 工作 她們 往往 表現 比 男人 能幹 而且 有 自信 煥發 著 地中海 女人 特有 的 風情 與 魅力,48,馬賽人(26) 天生(10685) 就(1737544) 有(2217079) 地中海(1673) 拉丁(800) 民族(25724) 那(754138) 股(29263) 古道熱腸(113) 待人(25) 和藹(1190) 有時(47894) 愛(124337) 開玩笑(6899) 的(16029838) 習慣(42175) 馬賽(492) 的(16029838) 女人(71948) 也(1590760) 因為(425061) 從小(12334) 在(3284238) 山(54936) 上(1233218) 或(478077) 海(33696) 邊(123152) 工作(220164) 她們(52188) 往往(41388) 表現(67272) 比(170486) 男人(56333) 能幹(3283) 而且(180402) 有(2217079) 自信(14578) 煥發(606) 著(1004687) 地中海(1673) 女人(71948) 特有(4925) 的(16029838) 風情(1988) 與(968432) 魅力(8207),"{'Low': 2, 'High': 46}","{'Unknown': 12, '第4*級': 4, '第1級': 11, '第6級': 2, '第7級': 2, '第1*級': 6, '第3*級': 1, '第2級': 2, '第4級': 3, '第3級': 2, '第5級': 3}",5,Y,Y,N,Y
風味小吃聞名來馬賽旅遊，可不能錯過這裡的美食，馬賽最有名的風味小吃，就是它的鮮魚湯，所謂靠山吃山，靠海吃海，馬賽臨地中海，魚湯正是它的招牌菜，在法國菜中，馬賽的魚湯也是有名的特色佳餚，通常在馬賽港口附近的餐廳，都可以品嘗到各式各樣的鮮魚湯，也有中國餐館。,風味 小吃 聞名 來 馬賽 旅遊 可 不能 錯過 這裡 的 美食 馬賽 最 有名 的 風味 小吃 就是 它 的 鮮魚湯 所謂 靠山吃山 靠海吃海 馬賽 臨 地中海 魚湯 正 是 它 的 招牌菜 在 法國菜 中 馬賽 的 魚湯 也 是 有名 的 特色 佳餚 通常 在 馬賽 港口 附近 的 餐廳 都 可以 品嘗到 各式各樣 的 鮮魚湯 也 有 中國 餐館,63,風味(3277) 小吃(1224) 聞名(4406) 來(742183) 馬賽(492) 旅遊(8465) 可(307359) 不能(162852) 錯過(4695) 這裡(100385) 的(16029838) 美食(3573) 馬賽(492) 最(421680) 有名(8977) 的(16029838) 風味(3277) 小吃(1224) 就是(2943) 它(316854) 的(16029838) 鮮魚湯(2) 所謂(59460) 靠山吃山(23) 靠海吃海(Unknown) 馬賽(492) 臨(9849) 地中海(1673) 魚湯(111) 正(179334) 是(4642407) 它(316854) 的(16029838) 招牌菜(64) 在(3284238) 法國菜(Unknown) 中(1011729) 馬賽(492) 的(16029838) 魚湯(111) 也(1590760) 是(4642407) 有名(8977) 的(16029838) 特色(16060) 佳餚(850) 通常(56445) 在(3284238) 馬賽(492) 港口(3933) 附近(32204) 的(16029838) 餐廳(13613) 都(1125846) 可以(560531) 品嘗到(55) 各式各樣(6542) 的(16029838) 鮮魚湯(2) 也(1590760) 有(2217079) 中國(214840) 餐館(2626),"{'High': 56, 'Low': 7}","{'第6級': 4, '第1*級': 9, '第1級': 18, 'Unknown': 19, '第4級': 5, '第4*級': 1, '第5級': 3, '第2*級': 2, '第3*級': 1, '第7級': 1}",9,Y,Y,N,N
一般鮮魚湯所使用的魚，是季節性的地中海魚，主要以鯛魚、比目魚或是紅魽居多，也有的是螃蟹，或是龍蝦，多種不同的魚蟹一起下鍋，再加上佐料，細火慢煮，就燒出可口味鮮美，又香又濃的魚湯。,一般 鮮魚湯 所 使用 的 魚 是 季節性 的 地中海 魚 主要 以 鯛魚 比目魚 或是 紅魽 居多 也 有的 是 螃蟹 或是 龍蝦 多 種 不同 的 魚 蟹 一起 下鍋 再 加上 佐料 細 火 慢 煮 就 燒出 可口 味 鮮美 又 香 又 濃 的 魚湯,50,一般(80732) 鮮魚湯(2) 所(527327) 使用(99640) 的(16029838) 魚(34923) 是(4642407) 季節性(456) 的(16029838) 地中海(1673) 魚(34923) 主要(78757) 以(547785) 鯛魚(101) 比目魚(347) 或是(75906) 紅魽(5) 居多(1460) 也(1590760) 有的(31553) 是(4642407) 螃蟹(1560) 或是(75906) 龍蝦(792) 多(318992) 種(701563) 不同(159432) 的(16029838) 魚(34923) 蟹(1887) 一起(79297) 下鍋(410) 再(326207) 加上(38121) 佐料(459) 細(9786) 火(24391) 慢(14926) 煮(12889) 就(1737544) 燒出(225) 可口(1756) 味(6064) 鮮美(819) 又(535555) 香(13312) 又(535555) 濃(5888) 的(16029838) 魚湯(111),"{'High': 48, 'Low': 2}","{'第3*級': 1, 'Unknown': 13, '第2級': 7, '第4級': 5, '第1級': 10, '第1*級': 7, '第5級': 2, '第7級': 2, '第3級': 2, '第6級': 1}",4,Y,Y,N,N
吃法是先喝魚湯，再吃魚肉，喝湯時，佐以沙丁魚醬塗抹的麵包，更是風味獨特。,吃法 是 先 喝 魚湯 再 吃 魚肉 喝 湯 時 佐以 沙丁魚醬 塗抹 的 麵包 更 是 風味 獨特,20,吃法(501) 是(4642407) 先(136649) 喝(57552) 魚湯(111) 再(326207) 吃(141660) 魚肉(1379) 喝(57552) 湯(20387) 時(623734) 佐以(330) 沙丁魚醬(1) 塗抹(1324) 的(16029838) 麵包(9888) 更(361676) 是(4642407) 風味(3277) 獨特(13428),"{'High': 19, 'Low': 1}","{'Unknown': 7, '第1級': 6, '第1*級': 4, '第3*級': 1, '第6級': 1, '第5級': 1}",1,Y,N,N,N
如果你是中午在餐廳用完魚湯，不用著急，再啜一杯濃郁的普羅旺斯咖啡，等休息過了，再徒步到附近的馬賽舊港(VieuxPort)去參觀。,如果 你 是 中午 在 餐廳 用完 魚湯 不用 著急 再 啜 一 杯 濃郁 的 普羅旺斯 咖啡 等 休息 過 了 再 徒步到 附近 的 馬賽 舊港 VieuxPort 去 參觀,31,如果(322121) 你(1414837) 是(4642407) 中午(6779) 在(3284238) 餐廳(13613) 用完(1487) 魚湯(111) 不用(23091) 著急(3630) 再(326207) 啜(1011) 一(3701681) 杯(23906) 濃郁(1249) 的(16029838) 普羅旺斯(334) 咖啡(12867) 等(327380) 休息(20958) 過(412878) 了(3199291) 再(326207) 徒步到(1) 附近(32204) 的(16029838) 馬賽(492) 舊港(191) VieuxPort(Unknown) 去(479993) 參觀(9034),"{'High': 29, 'Low': 2}","{'第2級': 1, '第1級': 8, '第1*級': 8, 'Unknown': 8, '第3級': 1, '第4級': 1, '第7級': 1, '第6級': 1, '第3*級': 2}",3,Y,Y,N,N
馬賽舊港其實就是馬賽開埠的地方，這裡因為港灣慢慢淤淺，停泊的船不再是大型商船，而是一些近海漁船或是遊船，在舊港碼頭上，遊客可以看到賣魚的小販，正死命地拉高分貝，企圖吸引顧客光臨他(她)的魚攤。,馬賽 舊港 其實 就 是 馬賽 開埠 的 地方 這裡 因為 港灣 慢慢 淤淺 停泊 的 船 不再 是 大型 商船 而是 一些 近海 漁船 或是 遊船 在 舊港 碼頭 上 遊客 可以 看到 賣 魚 的 小販 正 死命 地 拉高 分貝 企圖 吸引 顧客 光臨 他 她 的 魚攤,51,馬賽(492) 舊港(191) 其實(109290) 就(1737544) 是(4642407) 馬賽(492) 開埠(310) 的(16029838) 地方(139164) 這裡(100385) 因為(425061) 港灣(672) 慢慢(36056) 淤淺(51) 停泊(1420) 的(16029838) 船(45130) 不再(51754) 是(4642407) 大型(12588) 商船(1356) 而是(74258) 一些(156929) 近海(412) 漁船(1537) 或是(75906) 遊船(123) 在(3284238) 舊港(191) 碼頭(4901) 上(1233218) 遊客(4899) 可以(560531) 看到(159419) 賣(27821) 魚(34923) 的(16029838) 小販(2529) 正(179334) 死命(955) 地(754998) 拉高(666) 分貝(475) 企圖(13811) 吸引(20619) 顧客(25096) 光臨(1656) 他(2487930) 她(1052913) 的(16029838) 魚攤(8),"{'High': 49, 'Low': 2}","{'Unknown': 19, '第3*級': 2, '第1級': 12, '第1*級': 6, '第7級': 3, '第3級': 1, '第2級': 2, '第6級': 2, '第4*級': 1, '第4級': 2, '第5級': 1}",0,Y,Y,N,N
法國雖然是全世界排行屬一屬二的觀光大國，但很奇怪，馬賽也是到四、五年前，才開始積極推展觀光，舊港的魚市場，就是馬賽熱門的「觀光景點」。,法國 雖然 是 全 世界 排行 屬 一 屬 二 的 觀光 大國 但 很 奇怪 馬賽 也 是 到 四 五 年 前 才 開始 積極 推展 觀光 舊港 的 魚市場 就是 馬賽 熱門 的 觀光 景點,38,法國(29029) 雖然(152988) 是(4642407) 全(178642) 世界(165235) 排行(1458) 屬(26012) 一(3701681) 屬(26012) 二(152494) 的(16029838) 觀光(4478) 大國(3528) 但(597124) 很(715675) 奇怪(27442) 馬賽(492) 也(1590760) 是(4642407) 到(546906) 四(141667) 五(112649) 年(514736) 前(272709) 才(394539) 開始(245562) 積極(24247) 推展(2011) 觀光(4478) 舊港(191) 的(16029838) 魚市場(75) 就是(2943) 馬賽(492) 熱門(2843) 的(16029838) 觀光(4478) 景點(1844),"{'High': 37, 'Low': 1}","{'第1級': 15, '第2級': 7, '第6級': 2, '第5級': 3, '第4級': 4, 'Unknown': 6, '第4*級': 1}",1,Y,Y,N,N
除了當地人外，大部分來魚市場的，都是觀光客，他們手裡拿的當然不是魚，而是照相機與攝影機。,除了 當地人 外 大部分 來 魚市場 的 都 是 觀光客 他們 手 裡 拿 的 當然 不 是 魚 而是 照相機 與 攝影機,23,除了(75964) 當地人(2867) 外(109310) 大部分(32534) 來(742183) 魚市場(75) 的(16029838) 都(1125846) 是(4642407) 觀光客(2140) 他們(716752) 手(146361) 裡(520435) 拿(69263) 的(16029838) 當然(113971) 不(2282521) 是(4642407) 魚(34923) 而是(74258) 照相機(1530) 與(968432) 攝影機(8717),"{'High': 22, 'Low': 1}","{'第3*級': 1, 'Unknown': 6, '第1級': 10, '第4級': 1, '第1*級': 3, '第2級': 1, '第4*級': 1}",6,Y,Y,N,N
旅遊資詢方便，在舊港的碼頭，有一塊用銅作成的說明牌，被崁在地上，敘述馬賽舊港的簡史，而舊港碼頭的對面，就是馬賽觀光局。,旅遊 資詢 方便 在 舊港 的 碼頭 有 一 塊 用 銅 作成 的 說明牌 被 崁 在 地上 敘述 馬賽 舊港 的 簡史 而 舊港 碼頭 的 對面 就是 馬賽 觀光局,32,旅遊(8465) 資詢(2) 方便(14172) 在(3284238) 舊港(191) 的(16029838) 碼頭(4901) 有(2217079) 一(3701681) 塊(54148) 用(377038) 銅(5295) 作成(1013) 的(16029838) 說明牌(22) 被(540683) 崁(104) 在(3284238) 地上(Unknown) 敘述(14551) 馬賽(492) 舊港(191) 的(16029838) 簡史(274) 而(937923) 舊港(191) 碼頭(4901) 的(16029838) 對面(7279) 就是(2943) 馬賽(492) 觀光局(144),"{'High': 29, 'Low': 3}","{'第4級': 1, 'Unknown': 13, '第1*級': 3, '第1級': 8, '第6級': 3, '第5級': 2, '第2級': 1, '第2*級': 1}",2,Y,Y,N,N
在普羅旺斯地區的一些主要觀光城鎮，當地的觀光局都是位於市中心，或是明顯的地點，讓觀光客很方便就可以前往詢問，或是索取旅遊資料。,在 普羅旺斯 地區 的 一些 主要 觀光 城鎮 當地 的 觀光局 都 是 位於 市中心 或是 明顯 的 地點 讓 觀光客 很 方便 就 可以 前往 詢問 或是 索取 旅遊 資料,31,在(3284238) 普羅旺斯(334) 地區(40339) 的(16029838) 一些(156929) 主要(78757) 觀光(4478) 城鎮(3944) 當地(23011) 的(16029838) 觀光局(144) 都(1125846) 是(4642407) 位於(19612) 市中心(1655) 或是(75906) 明顯(35623) 的(16029838) 地點(16808) 讓(526314) 觀光客(2140) 很(715675) 方便(14172) 就(1737544) 可以(560531) 前往(27321) 詢問(12467) 或是(75906) 索取(1290) 旅遊(8465) 資料(52866),{'High': 31},"{'第1*級': 3, 'Unknown': 4, '第4級': 5, '第1級': 8, '第4*級': 1, '第6級': 2, '第2級': 3, '第5級': 3, '第3*級': 1, '第3級': 1}",4,Y,Y,N,N
沿著馬賽觀光局在馬路上所畫的導覽紅線，遊客就可以逐一拜訪馬賽的出名景點，這是這個城市體貼人的地方。,沿著 馬賽 觀光局 在 馬路 上 所 畫 的 導覽 紅線 遊客 就 可以 逐一 拜訪 馬賽 的 出名 景點 這 是 這 個 城市 體貼 人 的 地方,29,沿著(Unknown) 馬賽(492) 觀光局(144) 在(3284238) 馬路(5965) 上(1233218) 所(527327) 畫(57787) 的(16029838) 導覽(1274) 紅線(242) 遊客(4899) 就(1737544) 可以(560531) 逐一(2540) 拜訪(9919) 馬賽(492) 的(16029838) 出名(2635) 景點(1844) 這(2114032) 是(4642407) 這(2114032) 個(2296574) 城市(32018) 體貼(3561) 人(1550512) 的(16029838) 地方(139164),"{'Low': 1, 'High': 28}","{'Unknown': 6, '第1*級': 3, '第2*級': 1, '第1級': 11, '第2級': 1, '第7級': 1, '第6級': 1, '第4*級': 1, '第5級': 3, '第3級': 1}",1,Y,N,N,N
馬賽市政廳(TownHall)就位於馬賽舊港的北側，很容易發現這棟高大的十七世紀羅馬式建築物，上頭還有個路易十四國王的石雕像。,馬賽 市政廳 TownHall 就 位於 馬賽 舊港 的 北側 很 容易 發現 這 棟 高大 的 十七世紀 羅馬式 建築物 上頭 還 有 個 路易十四 國王 的 石雕像,27,馬賽(492) 市政廳(309) TownHall(Unknown) 就(1737544) 位於(19612) 馬賽(492) 舊港(191) 的(16029838) 北側(349) 很(715675) 容易(80831) 發現(175233) 這(2114032) 棟(14573) 高大(6295) 的(16029838) 十七世紀(2597) 羅馬式(174) 建築物(6830) 上頭(5017) 還(625086) 有(2217079) 個(2296574) 路易十四(528) 國王(27180) 的(16029838) 石雕像(31),"{'High': 25, 'Low': 2}","{'Unknown': 13, '第1級': 9, '第6級': 1, '第2級': 1, '第4級': 1, '第4*級': 1, '第5級': 1}",7,Y,N,N,Y
在市政府廳的左側，就是馬賽另一處著名的博物館，叫羅馬碼頭博物館(RomanDocksMuseum)，一九四七年，在此地挖出一艘載滿陶器的羅馬商船，估計是在公元前一至三世紀左右的遺物，證明羅馬人曾經在馬賽港，有很活躍的商業活動。,在 市政府廳 的 左側 就是 馬賽 另 一 處 著名 的 博物館 叫 羅馬 碼頭 博物館 RomanDocksMuseum 一九四七年 在 此 地 挖出 一 艘 載滿 陶器 的 羅馬 商船 估計 是 在 公元 前 一 至 三世紀 左右 的 遺物 證明 羅馬人 曾經 在 馬賽港 有 很 活躍 的 商業 活動,51,在(3284238) 市政府廳(Unknown) 的(16029838) 左側(1950) 就是(2943) 馬賽(492) 另(138369) 一(3701681) 處(84410) 著名(20279) 的(16029838) 博物館(9905) 叫(111645) 羅馬(15850) 碼頭(4901) 博物館(9905) RomanDocksMuseum(Unknown) 一九四七年(1078) 在(3284238) 此(288458) 地(754998) 挖出(1760) 一(3701681) 艘(13569) 載滿(334) 陶器(1095) 的(16029838) 羅馬(15850) 商船(1356) 估計(7162) 是(4642407) 在(3284238) 公元(11485) 前(272709) 一(3701681) 至(101530) 三世紀(462) 左右(33714) 的(16029838) 遺物(1173) 證明(32919) 羅馬人(2030) 曾經(52970) 在(3284238) 馬賽港(41) 有(2217079) 很(715675) 活躍(6133) 的(16029838) 商業(19292) 活動(85743),"{'High': 48, 'Low': 3}","{'第1*級': 4, 'Unknown': 19, '第1級': 13, '第3級': 1, '第6級': 3, '第4級': 4, '第5級': 5, '第3*級': 1, '第2級': 1}",8,Y,Y,N,N
馬賽地區的博物館，是每周一休息，其他日子開放，所以想參觀博物館宜避開周一時間。,馬賽 地區 的 博物館 是 每 周一 休息 其他 日子 開放 所以 想 參觀 博物館 宜 避開 周一 時間,19,馬賽(492) 地區(40339) 的(16029838) 博物館(9905) 是(4642407) 每(333357) 周一(92) 休息(20958) 其他(189445) 日子(28378) 開放(17546) 所以(239080) 想(449884) 參觀(9034) 博物館(9905) 宜(7123) 避開(6425) 周一(92) 時間(213595),"{'High': 17, 'Low': 2}","{'Unknown': 4, '第4級': 4, '第1級': 4, '第1*級': 3, '第2級': 1, '第3*級': 2, '第5級': 1}",2,Y,Y,N,N
藍子區古蹟多在羅馬碼頭博物館的後方山坡上，就是馬賽有名的藍子區，這裡有很多古蹟遺址，有的古蹟現在已移作其他用途，但像建於十二世紀的鐘塔，至今還是馬賽歷史最久的教堂所在地，只是當初用來作為全城報時的鐘塔，現在就僅剩下裝飾作用了。,藍子區 古蹟 多 在 羅馬 碼頭 博物館 的 後方 山坡 上 就是 馬賽 有名 的 藍子區 這裡 有 很多 古蹟 遺址 有的 古蹟 現在 已 移作 其他 用途 但 像 建 於 十二世紀 的 鐘塔 至今 還 是 馬賽 歷史 最 久 的 教堂 所在地 只是 當初 用來 作為 全 城 報時 的 鐘塔 現在 就 僅 剩下 裝飾 作用 了,61,藍子區(Unknown) 古蹟(2555) 多(318992) 在(3284238) 羅馬(15850) 碼頭(4901) 博物館(9905) 的(16029838) 後方(6281) 山坡(4314) 上(1233218) 就是(2943) 馬賽(492) 有名(8977) 的(16029838) 藍子區(Unknown) 這裡(100385) 有(2217079) 很多(113128) 古蹟(2555) 遺址(2380) 有的(31553) 古蹟(2555) 現在(218744) 已(215610) 移作(64) 其他(189445) 用途(4572) 但(597124) 像(289494) 建(13839) 於(327210) 十二世紀(524) 的(16029838) 鐘塔(210) 至今(14540) 還(625086) 是(4642407) 馬賽(492) 歷史(96060) 最(421680) 久(68086) 的(16029838) 教堂(12345) 所在地(1929) 只是(96536) 當初(14449) 用來(29356) 作為(58009) 全(178642) 城(42831) 報時(150) 的(16029838) 鐘塔(210) 現在(218744) 就(1737544) 僅(30739) 剩下(16442) 裝飾(8122) 作用(37837) 了(3199291),"{'Low': 3, 'High': 58}","{'Unknown': 18, '第5級': 11, '第1級': 14, '第1*級': 3, '第6級': 1, '第4級': 4, '第2*級': 1, '第7級': 1, '第2級': 4, '第3級': 3, '第4*級': 1}",5,Y,Y,N,N
走進藍子區，就好比是走進馬賽的歷史中，這裡的街道彎彎曲曲，路面狹小，在山坡上迂迴，好像永遠沒有盡頭，有時候從短巷中竄出一輛法國國民車雪鐵龍，快速地閃過窄得不能再窄的巷道，不禁令人懷疑，是不是這種車子，就是生產來專門要跑這種地方。,走進 藍子區 就 好比 是 走進 馬賽 的 歷史 中 這裡 的 街道 彎彎曲曲 路面 狹小 在 山坡 上 迂迴 好像 永遠 沒有 盡頭 有時候 從 短巷 中 竄出 一 輛 法國 國民車 雪鐵龍 快速 地 閃過 窄 得 不能 再 窄 的 巷道 不 禁令 人 懷疑 是 不 是 這 種 車子 就是 生產 來 專門 要 跑 這 種 地方,63,走進(19683) 藍子區(Unknown) 就(1737544) 好比(5236) 是(4642407) 走進(19683) 馬賽(492) 的(16029838) 歷史(96060) 中(1011729) 這裡(100385) 的(16029838) 街道(8031) 彎彎曲曲(469) 路面(1702) 狹小(1983) 在(3284238) 山坡(4314) 上(1233218) 迂迴(1742) 好像(67024) 永遠(45362) 沒有(594280) 盡頭(4668) 有時候(24296) 從(496546) 短巷(Unknown) 中(1011729) 竄出(577) 一(3701681) 輛(18230) 法國(29029) 國民車(15) 雪鐵龍(46) 快速(20632) 地(754998) 閃過(2674) 窄(2923) 得(573721) 不能(162852) 再(326207) 窄(2923) 的(16029838) 巷道(545) 不(2282521) 禁令(1545) 人(1550512) 懷疑(29705) 是(4642407) 不(2282521) 是(4642407) 這(2114032) 種(701563) 車子(15933) 就是(2943) 生產(36079) 來(742183) 專門(13209) 要(851264) 跑(35326) 這(2114032) 種(701563) 地方(139164),"{'High': 59, 'Low': 4}","{'Unknown': 20, '第1級': 20, '第5級': 4, '第3級': 1, '第4*級': 4, '第6級': 2, '第1*級': 6, '第7級': 2, '第2級': 2, '第4級': 2}",5,Y,Y,N,Y
馬賽南邊的索美爾峽灣，風景非常優美。,馬賽 南邊 的 索美爾 峽灣 風景 非常 優美,8,馬賽(492) 南邊(1682) 的(16029838) 索美爾(Unknown) 峽灣(198) 風景(7771) 非常(152032) 優美(4205),"{'High': 7, 'Low': 1}","{'Unknown': 4, '第1級': 1, '第2*級': 1, '第1*級': 1, '第6級': 1}",1,Y,N,N,Y
海岸勝景傲人。,海岸 勝景 傲人,3,海岸(5612) 勝景(136) 傲人(354),{'High': 3},"{'第5級': 1, 'Unknown': 2}",0,Y,N,N,N
馬賽是法國著名的「蔚藍海岸」起點，在馬賽的南方，有一處二十七公里長的峽灣區，是歐洲難得一見的海岸勝景，這裡有私人的豪華別墅，很多峽灣都是屬於私人產業，拒絕觀光客拜訪，即使進得去的峽灣，也不定有路可通，經常要徒步，由於峽灣地形陡峭，這裡也是歐洲有名的攀岩場地。,馬賽 是 法國 著名 的 蔚藍海岸 起點 在 馬賽 的 南方 有 一 處 二十七 公里 長 的 峽灣區 是 歐洲 難得 一 見 的 海岸 勝景 這裡 有 私人 的 豪華 別墅 很多 峽灣 都 是 屬於 私人 產業 拒絕 觀光客 拜訪 即使 進 得 去 的 峽灣 也 不定 有 路 可 通 經常 要 徒步 由於 峽灣 地形 陡峭 這裡 也 是 歐洲 有名 的 攀岩 場地,70,馬賽(492) 是(4642407) 法國(29029) 著名(20279) 的(16029838) 蔚藍海岸(9) 起點(4147) 在(3284238) 馬賽(492) 的(16029838) 南方(9043) 有(2217079) 一(3701681) 處(84410) 二十七(2575) 公里(16646) 長(107092) 的(16029838) 峽灣區(Unknown) 是(4642407) 歐洲(24026) 難得(8735) 一(3701681) 見(179113) 的(16029838) 海岸(5612) 勝景(136) 這裡(100385) 有(2217079) 私人(12403) 的(16029838) 豪華(4119) 別墅(3804) 很多(113128) 峽灣(198) 都(1125846) 是(4642407) 屬於(39478) 私人(12403) 產業(29756) 拒絕(29445) 觀光客(2140) 拜訪(9919) 即使(68376) 進(40005) 得(573721) 去(479993) 的(16029838) 峽灣(198) 也(1590760) 不定(3665) 有(2217079) 路(74635) 可(307359) 通(19493) 經常(49295) 要(851264) 徒步(1563) 由於(88111) 峽灣(198) 地形(3468) 陡峭(1379) 這裡(100385) 也(1590760) 是(4642407) 歐洲(24026) 有名(8977) 的(16029838) 攀岩(422) 場地(2712),"{'High': 68, 'Low': 2}","{'Unknown': 16, '第1級': 25, '第6級': 3, '第5級': 8, '第1*級': 3, '第4級': 3, '第3*級': 3, '第4*級': 6, '第7級': 2, '第2*級': 1}",4,Y,Y,N,N
在這些峽灣中，有一處風景如畫的峽灣，叫索美爾峽灣(CalanqueDuSormiou)，也是一處私人地，但馬賽觀光局特別推介這處美景，只要每人繳十八元法郎的入門票，就可以進得去，在這個峽灣裡，有一家面對峽灣美景的海濱餐廳，車子可以直達，這家餐廳供應法國南部很道地的料理，比較拿手的菜是一道用馬鈴薯、洋、橄欖油與百里香一起熬出來的當地菜，另外烤魚是地中海的一種鯛魚，食用前，先滴上幾滴檸檬汁，再加上芹菜油或橄欖油，味極鮮美，套餐每人份約法郎二百元，單單是在此地賞海景，也值這個價錢。,在 這些 峽灣 中 有 一 處 風景 如 畫 的 峽灣 叫 索美爾 峽灣 CalanqueDuSormiou 也 是 一 處 私人 地 但 馬賽 觀光局 特別 推介 這 處 美景 只要 每 人 繳 十八 元 法郎 的 入門票 就 可以 進 得 去 在 這 個 峽灣 裡 有 一 家 面對 峽灣 美景 的 海濱 餐廳 車子 可以 直達 這 家 餐廳 供應 法國 南部 很 道地 的 料理 比較 拿手 的 菜 是 一 道 用 馬鈴薯 洋 橄欖油 與 百里香 一起 熬出來 的 當地菜 另外 烤魚 是 地中海 的 一 種 鯛魚 食用 前 先 滴上 幾 滴 檸檬汁 再 加上 芹菜油 或 橄欖油 味 極 鮮美 套餐 每 人 份 約 法郎 二百 元 單單 是 在 此 地 賞 海景 也 值 這 個 價錢,131,在(3284238) 這些(315113) 峽灣(198) 中(1011729) 有(2217079) 一(3701681) 處(84410) 風景(7771) 如(195069) 畫(57787) 的(16029838) 峽灣(198) 叫(111645) 索美爾(Unknown) 峽灣(198) CalanqueDuSormiou(Unknown) 也(1590760) 是(4642407) 一(3701681) 處(84410) 私人(12403) 地(754998) 但(597124) 馬賽(492) 觀光局(144) 特別(91212) 推介(460) 這(2114032) 處(84410) 美景(2063) 只要(99140) 每(333357) 人(1550512) 繳(3244) 十八(13604) 元(60807) 法郎(1394) 的(16029838) 入門票(6) 就(1737544) 可以(560531) 進(40005) 得(573721) 去(479993) 在(3284238) 這(2114032) 個(2296574) 峽灣(198) 裡(520435) 有(2217079) 一(3701681) 家(236822) 面對(62914) 峽灣(198) 美景(2063) 的(16029838) 海濱(1331) 餐廳(13613) 車子(15933) 可以(560531) 直達(966) 這(2114032) 家(236822) 餐廳(13613) 供應(8826) 法國(29029) 南部(5775) 很(715675) 道地(989) 的(16029838) 料理(6544) 比較(112212) 拿手(1329) 的(16029838) 菜(17883) 是(4642407) 一(3701681) 道(141723) 用(377038) 馬鈴薯(3274) 洋(2533) 橄欖油(1522) 與(968432) 百里香(156) 一起(79297) 熬出來(33) 的(16029838) 當地菜(Unknown) 另外(48233) 烤魚(10) 是(4642407) 地中海(1673) 的(16029838) 一(3701681) 種(701563) 鯛魚(101) 食用(5486) 前(272709) 先(136649) 滴上(4) 幾(229415) 滴(6729) 檸檬汁(682) 再(326207) 加上(38121) 芹菜油(Unknown) 或(478077) 橄欖油(1522) 味(6064) 極(61390) 鮮美(819) 套餐(297) 每(333357) 人(1550512) 份(53198) 約(47731) 法郎(1394) 二百(3266) 元(60807) 單單(1891) 是(4642407) 在(3284238) 此(288458) 地(754998) 賞(8511) 海景(326) 也(1590760) 值(6859) 這(2114032) 個(2296574) 價錢(4047),"{'High': 123, 'Low': 8}","{'第1*級': 13, 'Unknown': 41, '第1級': 44, '第2*級': 1, '第5級': 10, '第2級': 5, '第3級': 4, '第6級': 4, '第4*級': 3, '第7級': 2, '第3*級': 3, '第4級': 1}",13,Y,Y,N,Y
在馬賽，如果你想登高望遠，看清楚馬賽的市容，那非到此地的地標建築物聖母院不可，聖母院建於十九世紀中葉，是融合了羅馬與拜占庭式建築，教堂頂端處有一尊全身鑲金的聖母雕像，聖母面向地中海，在幾十公里外就可看見，其作用就像燈塔指引過往船隻，這讓我想起中國福建、台灣沿海，也有很多供奉媽姐的廟宇，保護著「行船人」，或許中外的宗教作用都有相同的道理吧！,在 馬賽 如果 你 想 登高 望遠 看清楚 馬賽 的 市容 那 非 到 此 地 的 地標 建築物 聖母院 不可 聖母院 建 於 十九世紀 中葉 是 融合 了 羅馬 與 拜占庭式 建築 教堂 頂端 處 有 一 尊 全身 鑲金 的 聖母 雕像 聖母 面向 地中海 在 幾十 公里 外 就 可 看見 其 作用 就 像 燈塔 指引 過往 船隻 這 讓 我 想起 中國 福建 台灣 沿海 也 有 很多 供奉 媽姐 的 廟宇 保護 著 行船人 或許 中外 的 宗教 作用 都 有 相同 的 道理 吧,91,在(3284238) 馬賽(492) 如果(322121) 你(1414837) 想(449884) 登高(659) 望遠(150) 看清楚(Unknown) 馬賽(492) 的(16029838) 市容(203) 那(754138) 非(112415) 到(546906) 此(288458) 地(754998) 的(16029838) 地標(888) 建築物(6830) 聖母院(238) 不可(50808) 聖母院(238) 建(13839) 於(327210) 十九世紀(8051) 中葉(1910) 是(4642407) 融合(6722) 了(3199291) 羅馬(15850) 與(968432) 拜占庭式(23) 建築(31065) 教堂(12345) 頂端(3579) 處(84410) 有(2217079) 一(3701681) 尊(11622) 全身(3900) 鑲金(156) 的(16029838) 聖母(2476) 雕像(5173) 聖母(2476) 面向(7743) 地中海(1673) 在(3284238) 幾十(9173) 公里(16646) 外(109310) 就(1737544) 可(307359) 看見(56420) 其(307905) 作用(37837) 就(1737544) 像(289494) 燈塔(1777) 指引(4695) 過往(4335) 船隻(5221) 這(2114032) 讓(526314) 我(3033032) 想起(25243) 中國(214840) 福建(5572) 台灣(130718) 沿海(3250) 也(1590760) 有(2217079) 很多(113128) 供奉(2890) 媽姐(2) 的(16029838) 廟宇(2147) 保護(32573) 著(1004687) 行船人(20) 或許(60077) 中外(2790) 的(16029838) 宗教(31336) 作用(37837) 都(1125846) 有(2217079) 相同(33311) 的(16029838) 道理(26615) 吧(184477),"{'High': 87, 'Low': 4}","{'第1*級': 4, 'Unknown': 28, '第2級': 2, '第1級': 25, '第7級': 3, '第5級': 9, '第4*級': 4, '第4級': 7, '第6級': 8, '第3*級': 1}",8,Y,Y,N,Y
陶土作家叫座馬賽其實也是個產陶器的地方，當地有一位有名的陶土作家，叫費格里(Figueres)，他從一九四二年開始創作陶土作品，現在已經是譽滿馬賽，他的工廠就是他的住家，他所創作的陶土作品，加以上色上釉後，幾乎是幾可亂真，令人愛不釋手。,陶土 作家 叫座 馬賽 其實 也 是 個 產 陶器 的 地方 當地 有 一 位 有名 的 陶土 作家 叫 費格里 Figueres 他 從 一九四二年 開始 創作 陶土 作品 現在 已經 是 譽 滿 馬賽 他 的 工廠 就 是 他 的 住家 他 所 創作 的 陶土 作品 加以 上色 上釉 後 幾乎 是 幾可亂真 令 人 愛不釋手,60,陶土(410) 作家(24304) 叫座(395) 馬賽(492) 其實(109290) 也(1590760) 是(4642407) 個(2296574) 產(8102) 陶器(1095) 的(16029838) 地方(139164) 當地(23011) 有(2217079) 一(3701681) 位(284809) 有名(8977) 的(16029838) 陶土(410) 作家(24304) 叫(111645) 費格里(Unknown) Figueres(1) 他(2487930) 從(496546) 一九四二年(897) 開始(245562) 創作(30713) 陶土(410) 作品(79492) 現在(218744) 已經(245160) 是(4642407) 譽(1106) 滿(46727) 馬賽(492) 他(2487930) 的(16029838) 工廠(16192) 就(1737544) 是(4642407) 他(2487930) 的(16029838) 住家(2425) 他(2487930) 所(527327) 創作(30713) 的(16029838) 陶土(410) 作品(79492) 加以(25724) 上色(488) 上釉(12) 後(422857) 幾乎(74298) 是(4642407) 幾可亂真(113) 令(128742) 人(1550512) 愛不釋手(442),"{'High': 57, 'Low': 3}","{'Unknown': 16, '第4級': 4, '第7級': 2, '第3*級': 1, '第1級': 23, '第6級': 2, '第1*級': 2, '第4*級': 1, '第2*級': 1, '第2級': 3, '第5級': 4, '第3級': 1}",5,Y,N,N,Y
馬賽政府還特地徵收了一間古住宅，作為陶器博物館(FaienceMuseum)，觀光客可自由參觀，裡面所收集的陶器作品，有的遠溯到十六世紀，連中國明朝的陶、瓷作品，也可以在此地發現。,馬賽 政府 還 特地 徵收 了 一 間 古 住宅 作為 陶器 博物館 FaienceMuseum 觀光客 可 自由 參觀 裡面 所 收集 的 陶器 作品 有的 遠溯 到 十六世紀 連 中國 明朝 的 陶 瓷 作品 也 可以 在 此 地 發現,41,馬賽(492) 政府(92663) 還(625086) 特地(5441) 徵收(2599) 了(3199291) 一(3701681) 間(115638) 古(21972) 住宅(5250) 作為(58009) 陶器(1095) 博物館(9905) FaienceMuseum(Unknown) 觀光客(2140) 可(307359) 自由(56360) 參觀(9034) 裡面(40741) 所(527327) 收集(6739) 的(16029838) 陶器(1095) 作品(79492) 有的(31553) 遠溯(61) 到(546906) 十六世紀(1615) 連(91153) 中國(214840) 明朝(7488) 的(16029838) 陶(1543) 瓷(2203) 作品(79492) 也(1590760) 可以(560531) 在(3284238) 此(288458) 地(754998) 發現(175233),"{'High': 39, 'Low': 2}","{'Unknown': 13, '第4級': 3, '第5級': 4, '第6級': 3, '第1級': 7, '第4*級': 2, '第3*級': 3, '第1*級': 2, '第2級': 3, '第7級': 1}",4,Y,Y,N,N
如果你在馬賽停留的時間夠久，足夠你去找一家小館，品嘗當地的風味菜，有一家小館你可以去試試，至少這家小館是我在馬賽吃過最懷念的餐廳。,如果 你 在 馬賽 停留 的 時間 夠 久 足夠 你 去 找 一 家 小 館 品嘗 當地 的 風味菜 有 一 家 小 館 你 可以 去 試試 至少 這 家 小 館 是 我 在 馬賽 吃 過 最 懷念 的 餐廳,45,如果(322121) 你(1414837) 在(3284238) 馬賽(492) 停留(7966) 的(16029838) 時間(213595) 夠(49042) 久(68086) 足夠(16814) 你(1414837) 去(479993) 找(108128) 一(3701681) 家(236822) 小(318835) 館(3995) 品嘗(1105) 當地(23011) 的(16029838) 風味菜(Unknown) 有(2217079) 一(3701681) 家(236822) 小(318835) 館(3995) 你(1414837) 可以(560531) 去(479993) 試試(7675) 至少(41964) 這(2114032) 家(236822) 小(318835) 館(3995) 是(4642407) 我(3033032) 在(3284238) 馬賽(492) 吃(141660) 過(412878) 最(421680) 懷念(4408) 的(16029838) 餐廳(13613),"{'High': 44, 'Low': 1}","{'第2級': 1, '第1級': 25, '第1*級': 6, 'Unknown': 7, '第5級': 3, '第4級': 2, '第4*級': 1}",1,Y,Y,N,N
它的名字叫「藝術之籃」(LePanierDesArts)，地址是：3RveDuPetitPuitsMarsei，電話91.56.02.32，這家餐廳的顧客以熟客居多，它的沙拉一級棒，單單是佐醬，就有六、七種之多。,它 的 名字 叫 藝術 之 籃 LePanierDesArts 地址 是 3RveDuPetitPuitsMarsei 電話 91560232 這 家 餐廳 的 顧客 以 熟客 居多 它 的 沙拉 一級 棒 單單 是 佐醬 就 有 六 七 種 之多,35,它(316854) 的(16029838) 名字(42571) 叫(111645) 藝術(80645) 之(875481) 籃(1258) LePanierDesArts(Unknown) 地址(5736) 是(4642407) 3RveDuPetitPuitsMarsei(Unknown) 電話(38698) 91560232(Unknown) 這(2114032) 家(236822) 餐廳(13613) 的(16029838) 顧客(25096) 以(547785) 熟客(224) 居多(1460) 它(316854) 的(16029838) 沙拉(1992) 一級(586) 棒(16112) 單單(1891) 是(4642407) 佐醬(2) 就(1737544) 有(2217079) 六(77936) 七(59385) 種(701563) 之多(171),"{'High': 31, 'Low': 4}","{'第1*級': 3, '第1級': 14, '第4級': 2, '第5級': 2, 'Unknown': 10, '第2*級': 1, '第3級': 1, '第2級': 1, '第6級': 1}",3,Y,N,N,Y
就有六、七種之多。,就 有 六 七種 之多,5,就(1737544) 有(2217079) 六(77936) 七種(Unknown) 之多(171),"{'High': 4, 'Low': 1}","{'第1級': 3, 'Unknown': 2}",0,Y,N,N,N
干邑部份酒廠開放參觀並設有中文解說員，讓大家清楚看到這些高級酒的製作過程對於國人來說，法國干邑區所生產的白蘭地一定不陌生，此區四大酒廠：人頭馬、拿破崙、軒尼士及馬爹利，在國內白蘭地市場有著極高的占有率，但品嚐香醇美酒之外，你對干邑區有多少了解呢？,干邑 部份 酒廠 開放 參觀 並 設有 中文 解說員 讓 大家 清楚 看到 這些 高級 酒 的 製作 過程 對於 國人 來 說 法國 干邑區 所 生產 的 白蘭地 一定 不 陌生 此 區 四 大 酒廠 人頭馬 拿破崙 軒尼士 及 馬爹利 在 國內 白蘭地 市場 有 著 極 高 的 占有率 但 品嚐 香醇 美酒 之外 你 對 干邑區 有 多少 了解 呢,64,干邑(52) 部份(11022) 酒廠(314) 開放(17546) 參觀(9034) 並(442790) 設有(3503) 中文(9751) 解說員(330) 讓(526314) 大家(109692) 清楚(76185) 看到(159419) 這些(315113) 高級(10823) 酒(46479) 的(16029838) 製作(26135) 過程(87889) 對於(99570) 國人(4275) 來(742183) 說(1285247) 法國(29029) 干邑區(Unknown) 所(527327) 生產(36079) 的(16029838) 白蘭地(1147) 一定(138695) 不(2282521) 陌生(7928) 此(288458) 區(6652) 四(141667) 大(525780) 酒廠(314) 人頭馬(21) 拿破崙(2299) 軒尼士(1) 及(304586) 馬爹利(1) 在(3284238) 國內(17537) 白蘭地(1147) 市場(65023) 有(2217079) 著(1004687) 極(61390) 高(128858) 的(16029838) 占有率(817) 但(597124) 品嚐(1587) 香醇(292) 美酒(1373) 之外(45757) 你(1414837) 對(897964) 干邑區(Unknown) 有(2217079) 多少(50265) 了解(82970) 呢(204566),"{'Low': 6, 'High': 58}","{'Unknown': 20, '第2級': 6, '第4級': 3, '第3*級': 4, '第4*級': 2, '第1級': 18, '第1*級': 4, '第5級': 7}",10,Y,Y,N,Y
為了幫助法國以外人士認識干邑區的製酒文化，當地不少酒廠開放遊客參觀，較具規模者，甚至設有中文解說員，前往法國旅遊，不妨多加利用。,為了 幫助 法國 以外 人士 認識 干邑區 的 製 酒 文化 當地 不少 酒廠 開放 遊客 參觀 較 具 規模 者 甚至 設有 中文 解說員 前往 法國 旅遊 不妨 多加 利用,31,為了(Unknown) 幫助(62744) 法國(29029) 以外(13444) 人士(27666) 認識(51425) 干邑區(Unknown) 的(16029838) 製(4800) 酒(46479) 文化(115697) 當地(23011) 不少(35256) 酒廠(314) 開放(17546) 遊客(4899) 參觀(9034) 較(78424) 具(41661) 規模(17762) 者(423504) 甚至(122502) 設有(3503) 中文(9751) 解說員(330) 前往(27321) 法國(29029) 旅遊(8465) 不妨(9148) 多加(2058) 利用(49229),"{'Low': 2, 'High': 29}","{'Unknown': 9, '第2級': 4, '第1級': 4, '第5級': 3, '第4*級': 4, '第1*級': 1, '第4級': 2, '第3*級': 2, '第6級': 2}",2,Y,N,N,N
位於法國西南部的干邑區，面積約有八十萬公頃，數百年來，這裡一直是法國最重要的酒產區之一，區內土壤屬於白堊質，其特性是土壤表面含沙而多孔，且底層密度極高，因此可在乾旱或多雨的季節裡，適當調節輸往葡萄樹的水分，由於土壤特佳，造就本區白蘭地獨特的酒質，全區因土壤帶不同又分成六個小區，每區氣候各有細微差別，其中最上等的葡萄來自大香檳區及小香檳區。,位於 法國 西南部 的 干邑區 面積 約 有 八十萬 公頃 數百 年 來 這裡 一直 是 法國 最 重要 的 酒 產區 之 一 區 內 土壤 屬於 白堊質 其 特性 是 土壤 表面 含 沙 而 多 孔 且 底層 密度 極 高 因此 可 在 乾旱 或 多雨 的 季節 裡 適當 調節 輸往 葡萄樹 的 水分 由於 土壤 特 佳 造就 本 區 白蘭地 獨特 的 酒質 全 區 因 土壤帶 不同 又 分成 六 個 小 區 每 區 氣候 各 有 細微 差別 其中 最 上等 的 葡萄 來自 大 香檳區 及 小 香檳區,99,位於(19612) 法國(29029) 西南部(578) 的(16029838) 干邑區(Unknown) 面積(6281) 約(47731) 有(2217079) 八十萬(418) 公頃(1142) 數百(5902) 年(514736) 來(742183) 這裡(100385) 一直(119877) 是(4642407) 法國(29029) 最(421680) 重要(154863) 的(16029838) 酒(46479) 產區(114) 之(875481) 一(3701681) 區(6652) 內(183051) 土壤(3461) 屬於(39478) 白堊質(4) 其(307905) 特性(12673) 是(4642407) 土壤(3461) 表面(20092) 含(12321) 沙(6325) 而(937923) 多(318992) 孔(4664) 且(67015) 底層(2459) 密度(2764) 極(61390) 高(128858) 因此(184606) 可(307359) 在(3284238) 乾旱(1211) 或(478077) 多雨(221) 的(16029838) 季節(5885) 裡(520435) 適當(17983) 調節(4151) 輸往(150) 葡萄樹(137) 的(16029838) 水分(3509) 由於(88111) 土壤(3461) 特(11475) 佳(8331) 造就(3295) 本(197156) 區(6652) 白蘭地(1147) 獨特(13428) 的(16029838) 酒質(17) 全(178642) 區(6652) 因(119364) 土壤帶(Unknown) 不同(159432) 又(535555) 分成(7720) 六(77936) 個(2296574) 小(318835) 區(6652) 每(333357) 區(6652) 氣候(6752) 各(243023) 有(2217079) 細微(3445) 差別(10648) 其中(95627) 最(421680) 上等(1092) 的(16029838) 葡萄(2643) 來自(41811) 大(525780) 香檳區(1) 及(304586) 小(318835) 香檳區(1),"{'High': 93, 'Low': 6}","{'第6級': 11, '第1級': 24, 'Unknown': 19, '第5級': 9, '第3*級': 3, '第7級': 1, '第2級': 4, '第1*級': 7, '第4級': 7, '第3級': 6, '第4*級': 8}",9,Y,Y,N,N
萄葡園的玫瑰花有預知霜霉病的功能，派出玫瑰花探病害在干邑區內，一處處低矮的葡萄藤架，和台灣的高棚架種植風情迥異，而最特殊的是當地的葡萄園外圍，種滿鮮豔奪目的玫瑰花，當地人士表示，種植玫瑰花的主要用意在於預知葡萄園天敵霜霉病的流行，讓農民可以早作防治，不過因大量種植，反而有了意想不到的美感。,萄葡園 的 玫瑰花 有 預知 霜霉病 的 功能 派出 玫瑰花 探 病害 在 干邑區 內 一處處 低矮 的 葡萄 藤架 和 台灣 的 高 棚架 種植 風情 迥異 而 最 特殊 的 是 當地 的 葡萄園 外圍 種滿 鮮豔奪目 的 玫瑰花 當地 人士 表示 種植 玫瑰花 的 主要 用意 在於 預知 葡萄園 天敵 霜霉病 的 流行 讓 農民 可以 早 作 防治 不過 因 大量 種植 反而 有 了 意想不到 的 美感,72,萄葡園(Unknown) 的(16029838) 玫瑰花(1081) 有(2217079) 預知(1893) 霜霉病(Unknown) 的(16029838) 功能(38600) 派出(4445) 玫瑰花(1081) 探(4424) 病害(74) 在(3284238) 干邑區(Unknown) 內(183051) 一處處(Unknown) 低矮(1060) 的(16029838) 葡萄(2643) 藤架(14) 和(1338337) 台灣(130718) 的(16029838) 高(128858) 棚架(222) 種植(3944) 風情(1988) 迥異(1201) 而(937923) 最(421680) 特殊(28606) 的(16029838) 是(4642407) 當地(23011) 的(16029838) 葡萄園(409) 外圍(2080) 種滿(287) 鮮豔奪目(Unknown) 的(16029838) 玫瑰花(1081) 當地(23011) 人士(27666) 表示(74452) 種植(3944) 玫瑰花(1081) 的(16029838) 主要(78757) 用意(3559) 在於(37953) 預知(1893) 葡萄園(409) 天敵(551) 霜霉病(Unknown) 的(16029838) 流行(16740) 讓(526314) 農民(15488) 可以(560531) 早(62038) 作(78184) 防治(1634) 不過(186226) 因(119364) 大量(28414) 種植(3944) 反而(39627) 有(2217079) 了(3199291) 意想不到(2483) 的(16029838) 美感(3472),"{'Low': 8, 'High': 64}","{'Unknown': 23, '第1級': 17, '第6級': 11, '第4級': 2, '第1*級': 2, '第3級': 3, '第7級': 2, '第5級': 6, '第4*級': 4, '第2級': 2}",13,Y,Y,N,N
由於前往干邑區參觀的各國遊客太多了，區內的酒產公司大多開放參觀，其中的REMYMARTIN也就是國人熟知的人頭馬公司，不僅有著令人印象深刻的導覽系統，更設有公關部專門服務遊客，且有專屬的中文解說員，對於不諳外文的國人來說，是了解本區文化及製酒過程的極佳選擇。,由於 前往 干邑區 參觀 的 各 國 遊客 太多 了 區 內 的 酒 產 公司 大多 開放 參觀 其中 的 REMYMARTIN 也 就 是 國人 熟知 的 人頭馬 公司 不僅 有 著 令 人 印象深刻 的 導覽 系統 更 設有 公關部 專門 服務 遊客 且 有 專屬 的 中文 解說員 對於 不 諳 外文 的 國人 來 說 是 了解 本 區 文化 及 製 酒 過程 的 極 佳 選擇,72,由於(88111) 前往(27321) 干邑區(Unknown) 參觀(9034) 的(16029838) 各(243023) 國(73377) 遊客(4899) 太多(30757) 了(3199291) 區(6652) 內(183051) 的(16029838) 酒(46479) 產(8102) 公司(168500) 大多(12946) 開放(17546) 參觀(9034) 其中(95627) 的(16029838) REMYMARTIN(Unknown) 也(1590760) 就(1737544) 是(4642407) 國人(4275) 熟知(2408) 的(16029838) 人頭馬(21) 公司(168500) 不僅(43138) 有(2217079) 著(1004687) 令(128742) 人(1550512) 印象深刻(Unknown) 的(16029838) 導覽(1274) 系統(67366) 更(361676) 設有(3503) 公關部(45) 專門(13209) 服務(38055) 遊客(4899) 且(67015) 有(2217079) 專屬(2527) 的(16029838) 中文(9751) 解說員(330) 對於(99570) 不(2282521) 諳(819) 外文(508) 的(16029838) 國人(4275) 來(742183) 說(1285247) 是(4642407) 了解(82970) 本(197156) 區(6652) 文化(115697) 及(304586) 製(4800) 酒(46479) 過程(87889) 的(16029838) 極(61390) 佳(8331) 選擇(75178),"{'High': 67, 'Low': 5}","{'第4*級': 3, '第5級': 7, 'Unknown': 19, '第3*級': 6, '第1級': 21, '第2級': 4, '第4級': 3, '第3級': 3, '第1*級': 2, '第6級': 2, '第7級': 2}",6,Y,Y,N,Y
橡木板需經多年的陽光曝曬才能作成橡木桶。,橡木板 需 經 多 年 的 陽光 曝曬 才 能 作成 橡木桶,12,橡木板(21) 需(27999) 經(38471) 多(318992) 年(514736) 的(16029838) 陽光(17239) 曝曬(547) 才(394539) 能(582260) 作成(1013) 橡木桶(11),"{'Low': 2, 'High': 10}","{'Unknown': 5, '第2級': 2, '第1級': 3, '第4*級': 1, '第1*級': 1}",2,Y,N,N,N
小火車葡萄園之旅參觀人頭馬公司的過程從圖片介紹開始，在這個部分，解說員會向遊客詳細介紹干邑區範圍設定的由來，本區特色及釀酒過程，讓遊客先對此區文化有初步了解，其後解說員會帶著遊客搭上小火車，展開一趟令人驚訝的小火車葡萄園之旅。,小 火車 葡萄園 之 旅 參觀 人頭馬 公司 的 過程 從 圖片 介紹 開始 在 這 個 部分 解說員 會 向 遊客 詳細 介紹 干邑區 範圍 設定 的 由來 本 區 特色 及 釀酒 過程 讓 遊客 先 對 此 區 文化 有 初步 了解 其後 解說員 會 帶 著 遊客 搭上 小 火車 展開 一 趟 令 人 驚訝 的 小 火車 葡萄園 之 旅,66,小(318835) 火車(13566) 葡萄園(409) 之(875481) 旅(8620) 參觀(9034) 人頭馬(21) 公司(168500) 的(16029838) 過程(87889) 從(496546) 圖片(4811) 介紹(26468) 開始(245562) 在(3284238) 這(2114032) 個(2296574) 部分(82518) 解說員(330) 會(1014977) 向(231672) 遊客(4899) 詳細(13379) 介紹(26468) 干邑區(Unknown) 範圍(24784) 設定(10564) 的(16029838) 由來(2052) 本(197156) 區(6652) 特色(16060) 及(304586) 釀酒(919) 過程(87889) 讓(526314) 遊客(4899) 先(136649) 對(897964) 此(288458) 區(6652) 文化(115697) 有(2217079) 初步(3730) 了解(82970) 其後(5706) 解說員(330) 會(1014977) 帶(105786) 著(1004687) 遊客(4899) 搭上(2151) 小(318835) 火車(13566) 展開(17154) 一(3701681) 趟(11585) 令(128742) 人(1550512) 驚訝(18662) 的(16029838) 小(318835) 火車(13566) 葡萄園(409) 之(875481) 旅(8620),"{'High': 64, 'Low': 2}","{'第1級': 14, '第1*級': 10, 'Unknown': 15, '第5級': 10, '第3*級': 2, '第2級': 6, '第4*級': 3, '第6級': 2, '第4級': 4}",6,Y,Y,N,Y
小火車共有三節，約可容納遊客四十人，整趟路程費時約一個小時，解說員沿路介紹廠區的一切，從葡萄樹的種植、採收、到酒桶的製作及釀酒，無一掛漏，讓遊客在親身體驗中，深刻體會干邑區白蘭地不同的風味，小火車一路篤篤地經過葡萄園、橡木桶製作工地及不同年份的酒窖，佐以解說員的介紹，設計既體貼又詳細。,小 火車 共有 三 節 約 可 容納 遊客 四十 人 整 趟 路程 費時 約 一 個 小時 解說員 沿路 介紹 廠區 的 一切 從 葡萄樹 的 種植 採收 到 酒桶 的 製作 及 釀酒 無 一 掛漏 讓 遊客 在 親身 體驗 中 深刻 體會 干邑區 白蘭地 不同 的 風味 小 火車 一路 篤篤 地 經過 葡萄園 橡木桶 製作 工地 及 不同 年份 的 酒窖 佐以 解說員 的 介紹 設計 既 體貼 又 詳細,76,小(318835) 火車(13566) 共有(692) 三(313861) 節(14936) 約(47731) 可(307359) 容納(2699) 遊客(4899) 四十(15256) 人(1550512) 整(105785) 趟(11585) 路程(2648) 費時(1051) 約(47731) 一(3701681) 個(2296574) 小時(48521) 解說員(330) 沿路(898) 介紹(26468) 廠區(251) 的(16029838) 一切(95523) 從(496546) 葡萄樹(137) 的(16029838) 種植(3944) 採收(988) 到(546906) 酒桶(64) 的(16029838) 製作(26135) 及(304586) 釀酒(919) 無(157858) 一(3701681) 掛漏(7) 讓(526314) 遊客(4899) 在(3284238) 親身(4295) 體驗(15945) 中(1011729) 深刻(16783) 體會(9519) 干邑區(Unknown) 白蘭地(1147) 不同(159432) 的(16029838) 風味(3277) 小(318835) 火車(13566) 一路(14840) 篤篤(37) 地(754998) 經過(64617) 葡萄園(409) 橡木桶(11) 製作(26135) 工地(1320) 及(304586) 不同(159432) 年份(901) 的(16029838) 酒窖(191) 佐以(330) 解說員(330) 的(16029838) 介紹(26468) 設計(59326) 既(43838) 體貼(3561) 又(535555) 詳細(13379),"{'High': 71, 'Low': 5}","{'第1級': 15, '第1*級': 7, 'Unknown': 23, '第4級': 2, '第3*級': 4, '第4*級': 4, '第6級': 6, '第5級': 10, '第7級': 1, '第2級': 2, '第3級': 2}",7,Y,Y,N,N
人頭馬酒廠內有小火車繞行，帶領遊客進入白蘭地的世界。,人頭馬 酒廠 內 有 小 火車 繞行 帶領 遊客 進入 白蘭地 的 世界,13,人頭馬(21) 酒廠(314) 內(183051) 有(2217079) 小(318835) 火車(13566) 繞行(581) 帶領(10447) 遊客(4899) 進入(66885) 白蘭地(1147) 的(16029838) 世界(165235),"{'Low': 1, 'High': 12}","{'Unknown': 4, '第3級': 1, '第1級': 3, '第1*級': 1, '第7級': 1, '第5級': 1, '第4級': 1, '第2級': 1}",2,Y,N,N,Y
好酒聆聽古典音樂搭乘小火車的過程，並不是只有單調的說話聲，當車行進入酒窖時，遊客會驚訝的發現，酒窖中甚至還播放著古典音樂，但這些音樂可不是專為「人」而播放，其主要目的是藉以調和酒的甘醇香味，令人直覺若生命只是一味在追求庸庸碌碌，恐怕真的比不上這些酒窖裡終年不見天日的酒桶。,好 酒 聆聽 古典 音樂 搭乘 小 火車 的 過程 並 不 是 只有 單調 的 說話聲 當 車行 進入 酒窖 時 遊客 會 驚訝 的 發現 酒窖 中 甚至 還 播放 著 古典 音樂 但 這些 音樂 可 不 是 專 為 人 而 播放 其 主要 目的 是 藉以 調和 酒 的 甘醇 香味 令 人 直覺 若 生命 只 是 一味 在 追求 庸庸碌碌 恐怕 真的 比不上 這些 酒窖 裡 終年 不見天日 的 酒桶,77,好(448428) 酒(46479) 聆聽(7962) 古典(9876) 音樂(48523) 搭乘(4116) 小(318835) 火車(13566) 的(16029838) 過程(87889) 並(442790) 不(2282521) 是(4642407) 只有(43745) 單調(2944) 的(16029838) 說話聲(505) 當(294625) 車行(460) 進入(66885) 酒窖(191) 時(623734) 遊客(4899) 會(1014977) 驚訝(18662) 的(16029838) 發現(175233) 酒窖(191) 中(1011729) 甚至(122502) 還(625086) 播放(4435) 著(1004687) 古典(9876) 音樂(48523) 但(597124) 這些(315113) 音樂(48523) 可(307359) 不(2282521) 是(4642407) 專(7355) 為(761341) 人(1550512) 而(937923) 播放(4435) 其(307905) 主要(78757) 目的(45226) 是(4642407) 藉以(2797) 調和(2431) 酒(46479) 的(16029838) 甘醇(98) 香味(3285) 令(128742) 人(1550512) 直覺(10498) 若(92766) 生命(92595) 只(436725) 是(4642407) 一味(4921) 在(3284238) 追求(29080) 庸庸碌碌(162) 恐怕(22544) 真的(88001) 比不上(2491) 這些(315113) 酒窖(191) 裡(520435) 終年(945) 不見天日(269) 的(16029838) 酒桶(64),"{'High': 75, 'Low': 2}","{'Unknown': 23, '第1*級': 8, '第6級': 8, '第5級': 6, '第2級': 5, '第1級': 14, '第4*級': 6, '第4級': 3, '第3*級': 3, '第7級': 1}",4,Y,Y,N,N
人頭馬酒廠的橡木桶製作是全世界聞名的，該公司利用超過一百年樹齡的橡木作為酒桶材料，酒桶的製作過程，先是將砍伐下來的橡木運至酒廠內，按照規格截切後，置放在室外經過三年的自然曝晒，使得橡木中的含水量逐漸消失，並轉化成黑色的色澤，再以三十二至三十六支的木塊作成酒桶，其中完全找不到任何一隻的鐵釘。,人頭馬 酒廠 的 橡木桶 製作 是 全 世界 聞名 的 該 公司 利用 超過 一百 年 樹齡 的 橡木 作為 酒桶 材料 酒桶 的 製作 過程 先 是 將 砍伐 下來 的 橡木 運至 酒廠 內 按照 規格 截切 後 置放 在 室 外 經過 三 年 的 自然 曝晒 使得 橡木 中 的 含水量 逐漸 消失 並 轉化成 黑色 的 色澤 再 以 三十二 至 三十六 支 的 木塊 作成 酒桶 其中 完全 找 不 到 任何 一 隻 的 鐵釘,82,人頭馬(21) 酒廠(314) 的(16029838) 橡木桶(11) 製作(26135) 是(4642407) 全(178642) 世界(165235) 聞名(4406) 的(16029838) 該(148369) 公司(168500) 利用(49229) 超過(30507) 一百(17093) 年(514736) 樹齡(207) 的(16029838) 橡木(440) 作為(58009) 酒桶(64) 材料(16513) 酒桶(64) 的(16029838) 製作(26135) 過程(87889) 先(136649) 是(4642407) 將(448374) 砍伐(877) 下來(32851) 的(16029838) 橡木(440) 運至(66) 酒廠(314) 內(183051) 按照(15014) 規格(2385) 截切(4) 後(422857) 置放(588) 在(3284238) 室(11726) 外(109310) 經過(64617) 三(313861) 年(514736) 的(16029838) 自然(91995) 曝晒(79) 使得(30960) 橡木(440) 中(1011729) 的(16029838) 含水量(100) 逐漸(38705) 消失(30223) 並(442790) 轉化成(1860) 黑色(16240) 的(16029838) 色澤(1607) 再(326207) 以(547785) 三十二(2365) 至(101530) 三十六(3749) 支(25666) 的(16029838) 木塊(328) 作成(1013) 酒桶(64) 其中(95627) 完全(115744) 找(108128) 不(2282521) 到(546906) 任何(131795) 一(3701681) 隻(93136) 的(16029838) 鐵釘(499),"{'Low': 9, 'High': 73}","{'Unknown': 27, '第1級': 21, '第5級': 9, '第2級': 6, '第6級': 2, '第4*級': 4, '第3*級': 4, '第4級': 3, '第1*級': 3, '第7級': 2, '第3級': 1}",6,Y,Y,N,Y
為了防止漏水，酒廠採用進口的燈芯草在接口處加以密封，絕對不加用膠水或其它的化學物品，使得釀作的白蘭地能夠品質穩定，一個橡木桶的造價高達四千法郎，該公司人員表示，人頭馬每年生產逾七萬個酒桶，除了供應廠內釀酒所需，其餘均輸出至其他歐洲國家，佔全歐洲市場的60%，歐洲外，美國及日本亦主要市場，為全歐最大的酒桶製造廠。,為了 防止 漏水 酒廠 採用 進口 的 燈芯草 在 接口處 加以 密封 絕對 不 加用 膠水 或 其它 的 化學 物品 使得 釀作 的 白蘭地 能夠 品質 穩定 一 個 橡木桶 的 造價 高達 四千 法郎 該 公司 人員 表示 人頭馬 每 年 生產 逾 七萬 個 酒桶 除了 供應 廠 內 釀酒 所 需 其餘 均 輸出 至 其他 歐洲 國家 佔 全 歐洲 市場 的 60 歐洲 外 美國 及 日本 亦 主要 市場 為 全 歐 最 大 的 酒桶 製造廠,84,為了(Unknown) 防止(7775) 漏水(485) 酒廠(314) 採用(20582) 進口(5751) 的(16029838) 燈芯草(8) 在(3284238) 接口處(4) 加以(25724) 密封(800) 絕對(42446) 不(2282521) 加用(21) 膠水(380) 或(478077) 其它(3339) 的(16029838) 化學(12491) 物品(10557) 使得(30960) 釀作(1) 的(16029838) 白蘭地(1147) 能夠(96422) 品質(19388) 穩定(19878) 一(3701681) 個(2296574) 橡木桶(11) 的(16029838) 造價(247) 高達(7931) 四千(1675) 法郎(1394) 該(148369) 公司(168500) 人員(49261) 表示(74452) 人頭馬(21) 每(333357) 年(514736) 生產(36079) 逾(2531) 七萬(712) 個(2296574) 酒桶(64) 除了(75964) 供應(8826) 廠(4599) 內(183051) 釀酒(919) 所(527327) 需(27999) 其餘(8181) 均(27783) 輸出(3073) 至(101530) 其他(189445) 歐洲(24026) 國家(109166) 佔(11252) 全(178642) 歐洲(24026) 市場(65023) 的(16029838) 60(4288) 歐洲(24026) 外(109310) 美國(148299) 及(304586) 日本(105587) 亦(68507) 主要(78757) 市場(65023) 為(761341) 全(178642) 歐(9276) 最(421680) 大(525780) 的(16029838) 酒桶(64) 製造廠(596),"{'Low': 9, 'High': 75}","{'Unknown': 27, '第5級': 9, '第4*級': 6, '第4級': 3, '第1級': 15, '第1*級': 4, '第6級': 5, '第3級': 2, '第2級': 9, '第3*級': 4}",6,Y,Y,N,Y
何以我們喝到的白蘭地酒會是金黃色的？,何以 我們 喝到 的 白蘭地酒 會 是 金黃色 的,9,何以(5385) 我們(979260) 喝到(851) 的(16029838) 白蘭地酒(21) 會(1014977) 是(4642407) 金黃色(1302) 的(16029838),"{'High': 8, 'Low': 1}","{'第6級': 1, '第1級': 4, 'Unknown': 3, '第1*級': 1}",2,Y,N,N,N
這就是橡木桶的奧妙所在，具有一半台灣血統的該公司中文解說員顏敬梅表示，干邑區的葡萄園按照品質的優劣分為六區，其中大、小香檳區即是此一生命之水的主要來源，而經過連酒渣一併蒸餾的特殊蒸餾法，利用小型蒸餾銅鍋，經過漫長的蒸餾程序，可以盡量吸收發酵葡萄酒留下沈殿物濃郁的芬芳香味，讓酒味變得更為香醇，而一個個橡木精製的酒桶，在貯藏的漫長歲月中，橡木桶與酒精經過化學變化，自然會為生命之水加添獨特的金黃色澤，大大地增添白蘭地酒的芬芳香氣。,這 就 是 橡木桶 的 奧妙 所在 具有 一半 台灣 血統 的 該 公司 中文 解說員 顏敬梅 表示 干邑區 的 葡萄園 按照 品質 的 優劣 分為 六 區 其中 大 小 香檳區 即 是 此 一 生命 之 水 的 主要 來源 而 經過 連 酒渣 一併 蒸餾 的 特殊 蒸餾 法 利用 小型 蒸餾 銅鍋 經過 漫長 的 蒸餾 程序 可以 盡量 吸收 發酵 葡萄酒 留下 沈殿物 濃郁 的 芬芳 香味 讓 酒味 變 得 更為 香醇 而 一個個 橡木 精製 的 酒桶 在 貯藏 的 漫長 歲月 中 橡木桶 與 酒精 經過 化學 變化 自然 會 為 生命 之 水 加添 獨特 的 金黃 色澤 大大 地 增添 白蘭地酒 的 芬芳 香氣,114,這(2114032) 就(1737544) 是(4642407) 橡木桶(11) 的(16029838) 奧妙(1418) 所在(13079) 具有(60702) 一半(21409) 台灣(130718) 血統(2319) 的(16029838) 該(148369) 公司(168500) 中文(9751) 解說員(330) 顏敬梅(Unknown) 表示(74452) 干邑區(Unknown) 的(16029838) 葡萄園(409) 按照(15014) 品質(19388) 的(16029838) 優劣(1283) 分為(11069) 六(77936) 區(6652) 其中(95627) 大(525780) 小(318835) 香檳區(1) 即(110826) 是(4642407) 此(288458) 一(3701681) 生命(92595) 之(875481) 水(86260) 的(16029838) 主要(78757) 來源(18177) 而(937923) 經過(64617) 連(91153) 酒渣(9) 一併(2713) 蒸餾(234) 的(16029838) 特殊(28606) 蒸餾(234) 法(40998) 利用(49229) 小型(6080) 蒸餾(234) 銅鍋(Unknown) 經過(64617) 漫長(5523) 的(16029838) 蒸餾(234) 程序(11299) 可以(560531) 盡量(12434) 吸收(9741) 發酵(1871) 葡萄酒(2199) 留下(29992) 沈殿物(Unknown) 濃郁(1249) 的(16029838) 芬芳(1007) 香味(3285) 讓(526314) 酒味(335) 變(80345) 得(573721) 更為(14896) 香醇(292) 而(937923) 一個個(6479) 橡木(440) 精製(505) 的(16029838) 酒桶(64) 在(3284238) 貯藏(395) 的(16029838) 漫長(5523) 歲月(8803) 中(1011729) 橡木桶(11) 與(968432) 酒精(3797) 經過(64617) 化學(12491) 變化(42502) 自然(91995) 會(1014977) 為(761341) 生命(92595) 之(875481) 水(86260) 加添(214) 獨特(13428) 的(16029838) 金黃(1227) 色澤(1607) 大大(11209) 地(754998) 增添(3615) 白蘭地酒(21) 的(16029838) 芬芳(1007) 香氣(3170),"{'High': 104, 'Low': 10}","{'第1級': 25, 'Unknown': 34, '第7級': 4, '第6級': 13, '第2級': 7, '第4*級': 7, '第4級': 5, '第3*級': 6, '第5級': 11, '第1*級': 2}",11,Y,Y,N,Y
中文解說員為來自台灣的遊客介紹橡木桶製造過程請出蜘蛛當護身符參觀的過程，不少人對酒窖酒桶上頭結滿蜘蛛網的情形感到好奇，顏敬梅特別指出，因蜘蛛可以防止橡木酒桶受到其它害蟲的侵蝕，因此在廠裡他們把一隻隻的蜘蛛視為酒窖的護身符，在不同年代的酒窖更是放著不同的音樂饗宴，而酒廠也會在某個特定的時期，將新酒桶裡的酒換裝至老酒桶內，以便吸收不同的顏色與特性，根據年份，市面上出售的人頭馬白蘭地種類從最年輕的八年干邑即VSOP，到五十年以上的路易十三，都足以滿足老饕挑剔的嘴吧。,中文 解說員 為 來自 台灣 的 遊客 介紹 橡木桶 製造 過程 請出 蜘蛛 當 護身符 參觀 的 過程 不少 人 對 酒窖 酒桶 上頭 結滿 蜘蛛網 的 情形 感到 好奇 顏敬梅 特別 指出 因 蜘蛛 可以 防止 橡木 酒桶 受到 其它 害蟲 的 侵蝕 因此 在 廠 裡 他們 把 一隻隻 的 蜘蛛 視為 酒窖 的 護身符 在 不同 年代 的 酒窖 更 是 放 著 不同 的 音樂 饗宴 而 酒廠 也 會 在 某 個 特定 的 時期 將 新 酒桶 裡 的 酒 換裝 至 老 酒桶 內 以便 吸收 不同 的 顏色 與 特性 根據 年份 市面 上 出售 的 人頭馬 白蘭地 種類 從 最 年輕 的 八 年 干邑 即 VSOP 到 五十 年 以上 的 路易 十三 都 足以 滿足 老饕 挑剔 的 嘴 吧,131,中文(9751) 解說員(330) 為(761341) 來自(41811) 台灣(130718) 的(16029838) 遊客(4899) 介紹(26468) 橡木桶(11) 製造(28512) 過程(87889) 請出(332) 蜘蛛(3561) 當(294625) 護身符(893) 參觀(9034) 的(16029838) 過程(87889) 不少(35256) 人(1550512) 對(897964) 酒窖(191) 酒桶(64) 上頭(5017) 結滿(207) 蜘蛛網(722) 的(16029838) 情形(35199) 感到(74094) 好奇(13958) 顏敬梅(Unknown) 特別(91212) 指出(38456) 因(119364) 蜘蛛(3561) 可以(560531) 防止(7775) 橡木(440) 酒桶(64) 受到(66513) 其它(3339) 害蟲(635) 的(16029838) 侵蝕(1589) 因此(184606) 在(3284238) 廠(4599) 裡(520435) 他們(716752) 把(617773) 一隻隻(400) 的(16029838) 蜘蛛(3561) 視為(26535) 酒窖(191) 的(16029838) 護身符(893) 在(3284238) 不同(159432) 年代(15510) 的(16029838) 酒窖(191) 更(361676) 是(4642407) 放(83587) 著(1004687) 不同(159432) 的(16029838) 音樂(48523) 饗宴(560) 而(937923) 酒廠(314) 也(1590760) 會(1014977) 在(3284238) 某(119862) 個(2296574) 特定(20754) 的(16029838) 時期(47839) 將(448374) 新(212453) 酒桶(64) 裡(520435) 的(16029838) 酒(46479) 換裝(316) 至(101530) 老(75373) 酒桶(64) 內(183051) 以便(13160) 吸收(9741) 不同(159432) 的(16029838) 顏色(19941) 與(968432) 特性(12673) 根據(51908) 年份(901) 市面(2063) 上(1233218) 出售(3719) 的(16029838) 人頭馬(21) 白蘭地(1147) 種類(8370) 從(496546) 最(421680) 年輕(48853) 的(16029838) 八(54961) 年(514736) 干邑(52) 即(110826) VSOP(3) 到(546906) 五十(17500) 年(514736) 以上(36569) 的(16029838) 路易(1025) 十三(9810) 都(1125846) 足以(18852) 滿足(29073) 老饕(232) 挑剔(2516) 的(16029838) 嘴(32376) 吧(184477),"{'High': 122, 'Low': 9}","{'第1級': 33, 'Unknown': 41, '第4級': 6, '第1*級': 11, '第4*級': 8, '第5級': 11, '第7級': 3, '第3*級': 3, '第2級': 7, '第3級': 4, '第6級': 4}",10,Y,Y,N,Y
顏敬梅表示，人頭馬的白蘭地出口，台灣是很大的一個市場，以去年為例，台灣就超過整個歐洲，成為該公司的第六大市場所在，除了賣酒，人頭馬相當歡迎台灣民眾前去參觀，增加對白蘭地及干邑區的認識。,顏敬梅 表示 人頭馬 的 白蘭地 出口 台灣 是 很 大 的 一 個 市場 以 去年 為 例 台灣 就 超過 整個 歐洲 成為 該 公司 的 第六 大 市場 所在 除了 賣 酒 人頭馬 相當 歡迎 台灣 民眾 前去 參觀 增加 對 白蘭地 及 干邑區 的 認識,48,顏敬梅(Unknown) 表示(74452) 人頭馬(21) 的(16029838) 白蘭地(1147) 出口(10817) 台灣(130718) 是(4642407) 很(715675) 大(525780) 的(16029838) 一(3701681) 個(2296574) 市場(65023) 以(547785) 去年(9462) 為(761341) 例(56688) 台灣(130718) 就(1737544) 超過(30507) 整個(Unknown) 歐洲(24026) 成為(143834) 該(148369) 公司(168500) 的(16029838) 第六(9145) 大(525780) 市場(65023) 所在(13079) 除了(75964) 賣(27821) 酒(46479) 人頭馬(21) 相當(66293) 歡迎(19513) 台灣(130718) 民眾(17097) 前去(4606) 參觀(9034) 增加(48296) 對(897964) 白蘭地(1147) 及(304586) 干邑區(Unknown) 的(16029838) 認識(51425),"{'Low': 5, 'High': 43}","{'Unknown': 10, '第4*級': 3, '第1級': 16, '第3級': 3, '第2級': 6, '第5級': 3, '第4級': 2, '第3*級': 3, '第6級': 1, '第1*級': 1}",6,Y,Y,N,Y
在整個參觀酒窖的過程中，人頭馬釀酒廠的巧思處處令人驚奇，讓參觀者能夠從實際的釀造去體驗每一滴酒的來之不易，對於向來將XO視為牛飲的國人而言，應該要有所修正，否則不僅浪費了如此珍貴的佳釀，似乎也難以提升國人的生活品味，法國人對酒的尊重，以及從酒的品嘗中去感受生活的悠閒和自在，值得國人學習，把喝酒也當成是一種日常生活的美。,在 整個 參觀 酒窖 的 過程 中 人頭馬 釀酒廠 的 巧思 處處 令 人 驚奇 讓 參觀 者 能夠 從 實際 的 釀造 去 體驗 每 一 滴 酒 的 來之不易 對於 向來 將 XO 視為 牛飲 的 國人 而言 應該 要 有所 修正 否則 不僅 浪費 了 如此 珍貴 的 佳釀 似乎 也 難以 提升 國人 的 生活 品味 法國人 對 酒 的 尊重 以及 從 酒 的 品嘗 中 去 感受 生活 的 悠閒 和 自在 值得 國人 學習 把 喝 酒 也 當成 是 一 種 日常 生活 的 美,93,在(3284238) 整個(Unknown) 參觀(9034) 酒窖(191) 的(16029838) 過程(87889) 中(1011729) 人頭馬(21) 釀酒廠(122) 的(16029838) 巧思(767) 處處(6841) 令(128742) 人(1550512) 驚奇(5322) 讓(526314) 參觀(9034) 者(423504) 能夠(96422) 從(496546) 實際(52755) 的(16029838) 釀造(593) 去(479993) 體驗(15945) 每(333357) 一(3701681) 滴(6729) 酒(46479) 的(16029838) 來之不易(Unknown) 對於(99570) 向來(7370) 將(448374) XO(42) 視為(26535) 牛飲(21) 的(16029838) 國人(4275) 而言(Unknown) 應該(165478) 要(851264) 有所(14564) 修正(8173) 否則(26547) 不僅(43138) 浪費(11370) 了(3199291) 如此(133083) 珍貴(7380) 的(16029838) 佳釀(198) 似乎(85481) 也(1590760) 難以(30294) 提升(17122) 國人(4275) 的(16029838) 生活(213189) 品味(5677) 法國人(2454) 對(897964) 酒(46479) 的(16029838) 尊重(18394) 以及(155624) 從(496546) 酒(46479) 的(16029838) 品嘗(1105) 中(1011729) 去(479993) 感受(30399) 生活(213189) 的(16029838) 悠閒(2557) 和(1338337) 自在(13195) 值得(34362) 國人(4275) 學習(105345) 把(617773) 喝(57552) 酒(46479) 也(1590760) 當成(15280) 是(4642407) 一(3701681) 種(701563) 日常(20732) 生活(213189) 的(16029838) 美(53380),"{'High': 87, 'Low': 6}","{'第1*級': 10, 'Unknown': 23, '第3*級': 2, '第1級': 22, '第5級': 19, '第7級': 1, '第2級': 3, '第4*級': 4, '第6級': 3, '第4級': 3, '第3級': 3}",4,Y,Y,N,Y
把喝酒也當成是一種日常生活的美。,把 喝 酒 也 當成 是 一 種 日常 生活 的 美,12,把(617773) 喝(57552) 酒(46479) 也(1590760) 當成(15280) 是(4642407) 一(3701681) 種(701563) 日常(20732) 生活(213189) 的(16029838) 美(53380),{'High': 12},"{'第2級': 1, '第1級': 5, '第1*級': 2, '第4級': 1, 'Unknown': 1, '第4*級': 1, '第3級': 1}",0,Y,N,N,N
熱帶雨林原始風味濃厚，野生動植物最是吸引人。,熱帶 雨林 原始 風味 濃厚 野生 動植物 最 是 吸引人,10,熱帶(2617) 雨林(944) 原始(11993) 風味(3277) 濃厚(3668) 野生(2489) 動植物(921) 最(421680) 是(4642407) 吸引人(1589),{'High': 10},"{'第5級': 2, 'Unknown': 3, '第6級': 3, '第1*級': 1, '第1級': 1}",2,Y,N,N,N
馬來西亞的沙巴、砂勞越和馬來半島、婆羅洲之間的關連，如果不是相當熟悉地理的人，可能不會十分了解，不過這兩個被稱為「東馬」的地區，已經悄悄的在我國的旅遊業的市場上，成為一個熱門的賣點。,馬來西亞 的 沙巴 砂勞越 和 馬來半島 婆羅洲 之間 的 關連 如果 不 是 相當 熟悉 地理 的 人 可能 不會 十分 了解 不過 這 兩 個 被 稱為 東馬 的 地區 已經 悄悄 的 在 我國 的 旅遊業 的 市場 上 成為 一 個 熱門 的 賣點,47,馬來西亞(2504) 的(16029838) 沙巴(117) 砂勞越(24) 和(1338337) 馬來半島(245) 婆羅洲(207) 之間(117932) 的(16029838) 關連(3113) 如果(322121) 不(2282521) 是(4642407) 相當(66293) 熟悉(20265) 地理(7072) 的(16029838) 人(1550512) 可能(271025) 不會(173045) 十分(63196) 了解(82970) 不過(186226) 這(2114032) 兩(526190) 個(2296574) 被(540683) 稱為(34293) 東馬(3) 的(16029838) 地區(40339) 已經(245160) 悄悄(8693) 的(16029838) 在(3284238) 我國(7225) 的(16029838) 旅遊業(266) 的(16029838) 市場(65023) 上(1233218) 成為(143834) 一(3701681) 個(2296574) 熱門(2843) 的(16029838) 賣點(1045),"{'High': 45, 'Low': 2}","{'第5級': 3, '第1級': 18, 'Unknown': 10, '第4級': 4, '第6級': 1, '第2級': 5, '第3級': 1, '第4*級': 3, '第3*級': 1, '第1*級': 1}",5,Y,Y,N,Y
沙巴、砂勞越和「西馬」的馬來半島分隔遙遠，從馬來西亞首都吉隆坡飛往沙巴首府亞庇市，竟然和台北飛到亞庇的時間差不多，至於砂勞越首府古晉市與吉隆坡之間的距離，也有一個多小時的飛行時間。,沙巴 砂勞越 和 西馬 的 馬來半島 分隔 遙遠 從 馬來西亞 首都 吉隆坡 飛往 沙巴 首府 亞庇市 竟然 和 台北 飛到 亞庇 的 時間 差不多 至於 砂勞越 首府 古晉市 與 吉隆坡 之間 的 距離 也 有 一 個 多 小時 的 飛行 時間,42,沙巴(117) 砂勞越(24) 和(1338337) 西馬(2) 的(16029838) 馬來半島(245) 分隔(1010) 遙遠(7541) 從(496546) 馬來西亞(2504) 首都(12838) 吉隆坡(362) 飛往(1374) 沙巴(117) 首府(2031) 亞庇市(Unknown) 竟然(31233) 和(1338337) 台北(22242) 飛到(3806) 亞庇(28) 的(16029838) 時間(213595) 差不多(13663) 至於(39363) 砂勞越(24) 首府(2031) 古晉市(Unknown) 與(968432) 吉隆坡(362) 之間(117932) 的(16029838) 距離(27644) 也(1590760) 有(2217079) 一(3701681) 個(2296574) 多(318992) 小時(48521) 的(16029838) 飛行(7415) 時間(213595),"{'High': 36, 'Low': 6}","{'Unknown': 19, '第1級': 12, '第5級': 4, '第1*級': 1, '第4級': 3, '第4*級': 2, '第2級': 1}",9,Y,Y,N,Y
婆羅洲是世界第三大島嶼，目前仍保持著原始的風貌，沙巴、砂勞越就在這個大島的東北與北面。,婆羅洲 是 世界 第三 大 島嶼 目前 仍 保持 著 原始 的 風貌 沙巴 砂勞越 就 在 這 個 大 島 的 東北 與 北面,25,婆羅洲(207) 是(4642407) 世界(165235) 第三(50320) 大(525780) 島嶼(3972) 目前(48695) 仍(92056) 保持(39415) 著(1004687) 原始(11993) 的(16029838) 風貌(2141) 沙巴(117) 砂勞越(24) 就(1737544) 在(3284238) 這(2114032) 個(2296574) 大(525780) 島(19160) 的(16029838) 東北(6927) 與(968432) 北面(1154),"{'High': 24, 'Low': 1}","{'Unknown': 7, '第1級': 8, '第2級': 1, '第6級': 1, '第4級': 3, '第4*級': 2, '第5級': 1, '第7級': 1, '第1*級': 1}",2,Y,Y,N,Y
沙巴的面積約為台灣的兩倍大，砂勞越則比馬來半島上十一州的面積還大一些。,沙巴 的 面積 約為 台灣 的 兩 倍 大 砂勞越 則 比 馬來半島 上 十一 州 的 面積 還 大 一些,21,沙巴(117) 的(16029838) 面積(6281) 約為(1440) 台灣(130718) 的(16029838) 兩(526190) 倍(22818) 大(525780) 砂勞越(24) 則(254096) 比(170486) 馬來半島(245) 上(1233218) 十一(9141) 州(10227) 的(16029838) 面積(6281) 還(625086) 大(525780) 一些(156929),"{'High': 20, 'Low': 1}","{'Unknown': 6, '第1級': 8, '第5級': 4, '第3*級': 1, '第1*級': 2}",2,Y,N,N,Y
島嶼遍佈三面環海位於婆羅洲東北端的沙巴，除覆蓋有廣大的熱帶雨林外，還有巍峨聳立的哥打京那巴魯山及三面環海、遍佈島嶼的優美地形，孕育出非常豐富的觀光資源。,島嶼 遍佈 三 面 環海 位於 婆羅洲 東北 端的 沙巴 除 覆蓋 有 廣大 的 熱帶 雨林 外 還 有 巍峨 聳立 的 哥打京那巴魯山 及 三 面 環海 遍佈 島嶼 的 優美 地形 孕育出 非常 豐富 的 觀光 資源,39,島嶼(3972) 遍佈(832) 三(313861) 面(39563) 環海(114) 位於(19612) 婆羅洲(207) 東北(6927) 端的(Unknown) 沙巴(117) 除(15929) 覆蓋(4177) 有(2217079) 廣大(6565) 的(16029838) 熱帶(2617) 雨林(944) 外(109310) 還(625086) 有(2217079) 巍峨(561) 聳立(1205) 的(16029838) 哥打京那巴魯山(Unknown) 及(304586) 三(313861) 面(39563) 環海(114) 遍佈(832) 島嶼(3972) 的(16029838) 優美(4205) 地形(3468) 孕育出(464) 非常(152032) 豐富(24271) 的(16029838) 觀光(4478) 資源(27580),"{'High': 37, 'Low': 2}","{'第6級': 7, '第1級': 9, '第4*級': 2, 'Unknown': 10, '第3*級': 1, '第5級': 4, '第7級': 2, '第1*級': 1, '第4級': 3}",3,Y,Y,N,Y
景觀自然、風味原始再加上物價低廉，沙巴已經吸引住國人旅遊的興趣。,景觀 自然 風味 原始 再 加上 物價 低廉 沙巴 已經 吸引住 國人 旅遊 的 興趣,15,景觀(4987) 自然(91995) 風味(3277) 原始(11993) 再(326207) 加上(38121) 物價(3507) 低廉(1180) 沙巴(117) 已經(245160) 吸引住(667) 國人(4275) 旅遊(8465) 的(16029838) 興趣(34215),{'High': 15},"{'第6級': 3, '第3*級': 1, '第5級': 2, '第1*級': 1, '第3級': 2, 'Unknown': 3, '第2級': 1, '第4級': 1, '第1級': 1}",1,Y,N,N,Y
根據沙巴旅遊發展局的統計，台灣觀光客直接入境沙巴的人數，正以每年成長30%的速度增加，面對愈來愈多的遊客壓力，沙巴的觀光飯店、度假旅館正不斷的大興土木。,根據 沙巴 旅遊 發展局 的 統計 台灣 觀光客 直接 入境 沙巴 的 人數 正 以 每 年 成長 30 的 速度 增加 面對 愈來愈 多 的 遊客 壓力 沙巴 的 觀光 飯店 度假 旅館 正 不斷 的 大興土木,38,根據(51908) 沙巴(117) 旅遊(8465) 發展局(120) 的(16029838) 統計(9580) 台灣(130718) 觀光客(2140) 直接(54798) 入境(1163) 沙巴(117) 的(16029838) 人數(11834) 正(179334) 以(547785) 每(333357) 年(514736) 成長(42450) 30(11946) 的(16029838) 速度(26646) 增加(48296) 面對(62914) 愈來愈(19342) 多(318992) 的(16029838) 遊客(4899) 壓力(40408) 沙巴(117) 的(16029838) 觀光(4478) 飯店(9669) 度假(3488) 旅館(12498) 正(179334) 不斷(68526) 的(16029838) 大興土木(411),{'High': 38},"{'第4*級': 4, 'Unknown': 7, '第4級': 8, '第1級': 9, '第5級': 2, '第3級': 1, '第3*級': 3, '第1*級': 1, '第2*級': 2, '第7級': 1}",4,Y,N,N,Y
國內目前旅行業界推出的「東馬」遊程，主要的據點是亞庇及古晉，其實距離亞庇只有三十多分鐘飛行路程的山打根，還有更多樣化旅遊體驗，西必洛人猿保護中心、蘇高熱帶雨林區及每天幾乎都有海龜上岸生蛋海龜島嶼公園，都是不可錯過的好地方。,國內 目前 旅行 業界 推出 的 東馬 遊程 主要 的 據點 是 亞庇 及 古晉 其實 距離 亞庇 只有 三十多 分鐘 飛行 路程 的 山打根 還 有 更 多樣化 旅遊 體驗 西必洛 人猿 保護 中心 蘇高 熱帶 雨林區 及 每 天 幾乎 都 有 海龜 上岸 生 蛋 海龜 島嶼 公園 都 是 不可 錯過 的 好 地方,58,國內(17537) 目前(48695) 旅行(18643) 業界(2575) 推出(10009) 的(16029838) 東馬(3) 遊程(16) 主要(78757) 的(16029838) 據點(2750) 是(4642407) 亞庇(28) 及(304586) 古晉(16) 其實(109290) 距離(27644) 亞庇(28) 只有(43745) 三十多(2808) 分鐘(52479) 飛行(7415) 路程(2648) 的(16029838) 山打根(10) 還(625086) 有(2217079) 更(361676) 多樣化(1765) 旅遊(8465) 體驗(15945) 西必洛(Unknown) 人猿(318) 保護(32573) 中心(46076) 蘇高(1) 熱帶(2617) 雨林區(36) 及(304586) 每(333357) 天(330413) 幾乎(74298) 都(1125846) 有(2217079) 海龜(727) 上岸(2260) 生(61638) 蛋(9449) 海龜(727) 島嶼(3972) 公園(13910) 都(1125846) 是(4642407) 不可(50808) 錯過(4695) 的(16029838) 好(448428) 地方(139164),"{'High': 49, 'Low': 9}","{'第4級': 7, '第2級': 1, '第6級': 4, '第5級': 7, '第1級': 11, 'Unknown': 20, '第3*級': 2, '第1*級': 5, '第3級': 1}",5,Y,Y,N,N
山打根野生動物通道，山打根是沙巴最早開發的城市，由於地理位置的關係，所以有婆羅洲野生動物的通道之稱，在這裡最受世界矚目的西必洛人猿保護中心，距離山打根市區僅有二十五公里，這個占地廣達四十三平方公里的保護中心，專門訓練捕獲或棄養的小人猿，學習在森林中生活的技能。,山打根 野生 動物 通道 山打根 是 沙巴 最早 開發 的 城市 由於 地理 位置 的 關係 所以 有 婆羅洲 野生 動物 的 通道 之 稱 在 這裡 最 受 世界 矚目 的 西必洛 人猿 保護 中心 距離 山打根 市區 僅有 二十五 公里 這 個 占地 廣 達 四十三 平方公里 的 保護 中心 專門 訓練 捕獲 或 棄養 的 小 人猿 學習 在 森林 中 生活 的 技能,67,山打根(10) 野生(2489) 動物(36835) 通道(4751) 山打根(10) 是(4642407) 沙巴(117) 最早(9441) 開發(19196) 的(16029838) 城市(32018) 由於(88111) 地理(7072) 位置(32151) 的(16029838) 關係(162883) 所以(239080) 有(2217079) 婆羅洲(207) 野生(2489) 動物(36835) 的(16029838) 通道(4751) 之(875481) 稱(60191) 在(3284238) 這裡(100385) 最(421680) 受(109982) 世界(165235) 矚目(2050) 的(16029838) 西必洛(Unknown) 人猿(318) 保護(32573) 中心(46076) 距離(27644) 山打根(10) 市區(3749) 僅有(4494) 二十五(7894) 公里(16646) 這(2114032) 個(2296574) 占地(624) 廣(13002) 達(25383) 四十三(1068) 平方公里(1294) 的(16029838) 保護(32573) 中心(46076) 專門(13209) 訓練(39436) 捕獲(1137) 或(478077) 棄養(129) 的(16029838) 小(318835) 人猿(318) 學習(105345) 在(3284238) 森林(14387) 中(1011729) 生活(213189) 的(16029838) 技能(9071),"{'Low': 4, 'High': 63}","{'Unknown': 19, '第6級': 6, '第1級': 13, '第5級': 4, '第3級': 6, '第4*級': 4, '第1*級': 4, '第4級': 5, '第2級': 2, '第3*級': 3, '第7級': 1}",8,Y,Y,N,Y
西必洛人猿保護中心在一九六四年成立以來，先後訓練了三百多隻七歲以下的小人猿，讓牠們回歸到自然雨林中生活，而目前在西必洛接受訓練的小人猿約有九十隻，在每天兩次的定點餵食牛奶、香蕉時，小人猿毫不畏懼參觀的遊客，大搖大擺的穿過人群，從容不迫的爬上餵食台上。,西必洛 人猿 保護 中心 在 一九六四年 成立 以來 先後 訓練 了 三百多 隻 七 歲 以下 的 小 人猿 讓 牠們 回歸到 自然 雨林 中 生活 而 目前 在 西必洛 接受 訓練 的 小 人猿 約 有 九十 隻 在 每 天 兩 次 的 定點 餵食 牛奶 香蕉 時 小 人猿 毫不 畏懼 參觀 的 遊客 大搖大擺 的 穿過 人群 從容不迫 的 爬上 餵食 台 上,67,西必洛(Unknown) 人猿(318) 保護(32573) 中心(46076) 在(3284238) 一九六四年(1215) 成立(28506) 以來(26654) 先後(8709) 訓練(39436) 了(3199291) 三百多(1156) 隻(93136) 七(59385) 歲(130085) 以下(29388) 的(16029838) 小(318835) 人猿(318) 讓(526314) 牠們(28803) 回歸到(1038) 自然(91995) 雨林(944) 中(1011729) 生活(213189) 而(937923) 目前(48695) 在(3284238) 西必洛(Unknown) 接受(84729) 訓練(39436) 的(16029838) 小(318835) 人猿(318) 約(47731) 有(2217079) 九十(3337) 隻(93136) 在(3284238) 每(333357) 天(330413) 兩(526190) 次(331701) 的(16029838) 定點(824) 餵食(2126) 牛奶(6364) 香蕉(2728) 時(623734) 小(318835) 人猿(318) 毫不(14921) 畏懼(4001) 參觀(9034) 的(16029838) 遊客(4899) 大搖大擺(566) 的(16029838) 穿過(11952) 人群(8886) 從容不迫(698) 的(16029838) 爬上(5929) 餵食(2126) 台(29325) 上(1233218),"{'Low': 2, 'High': 65}","{'Unknown': 20, '第3*級': 6, '第3級': 2, '第1*級': 5, '第4*級': 2, '第5級': 2, '第4級': 4, '第2級': 5, '第1級': 15, '第7級': 3, '第2*級': 1, '第6級': 2}",7,Y,Y,N,N
保護中心設立三十多年來，定點餵食只有一次被小人猿「放鴿子」，因為在每年七、八月熱帶水果盛產的季節，吃膩了牛奶、香蕉的小人猿，也會選擇其他的食物，變化一下口味。,保護 中心 設立 三十多 年 來 定點 餵食 只有 一 次 被 小 人猿 放 鴿子 因為 在 每 年 七 八月 熱帶 水果 盛產 的 季節 吃膩 了 牛奶 香蕉 的 小 人猿 也 會 選擇 其他 的 食物 變化 一下 口味,43,保護(32573) 中心(46076) 設立(12114) 三十多(2808) 年(514736) 來(742183) 定點(824) 餵食(2126) 只有(43745) 一(3701681) 次(331701) 被(540683) 小(318835) 人猿(318) 放(83587) 鴿子(2614) 因為(425061) 在(3284238) 每(333357) 年(514736) 七(59385) 八月(15534) 熱帶(2617) 水果(8276) 盛產(816) 的(16029838) 季節(5885) 吃膩(112) 了(3199291) 牛奶(6364) 香蕉(2728) 的(16029838) 小(318835) 人猿(318) 也(1590760) 會(1014977) 選擇(75178) 其他(189445) 的(16029838) 食物(41958) 變化(42502) 一下(81077) 口味(4548),{'High': 43},"{'第3*級': 2, '第3級': 3, '第5級': 2, 'Unknown': 8, '第1級': 11, '第7級': 2, '第2級': 5, '第6級': 1, '第1*級': 6, '第2*級': 1, '第4級': 2}",1,Y,Y,N,N
放養人猿，具有靈性人猿是相當有靈性的動作，保護中心最早放養的一隻名叫辛波的人猿，每年都會從雨林中回到保護中心一次，好像是向相處多時的老朋友打個招呼。,放養 人猿 具有 靈性 人猿 是 相當 有 靈性 的 動作 保護 中心 最早 放養 的 一 隻 名叫 辛波 的 人猿 每 年 都 會 從 雨林 中 回到 保護 中心 一 次 好像 是 向 相處 多時 的 老朋友 打 個 招呼,44,放養(181) 人猿(318) 具有(60702) 靈性(4228) 人猿(318) 是(4642407) 相當(66293) 有(2217079) 靈性(4228) 的(16029838) 動作(43506) 保護(32573) 中心(46076) 最早(9441) 放養(181) 的(16029838) 一(3701681) 隻(93136) 名叫(10798) 辛波(Unknown) 的(16029838) 人猿(318) 每(333357) 年(514736) 都(1125846) 會(1014977) 從(496546) 雨林(944) 中(1011729) 回到(60084) 保護(32573) 中心(46076) 一(3701681) 次(331701) 好像(67024) 是(4642407) 向(231672) 相處(14573) 多時(716) 的(16029838) 老朋友(3753) 打(76962) 個(2296574) 招呼(5010),"{'High': 43, 'Low': 1}","{'Unknown': 11, '第6級': 3, '第1級': 13, '第3級': 3, '第4級': 1, '第3*級': 2, '第2級': 5, '第4*級': 2, '第1*級': 3, '第5級': 1}",1,Y,N,N,Y
另外一隻叫作拉賈的頑皮人猿，有一天曾把深入雨林探索的法國人扒光了衣服，所幸牠懂得尊重女性，並未騷擾那位法國人的妻子。,另外 一 隻 叫作 拉賈 的 頑皮 人猿 有 一 天 曾 把 深入 雨林 探索 的 法國人 扒光 了 衣服 所幸 牠 懂得 尊重 女性 並 未 騷擾 那 位 法國人 的 妻子,34,另外(48233) 一(3701681) 隻(93136) 叫作(2671) 拉賈(Unknown) 的(16029838) 頑皮(1281) 人猿(318) 有(2217079) 一(3701681) 天(330413) 曾(132981) 把(617773) 深入(18074) 雨林(944) 探索(15308) 的(16029838) 法國人(2454) 扒光(63) 了(3199291) 衣服(32821) 所幸(2029) 牠(72229) 懂得(20103) 尊重(18394) 女性(59364) 並(442790) 未(101927) 騷擾(2470) 那(754138) 位(284809) 法國人(2454) 的(16029838) 妻子(33898),"{'High': 32, 'Low': 2}","{'第3級': 1, '第1級': 9, '第2級': 2, 'Unknown': 8, '第6級': 4, '第4級': 4, '第5級': 3, '第1*級': 1, '第4*級': 2}",2,Y,Y,N,Y
還有一隻獨臂小人猿「吉米」，牠是在溜出保護中心時，爬到高壓電線玩耍時，被電傷了左手臂，由於受傷嚴重，保護中心的獸醫，被迫幫牠截肢。,還 有 一 隻 獨臂 小 人猿 吉米 牠 是 在 溜出 保護 中心 時 爬到 高壓 電線 玩耍 時 被 電傷 了 左 手臂 由於 受傷 嚴重 保護 中心 的 獸醫 被迫 幫 牠 截肢,36,還(625086) 有(2217079) 一(3701681) 隻(93136) 獨臂(115) 小(318835) 人猿(318) 吉米(2046) 牠(72229) 是(4642407) 在(3284238) 溜出(525) 保護(32573) 中心(46076) 時(623734) 爬到(3864) 高壓(1544) 電線(1890) 玩耍(3712) 時(623734) 被(540683) 電傷(Unknown) 了(3199291) 左(29440) 手臂(14099) 由於(88111) 受傷(12746) 嚴重(39284) 保護(32573) 中心(46076) 的(16029838) 獸醫(1088) 被迫(8701) 幫(58356) 牠(72229) 截肢(237),"{'High': 35, 'Low': 1}","{'Unknown': 11, '第1級': 5, '第2級': 3, '第4級': 3, '第1*級': 2, '第3*級': 5, '第3級': 2, '第7級': 1, '第5級': 3, '第4*級': 1}",0,Y,Y,N,Y
西必洛的熱帶雨林中，還保護著數頭瀕臨絕種的蘇門答臘犀牛和為數不多的亞洲象，不過想要一睹牠們的面貌，則需要工作人員的帶領，而且要深入不毛之地才行。,西必洛 的 熱帶 雨林 中 還 保護 著 數 頭 瀕臨 絕種 的 蘇門答臘 犀牛 和 為數 不 多 的 亞洲 象 不過 想要 一睹 牠們 的 面貌 則 需要 工作 人員 的 帶領 而且 要 深入 不毛之地 才 行,40,西必洛(Unknown) 的(16029838) 熱帶(2617) 雨林(944) 中(1011729) 還(625086) 保護(32573) 著(1004687) 數(38654) 頭(112925) 瀕臨(2028) 絕種(608) 的(16029838) 蘇門答臘(201) 犀牛(518) 和(1338337) 為數(2277) 不(2282521) 多(318992) 的(16029838) 亞洲(13256) 象(6982) 不過(186226) 想要(63278) 一睹(275) 牠們(28803) 的(16029838) 面貌(5835) 則(254096) 需要(166793) 工作(220164) 人員(49261) 的(16029838) 帶領(10447) 而且(180402) 要(851264) 深入(18074) 不毛之地(241) 才(394539) 行(63474),"{'Low': 1, 'High': 39}","{'Unknown': 14, '第1級': 9, '第5級': 7, '第3*級': 3, '第1*級': 1, '第6級': 2, '第2級': 3, '第3級': 1}",3,Y,Y,N,N
長鼻猴非常稀有，長鼻猴是婆羅羅洲特有的動物，在距離山打根約兩個小時車程的蘇高熱帶雨林區，靠近京那巴丹岸河下游一帶支流上的紅樹林中，可以坐在小舟上，用望遠鏡清楚欣賞到這種有下垂巨鼻、水桶腰、粗白尾巴、長有蹼足的稀有動物。,長鼻猴 非常 稀有 長鼻猴 是 婆羅羅洲 特有 的 動物 在 距離 山打根 約 兩 個 小時 車程 的 蘇高 熱帶 雨林區 靠近 京那巴丹岸河 下游 一帶 支流 上 的 紅樹林 中 可以 坐 在 小 舟 上 用 望遠鏡 清楚 欣賞到 這 種 有 下垂 巨鼻 水桶 腰 粗白 尾巴 長有 蹼足 的 稀有 動物,54,長鼻猴(Unknown) 非常(152032) 稀有(1563) 長鼻猴(Unknown) 是(4642407) 婆羅羅洲(Unknown) 特有(4925) 的(16029838) 動物(36835) 在(3284238) 距離(27644) 山打根(10) 約(47731) 兩(526190) 個(2296574) 小時(48521) 車程(1019) 的(16029838) 蘇高(1) 熱帶(2617) 雨林區(36) 靠近(12300) 京那巴丹岸河(Unknown) 下游(2287) 一帶(12544) 支流(928) 上(1233218) 的(16029838) 紅樹林(334) 中(1011729) 可以(560531) 坐(93873) 在(3284238) 小(318835) 舟(4365) 上(1233218) 用(377038) 望遠鏡(2843) 清楚(76185) 欣賞到(330) 這(2114032) 種(701563) 有(2217079) 下垂(1368) 巨鼻(Unknown) 水桶(1505) 腰(12859) 粗白(Unknown) 尾巴(6147) 長有(186) 蹼足(2) 的(16029838) 稀有(1563) 動物(36835),"{'Low': 10, 'High': 44}","{'Unknown': 19, '第1*級': 3, '第6級': 6, '第1級': 16, '第5級': 3, '第4級': 2, '第3*級': 1, '第4*級': 2, '第7級': 1, '第2級': 1}",9,Y,N,N,N
蘇高熱帶雨林區內的長鼻猴出沒的地方，樹枝上的雄長鼻猴「巨鼻」的特徵明顯。,蘇高 熱帶 雨林區 內 的 長鼻猴 出沒 的 地方 樹枝 上 的 雄 長鼻猴 巨鼻 的 特徵 明顯,18,蘇高(1) 熱帶(2617) 雨林區(36) 內(183051) 的(16029838) 長鼻猴(Unknown) 出沒(1560) 的(16029838) 地方(139164) 樹枝(5861) 上(1233218) 的(16029838) 雄(5376) 長鼻猴(Unknown) 巨鼻(Unknown) 的(16029838) 特徵(15753) 明顯(35623),"{'Low': 5, 'High': 13}","{'Unknown': 5, '第5級': 5, '第3級': 1, '第1級': 5, '第7級': 1, '第1*級': 1}",3,Y,N,N,N
沙巴旅遊局提供長鼻猴是一夫多妻制，擅長游泳，喜歡黃昏時在雨林中活動，牠們經常玩垂直墜落的遊戲，特別是在求偶的季節，雄猴從林稍直接墜入河中，以吸引雌猴的注意。,沙巴 旅遊局 提供 長鼻猴 是 一夫多妻 制 擅長 游泳 喜歡 黃昏 時 在 雨林 中 活動 牠們 經常 玩 垂直 墜落 的 遊戲 特別 是 在 求偶 的 季節 雄猴 從 林稍 直接 墜入 河 中 以 吸引 雌猴 的 注意,41,沙巴(117) 旅遊局(96) 提供(73097) 長鼻猴(Unknown) 是(4642407) 一夫多妻(108) 制(6066) 擅長(7376) 游泳(5207) 喜歡(113753) 黃昏(4447) 時(623734) 在(3284238) 雨林(944) 中(1011729) 活動(85743) 牠們(28803) 經常(49295) 玩(38177) 垂直(3887) 墜落(1934) 的(16029838) 遊戲(31463) 特別(91212) 是(4642407) 在(3284238) 求偶(475) 的(16029838) 季節(5885) 雄猴(Unknown) 從(496546) 林稍(Unknown) 直接(54798) 墜入(1436) 河(25697) 中(1011729) 以(547785) 吸引(20619) 雌猴(Unknown) 的(16029838) 注意(49591),"{'High': 36, 'Low': 5}","{'Unknown': 14, '第4*級': 1, '第1級': 6, '第6級': 2, '第2*級': 2, '第5級': 2, '第3*級': 2, '第1*級': 4, '第2級': 3, '第7級': 1, '第3級': 3, '第4級': 1}",3,Y,Y,N,Y
京那巴丹岸河下游是婆羅洲野生動作最集中的地方，除了長鼻猴外還有許多珍禽異獸，像是長尾猴、豚尾猴、懶猴、齡猴、鼷鹿、麝貓、水瀨、巨蜥，以及許多不同種類的老鷹、犀鳥、貓頭鷹、蜂鳥、鶯雀等等。,京那巴丹岸河 下游 是 婆羅洲 野生 動作 最 集中 的 地方 除了 長鼻猴 外 還 有 許多 珍禽異獸 像是 長尾猴 豚尾猴 懶猴 齡猴 鼷鹿 麝貓 水瀨 巨蜥 以及 許多 不同 種類 的 老鷹 犀鳥 貓頭鷹 蜂鳥 鶯雀 等等,37,京那巴丹岸河(Unknown) 下游(2287) 是(4642407) 婆羅洲(207) 野生(2489) 動作(43506) 最(421680) 集中(18277) 的(16029838) 地方(139164) 除了(75964) 長鼻猴(Unknown) 外(109310) 還(625086) 有(2217079) 許多(159791) 珍禽異獸(96) 像是(49912) 長尾猴(63) 豚尾猴(2) 懶猴(Unknown) 齡猴(Unknown) 鼷鹿(Unknown) 麝貓(5) 水瀨(8) 巨蜥(12) 以及(155624) 許多(159791) 不同(159432) 種類(8370) 的(16029838) 老鷹(2507) 犀鳥(50) 貓頭鷹(1440) 蜂鳥(4) 鶯雀(1) 等等(38274),"{'Low': 14, 'High': 23}","{'Unknown': 17, '第6級': 2, '第1級': 5, '第4級': 2, '第1*級': 2, '第4*級': 1, '第3*級': 4, '第5級': 2, '第3級': 1, '第7級': 1}",7,Y,Y,N,N
如果由山打根當日往返蘇高熱帶雨林區，不僅累人而且看不到什麼東西，如果能在雨林中的度假小屋住上一晚，清晨或夜晚在導遊的帶領下，將可以看到一些早起的或夜行性的飛禽走獸，同時也可順道到附近出產燕窩的古曼東洞一遊。,如果 由 山打根 當日 往返 蘇高 熱帶 雨林區 不僅 累人 而且 看 不 到 什麼 東西 如果 能 在 雨林 中 的 度假 小屋 住上 一 晚 清晨 或 夜晚 在 導遊 的 帶領 下 將 可以 看到 一些 早起 的 或 夜行性 的 飛禽走獸 同時 也 可 順道 到 附近 出產 燕窩 的 古曼東洞 一 遊,57,如果(322121) 由(208604) 山打根(10) 當日(2381) 往返(2054) 蘇高(1) 熱帶(2617) 雨林區(36) 不僅(43138) 累人(612) 而且(180402) 看(444691) 不(2282521) 到(546906) 什麼(431321) 東西(139472) 如果(322121) 能(582260) 在(3284238) 雨林(944) 中(1011729) 的(16029838) 度假(3488) 小屋(5617) 住上(81) 一(3701681) 晚(24931) 清晨(6122) 或(478077) 夜晚(9758) 在(3284238) 導遊(1089) 的(16029838) 帶領(10447) 下(329549) 將(448374) 可以(560531) 看到(159419) 一些(156929) 早起(1289) 的(16029838) 或(478077) 夜行性(169) 的(16029838) 飛禽走獸(291) 同時(115305) 也(1590760) 可(307359) 順道(1142) 到(546906) 附近(32204) 出產(1059) 燕窩(431) 的(16029838) 古曼東洞(Unknown) 一(3701681) 遊(6316),"{'High': 52, 'Low': 5}","{'第2級': 2, '第4*級': 4, 'Unknown': 16, '第5級': 6, '第6級': 1, '第3級': 3, '第1級': 14, '第1*級': 8, '第3*級': 2, '第7級': 1}",5,Y,Y,N,N
西靈島保育海龜，海龜島嶼公園在山打根北方四十公里的蘇祿海上，馬來西亞政府在一九七七年正式派駐工作人員管理，不過一九六六年在公園內的西靈島上，就建立了一座海龜孵化場，保護綠蠵龜和玳瑁上岸產下的卵，免於受到人類及其他天然的侵害。,西靈島 保育 海龜 海龜 島嶼 公園 在 山打根 北方 四十 公里 的 蘇祿海 上 馬來西亞 政府 在 一九七七年 正式 派駐 工作 人員 管理 不過 一九六六年 在 公園 內 的 西靈島 上 就 建立 了 一 座 海龜 孵化場 保護 綠蠵龜 和 玳瑁 上岸 產下 的 卵 免於 受到 人類 及 其他 天然 的 侵害,54,西靈島(Unknown) 保育(1820) 海龜(727) 海龜(727) 島嶼(3972) 公園(13910) 在(3284238) 山打根(10) 北方(9626) 四十(15256) 公里(16646) 的(16029838) 蘇祿海(5) 上(1233218) 馬來西亞(2504) 政府(92663) 在(3284238) 一九七七年(1285) 正式(23229) 派駐(826) 工作(220164) 人員(49261) 管理(54484) 不過(186226) 一九六六年(1145) 在(3284238) 公園(13910) 內(183051) 的(16029838) 西靈島(Unknown) 上(1233218) 就(1737544) 建立(52946) 了(3199291) 一(3701681) 座(49959) 海龜(727) 孵化場(1) 保護(32573) 綠蠵龜(40) 和(1338337) 玳瑁(133) 上岸(2260) 產下(810) 的(16029838) 卵(5023) 免於(3101) 受到(66513) 人類(78855) 及(304586) 其他(189445) 天然(6103) 的(16029838) 侵害(1865),"{'Low': 6, 'High': 48}","{'Unknown': 18, '第7級': 2, '第6級': 4, '第1*級': 5, '第4級': 3, '第1級': 9, '第5級': 5, '第3*級': 3, '第4*級': 2, '第2級': 2, '第3級': 1}",9,Y,Y,N,N
海龜島嶼公園附近共有八個小島，這些小島是東南亞重要的海龜繁殖場，綠蠵龜和玳瑁幾乎每天都會爬到島上產卵，生產的旺季則是每年的七月到十月間。,海龜 島嶼 公園 附近 共有 八 個 小島 這些 小島 是 東南亞 重要 的 海龜 繁殖場 綠蠵龜 和 玳瑁 幾乎 每 天都 會 爬到 島 上 產卵 生產 的 旺季 則 是 每 年 的 七月 到 十月 間,39,海龜(727) 島嶼(3972) 公園(13910) 附近(32204) 共有(692) 八(54961) 個(2296574) 小島(379) 這些(315113) 小島(379) 是(4642407) 東南亞(3600) 重要(154863) 的(16029838) 海龜(727) 繁殖場(42) 綠蠵龜(40) 和(1338337) 玳瑁(133) 幾乎(74298) 每(333357) 天都(28) 會(1014977) 爬到(3864) 島(19160) 上(1233218) 產卵(1337) 生產(36079) 的(16029838) 旺季(442) 則(254096) 是(4642407) 每(333357) 年(514736) 的(16029838) 七月(15511) 到(546906) 十月(15556) 間(115638),"{'High': 36, 'Low': 3}","{'Unknown': 18, '第6級': 1, '第1*級': 5, '第1級': 10, '第2級': 1, '第4級': 2, '第4*級': 1, '第5級': 1}",3,Y,Y,N,N
海龜島嶼公園內只有西靈島建了三間度假屋，最多可容納二十人，所以一定要事前預定房間才可。,海龜 島嶼 公園 內 只有 西靈島 建 了 三 間 度假屋 最多 可 容納 二十 人 所以 一定 要 事前 預定 房間 才 可,24,海龜(727) 島嶼(3972) 公園(13910) 內(183051) 只有(43745) 西靈島(Unknown) 建(13839) 了(3199291) 三(313861) 間(115638) 度假屋(38) 最多(11485) 可(307359) 容納(2699) 二十(32739) 人(1550512) 所以(239080) 一定(138695) 要(851264) 事前(Unknown) 預定(3218) 房間(44038) 才(394539) 可(307359),"{'High': 21, 'Low': 3}","{'Unknown': 10, '第6級': 2, '第1*級': 4, '第3級': 1, '第1級': 3, '第4*級': 2, '第5級': 1, '第2級': 1}",2,Y,Y,N,N
哥打京那巴魯山高四一一公尺，又稱為中國寡婦山或俗稱為神山，國內的旅行團通常會在神山公園內海拔約一千公尺處住宿一晚，或前往附近的波令溫泉，機會好的話還可以看到世界上最大的、直徑約有四十五公分的萊佛士亞花。,哥打京那巴魯山 高 四一一 公尺 又 稱為 中國 寡婦山 或 俗稱為 神山 國內 的 旅行團 通常 會 在 神山 公園 內 海拔 約 一千 公尺 處 住宿 一 晚 或 前往 附近 的 波令 溫泉 機會 好 的 話 還可以 看到 世界 上 最 大 的 直徑 約 有 四十五 公分 的 萊佛士亞花,52,哥打京那巴魯山(Unknown) 高(128858) 四一一(13) 公尺(19233) 又(535555) 稱為(34293) 中國(214840) 寡婦山(Unknown) 或(478077) 俗稱為(156) 神山(131) 國內(17537) 的(16029838) 旅行團(364) 通常(56445) 會(1014977) 在(3284238) 神山(131) 公園(13910) 內(183051) 海拔(2509) 約(47731) 一千(8320) 公尺(19233) 處(84410) 住宿(2271) 一(3701681) 晚(24931) 或(478077) 前往(27321) 附近(32204) 的(16029838) 波令(Unknown) 溫泉(2435) 機會(81244) 好(448428) 的(16029838) 話(148020) 還可以(9751) 看到(159419) 世界(165235) 上(1233218) 最(421680) 大(525780) 的(16029838) 直徑(2803) 約(47731) 有(2217079) 四十五(2971) 公分(9876) 的(16029838) 萊佛士亞花(Unknown),"{'Low': 5, 'High': 47}","{'Unknown': 14, '第1級': 12, '第4級': 5, '第1*級': 8, '第4*級': 1, '第3級': 4, '第6級': 2, '第3*級': 2, '第5級': 2, '第2級': 2}",8,Y,Y,N,Y
神山植物生態完整，神山的植物生態保存完整，有低海拔的熱帶雨林、中海拔的闊葉林、還有高海拔的針葉林，每年到神山旅遊的人數相當多，馬來西亞航空公司和沙巴旅遊局，每年九月還舉辦一項攀登神山的比賽，最快攀登的速度是兩個多小時。,神山 植物 生態 完整 神山 的 植物 生態 保存 完整 有 低 海拔 的 熱帶 雨林 中 海拔 的 闊葉林 還 有 高 海拔 的 針葉林 每 年 到 神山 旅遊 的 人數 相當 多 馬來西亞 航空 公司 和 沙巴 旅遊局 每 年 九月 還 舉辦 一 項 攀登 神山 的 比賽 最 快 攀登 的 速度 是 兩 個 多 小時,62,神山(131) 植物(19121) 生態(9124) 完整(19201) 神山(131) 的(16029838) 植物(19121) 生態(9124) 保存(10152) 完整(19201) 有(2217079) 低(32663) 海拔(2509) 的(16029838) 熱帶(2617) 雨林(944) 中(1011729) 海拔(2509) 的(16029838) 闊葉林(556) 還(625086) 有(2217079) 高(128858) 海拔(2509) 的(16029838) 針葉林(185) 每(333357) 年(514736) 到(546906) 神山(131) 旅遊(8465) 的(16029838) 人數(11834) 相當(66293) 多(318992) 馬來西亞(2504) 航空(4707) 公司(168500) 和(1338337) 沙巴(117) 旅遊局(96) 每(333357) 年(514736) 九月(15070) 還(625086) 舉辦(12070) 一(3701681) 項(88887) 攀登(1737) 神山(131) 的(16029838) 比賽(20220) 最(421680) 快(116207) 攀登(1737) 的(16029838) 速度(26646) 是(4642407) 兩(526190) 個(2296574) 多(318992) 小時(48521),"{'High': 61, 'Low': 1}","{'Unknown': 16, '第5級': 7, '第4*級': 2, '第1級': 20, '第1*級': 5, '第6級': 3, '第4級': 3, '第3級': 1, '第2級': 2, '第7級': 2, '第3*級': 1}",4,Y,Y,N,Y
神山高聳險峻，不爬到山頂是難以體會的，不過從亞庇搭飛機前往山打根，天氣好的時侯，也可以從機上一窺神山矗立雲霄的氣象。,神山 高聳 險峻 不 爬到 山頂 是 難以 體會 的 不過 從 亞庇 搭 飛機 前往 山打根 天氣 好 的 時侯 也 可以 從 機 上 一 窺 神山 矗立 雲霄 的 氣象,33,神山(131) 高聳(2001) 險峻(719) 不(2282521) 爬到(3864) 山頂(4697) 是(4642407) 難以(30294) 體會(9519) 的(16029838) 不過(186226) 從(496546) 亞庇(28) 搭(16185) 飛機(18598) 前往(27321) 山打根(10) 天氣(11782) 好(448428) 的(16029838) 時侯(160) 也(1590760) 可以(560531) 從(496546) 機(4726) 上(1233218) 一(3701681) 窺(1764) 神山(131) 矗立(1472) 雲霄(443) 的(16029838) 氣象(2249),"{'High': 31, 'Low': 2}","{'Unknown': 10, '第6級': 1, '第7級': 3, '第1級': 9, '第5級': 3, '第2級': 1, '第1*級': 4, '第3級': 1, '第4*級': 1}",1,Y,Y,N,N
東姑阿都拉曼公園馬奴干島的沙灘潔淨，遠處木橋是餵魚的好地方。,東姑阿都拉曼 公園 馬奴干島 的 沙灘 潔淨 遠處 木橋 是 餵 魚 的 好 地方,14,東姑阿都拉曼(Unknown) 公園(13910) 馬奴干島(Unknown) 的(16029838) 沙灘(3161) 潔淨(1351) 遠處(5818) 木橋(273) 是(4642407) 餵(7079) 魚(34923) 的(16029838) 好(448428) 地方(139164),"{'Low': 2, 'High': 12}","{'Unknown': 6, '第1*級': 3, '第1級': 3, '第4*級': 2}",2,Y,N,N,Y
東姑阿都拉曼公園的五個小島，從亞庇市可以很清楚的望見，搭船也僅需二十分鐘左右的時間，一般到沙巴旅遊的人絕不會錯過這個海水清澈、魚兒成群的度假勝地。,東姑阿都拉曼 公園 的 五 個 小島 從 亞庇市 可以 很 清楚 的 望見 搭船 也 僅 需 二十 分鐘 左右 的 時間 一般 到 沙巴 旅遊 的 人 絕不 會 錯過 這 個 海水 清澈 魚兒 成群 的 度假 勝地,40,東姑阿都拉曼(Unknown) 公園(13910) 的(16029838) 五(112649) 個(2296574) 小島(379) 從(496546) 亞庇市(Unknown) 可以(560531) 很(715675) 清楚(76185) 的(16029838) 望見(1409) 搭船(804) 也(1590760) 僅(30739) 需(27999) 二十(32739) 分鐘(52479) 左右(33714) 的(16029838) 時間(213595) 一般(80732) 到(546906) 沙巴(117) 旅遊(8465) 的(16029838) 人(1550512) 絕不(21445) 會(1014977) 錯過(4695) 這(2114032) 個(2296574) 海水(4373) 清澈(2073) 魚兒(1020) 成群(1805) 的(16029838) 度假(3488) 勝地(934),"{'Low': 2, 'High': 38}","{'Unknown': 10, '第1*級': 4, '第1級': 15, '第2級': 2, '第5級': 2, '第3*級': 2, '第4級': 1, '第6級': 2, '第4*級': 1, '第7級': 1}",2,Y,N,N,Y
沙比島、馬奴干島是遊客常到的地方，也是潛水或浮潛的好地方，在受到保護的珊瑚礁海域裡，可以看到五顏六色的海洋生物，如果不會玩水也沒有關係，站在馬奴干島碼頭延伸的木橋上，拋下小塊的吐司麵包，也可以看到石斑、鸚哥、雀鯛等各式各類魚兒爭相搶食。,沙比島 馬奴干島 是 遊客 常 到 的 地方 也 是 潛水 或 浮潛 的 好 地方 在 受到 保護 的 珊瑚礁 海域 裡 可以 看到 五顏六色 的 海洋 生物 如果 不會 玩水 也 沒有 關係 站 在 馬奴干島 碼頭 延伸 的 木橋 上 拋下 小 塊 的 吐司 麵包 也 可以 看到 石斑 鸚哥 雀鯛 等 各 式 各 類 魚兒 爭相 搶食,63,沙比島(Unknown) 馬奴干島(Unknown) 是(4642407) 遊客(4899) 常(86207) 到(546906) 的(16029838) 地方(139164) 也(1590760) 是(4642407) 潛水(1134) 或(478077) 浮潛(108) 的(16029838) 好(448428) 地方(139164) 在(3284238) 受到(66513) 保護(32573) 的(16029838) 珊瑚礁(608) 海域(1974) 裡(520435) 可以(560531) 看到(159419) 五顏六色(702) 的(16029838) 海洋(8653) 生物(18302) 如果(322121) 不會(173045) 玩水(258) 也(1590760) 沒有(594280) 關係(162883) 站(68488) 在(3284238) 馬奴干島(Unknown) 碼頭(4901) 延伸(6444) 的(16029838) 木橋(273) 上(1233218) 拋下(1365) 小(318835) 塊(54148) 的(16029838) 吐司(795) 麵包(9888) 也(1590760) 可以(560531) 看到(159419) 石斑(58) 鸚哥(94) 雀鯛(39) 等(327380) 各(243023) 式(6856) 各(243023) 類(58191) 魚兒(1020) 爭相(1773) 搶食(189),"{'Low': 6, 'High': 57}","{'Unknown': 19, '第1級': 18, '第1*級': 10, '第6級': 4, '第3級': 2, '第4級': 2, '第3*級': 3, '第7級': 1, '第5級': 1, '第2級': 3}",5,Y,Y,N,N
談到潛水，沙巴東南端海域的史巴丹島，被稱為世界潛水的五大好去處之一，而位於亞庇西北方外海上的拉央拉央島(燕子島)，更是賞鳥者的天堂，不過，這兩處地方交通比較不方便。,談到 潛水 沙巴 東南端 海域 的 史巴丹島 被 稱為 世界 潛水 的 五 大 好 去處 之 一 而 位於 亞庇 西北方 外海 上 的 拉央拉央島 燕子島 更 是 賞 鳥 者 的 天堂 不過 這 兩 處 地方 交通 比較 不 方便,43,談到(13817) 潛水(1134) 沙巴(117) 東南端(19) 海域(1974) 的(16029838) 史巴丹島(Unknown) 被(540683) 稱為(34293) 世界(165235) 潛水(1134) 的(16029838) 五(112649) 大(525780) 好(448428) 去處(972) 之(875481) 一(3701681) 而(937923) 位於(19612) 亞庇(28) 西北方(420) 外海(925) 上(1233218) 的(16029838) 拉央拉央島(Unknown) 燕子島(Unknown) 更(361676) 是(4642407) 賞(8511) 鳥(18798) 者(423504) 的(16029838) 天堂(6443) 不過(186226) 這(2114032) 兩(526190) 處(84410) 地方(139164) 交通(11639) 比較(112212) 不(2282521) 方便(14172),"{'High': 38, 'Low': 5}","{'Unknown': 14, '第6級': 3, '第7級': 1, '第1級': 12, '第2級': 5, '第4*級': 1, '第5級': 4, '第1*級': 2, '第3級': 1}",5,Y,Y,N,Y
這兩處地方交通比較不方便。,這 兩 處 地方 交通 比較 不 方便,8,這(2114032) 兩(526190) 處(84410) 地方(139164) 交通(11639) 比較(112212) 不(2282521) 方便(14172),{'High': 8},"{'第1級': 3, 'Unknown': 1, '第1*級': 2, '第3級': 1, '第2級': 1}",0,Y,N,N,N
相較於阿格拉的素淨典雅，皆浦(Jaipur)則是一個彩色的城市，一百多年前皆浦為了歡迎英女王夫婿到訪而將全城漆成粉紅色，時至今日顏色雖有些褪去，但在皆浦城內閒逛仍是個有趣的經驗，四周是粉紅色的建築，觸目盡是各式小販及商店販售五彩繽紛的衣、鞋及各式香料，視覺、嗅覺都是一種豐收。,相較 於 阿格拉 的 素淨 典雅 皆浦 Jaipur 則 是 一 個 彩色 的 城市 一百多 年 前 皆浦 為了 歡迎 英 女王 夫婿 到訪 而 將 全 城 漆成 粉紅色 時至今日 顏色 雖 有些 褪去 但 在 皆浦 城 內 閒逛 仍 是 個 有趣 的 經驗 四周 是 粉紅色 的 建築 觸目 盡 是 各 式 小販 及 商店 販售 五彩繽紛 的 衣 鞋 及 各 式 香料 視覺 嗅覺 都 是 一 種 豐收,77,相較(5934) 於(327210) 阿格拉(42) 的(16029838) 素淨(128) 典雅(1080) 皆浦(Unknown) Jaipur(4) 則(254096) 是(4642407) 一(3701681) 個(2296574) 彩色(5038) 的(16029838) 城市(32018) 一百多(3148) 年(514736) 前(272709) 皆浦(Unknown) 為了(Unknown) 歡迎(19513) 英(12886) 女王(3971) 夫婿(677) 到訪(400) 而(937923) 將(448374) 全(178642) 城(42831) 漆成(515) 粉紅色(2612) 時至今日(630) 顏色(19941) 雖(48164) 有些(6971) 褪去(643) 但(597124) 在(3284238) 皆浦(Unknown) 城(42831) 內(183051) 閒逛(1022) 仍(92056) 是(4642407) 個(2296574) 有趣(26804) 的(16029838) 經驗(86997) 四周(14209) 是(4642407) 粉紅色(2612) 的(16029838) 建築(31065) 觸目(255) 盡(22391) 是(4642407) 各(243023) 式(6856) 小販(2529) 及(304586) 商店(8802) 販售(2175) 五彩繽紛(479) 的(16029838) 衣(3967) 鞋(5886) 及(304586) 各(243023) 式(6856) 香料(2257) 視覺(16700) 嗅覺(2563) 都(1125846) 是(4642407) 一(3701681) 種(701563) 豐收(1496),"{'High': 71, 'Low': 6}","{'第6級': 4, '第5級': 10, 'Unknown': 23, '第1級': 17, '第3級': 5, '第2級': 8, '第7級': 2, '第1*級': 3, '第4級': 1, '第4*級': 3, '第2*級': 1}",7,Y,Y,N,N
「風之宮」豎立在皆浦大街房，原有九百五十三個窗戶，是昔日皇后及宮中女子藉以觀看市街的所在，現在雖因年代久遠窗戶數不及以往，且正在整修，但細細觀望，仍可發現雕工之精細，也可藉此想像皆浦以往的盛世景象。,風之宮 豎立 在 皆浦 大街 房 原有 九百五十三 個 窗戶 是 昔日 皇后 及 宮 中 女子 藉以 觀看 市街 的 所在 現在 雖 因 年代 久遠 窗戶數 不及 以往 且 正在 整修 但 細細 觀望 仍 可 發現 雕工 之 精細 也 可 藉 此 想像 皆浦 以往 的 盛世 景象,52,風之宮(Unknown) 豎立(1373) 在(3284238) 皆浦(Unknown) 大街(4282) 房(17530) 原有(6223) 九百五十三(2) 個(2296574) 窗戶(10693) 是(4642407) 昔日(4668) 皇后(20936) 及(304586) 宮(16012) 中(1011729) 女子(23797) 藉以(2797) 觀看(10113) 市街(770) 的(16029838) 所在(13079) 現在(218744) 雖(48164) 因(119364) 年代(15510) 久遠(1873) 窗戶數(1) 不及(5271) 以往(9935) 且(67015) 正在(54336) 整修(1502) 但(597124) 細細(3640) 觀望(1858) 仍(92056) 可(307359) 發現(175233) 雕工(127) 之(875481) 精細(2269) 也(1590760) 可(307359) 藉(14277) 此(288458) 想像(45673) 皆浦(Unknown) 以往(9935) 的(16029838) 盛世(1631) 景象(9474),"{'Low': 5, 'High': 47}","{'Unknown': 14, '第7級': 2, '第1*級': 1, '第3*級': 1, '第6級': 9, '第1級': 6, '第2*級': 1, '第5級': 8, '第4*級': 4, '第2級': 3, '第3級': 1, '第4級': 2}",3,Y,Y,N,N
「風之宮」近看色彩艷麗，雕工細膩。,風之宮 近 看 色彩 艷麗 雕工 細膩,7,風之宮(Unknown) 近(43555) 看(444691) 色彩(16026) 艷麗(382) 雕工(127) 細膩(3268),"{'Low': 1, 'High': 6}","{'Unknown': 4, '第2級': 1, '第4*級': 1, '第6級': 1}",1,Y,N,N,N
BR楊欽富攝影安珀堡(AmberFort)也稱為琥珀堡，是皆浦的觀光重地，曾為印度皇宮達六年之久，城堡依山勢建立，為了招徠觀光客，安排免費騎大象登堡，每人只需付十盧比小費即可，騎象緩步上堡時俯視城下，更可見該堡的壯觀。,BR 楊欽富 攝影 安珀堡 AmberFort 也 稱為 琥珀堡 是 皆浦 的 觀光 重地 曾 為 印度 皇宮 達 六 年 之 久 城堡 依 山勢 建立 為了 招徠 觀光客 安排 免費 騎 大象 登 堡 每 人 只 需 付 十 盧比 小費 即可 騎 象 緩步 上 堡 時 俯視 城 下 更 可 見 該 堡 的 壯觀,60,BR(67) 楊欽富(Unknown) 攝影(12899) 安珀堡(Unknown) AmberFort(Unknown) 也(1590760) 稱為(34293) 琥珀堡(1) 是(4642407) 皆浦(Unknown) 的(16029838) 觀光(4478) 重地(307) 曾(132981) 為(761341) 印度(16278) 皇宮(5649) 達(25383) 六(77936) 年(514736) 之(875481) 久(68086) 城堡(5507) 依(37519) 山勢(504) 建立(52946) 為了(Unknown) 招徠(541) 觀光客(2140) 安排(30105) 免費(6101) 騎(20953) 大象(3621) 登(6176) 堡(337) 每(333357) 人(1550512) 只(436725) 需(27999) 付(9964) 十(77415) 盧比(186) 小費(1078) 即可(7563) 騎(20953) 象(6982) 緩步(603) 上(1233218) 堡(337) 時(623734) 俯視(1082) 城(42831) 下(329549) 更(361676) 可(307359) 見(179113) 該(148369) 堡(337) 的(16029838) 壯觀(2401),"{'Low': 7, 'High': 53}","{'Unknown': 19, '第5級': 5, '第1級': 10, '第4*級': 3, '第4級': 6, '第7級': 3, '第6級': 3, '第2級': 3, '第1*級': 4, '第2*級': 1, '第3*級': 2, '第3級': 1}",5,Y,N,N,Y
安珀堡的城內非常「嚇人」，精雕細琢，金碧輝煌，堡內設計井然有序，迴廊雅致，園區錯落分明，其中最有名的「鏡宮」(SheeshMahal)牆頂全由鏡面嵌鑲而成，導遊解釋是為了冬天時萬鏡反射燭光後能產生溫暖的感覺，但當我們親身體會後，才發現果然在宮內「悶」出一身汗來！,安珀堡 的 城 內 非常 嚇人 精雕細琢 金碧輝煌 堡 內 設計 井然有序 迴廊 雅致 園區 錯落 分明 其中 最 有名 的 鏡宮 SheeshMahal 牆頂 全 由 鏡面 嵌鑲 而 成 導遊 解釋 是 為了 冬天 時 萬 鏡 反射 燭光 後 能 產生 溫暖 的 感覺 但 當 我們 親身 體會 後 才 發現 果然 在 宮 內 悶 出 一 身 汗 來,64,安珀堡(Unknown) 的(16029838) 城(42831) 內(183051) 非常(152032) 嚇人(2666) 精雕細琢(238) 金碧輝煌(480) 堡(337) 內(183051) 設計(59326) 井然有序(852) 迴廊(1101) 雅致(536) 園區(2040) 錯落(455) 分明(4849) 其中(95627) 最(421680) 有名(8977) 的(16029838) 鏡宮(2) SheeshMahal(Unknown) 牆頂(Unknown) 全(178642) 由(208604) 鏡面(362) 嵌鑲(6) 而(937923) 成(76470) 導遊(1089) 解釋(59761) 是(4642407) 為了(Unknown) 冬天(8241) 時(623734) 萬(13178) 鏡(5895) 反射(3520) 燭光(1322) 後(422857) 能(582260) 產生(82753) 溫暖(12109) 的(16029838) 感覺(91265) 但(597124) 當(294625) 我們(979260) 親身(4295) 體會(9519) 後(422857) 才(394539) 發現(175233) 果然(17751) 在(3284238) 宮(16012) 內(183051) 悶(4089) 出(84457) 一(3701681) 身(122324) 汗(8555) 來(742183),"{'Low': 6, 'High': 58}","{'Unknown': 16, '第1級': 9, '第3級': 4, '第1*級': 6, '第5級': 5, '第7級': 3, '第4*級': 6, '第6級': 2, '第3*級': 4, '第2*級': 1, '第2級': 5, '第4級': 3}",5,Y,Y,N,N
依山勢而建的安珀堡，景觀雄偉。,依 山勢 而 建 的 安珀堡 景觀 雄偉,8,依(37519) 山勢(504) 而(937923) 建(13839) 的(16029838) 安珀堡(Unknown) 景觀(4987) 雄偉(1443),"{'High': 7, 'Low': 1}","{'Unknown': 4, '第5級': 1, '第1級': 1, '第6級': 2}",1,Y,Y,N,N
皆汪城是蒙兀兒王朝第二代傑辛(JaiSingh)所建，最後一任皇帝現在仍住在城內，也是印度最後一個皇帝，由於傑辛也是天文學家，城內的博物館及天文台均很有看頭，天文台內各式大小的計時器，雖是數百年前的設計，但我們舉起腕錶一看，竟是一分鐘也不差！,皆汪城 是 蒙兀兒 王朝 第二 代 傑辛 JaiSingh 所 建 最後 一 任 皇帝 現在 仍 住在 城 內 也 是 印度 最後 一 個 皇帝 由於 傑辛 也 是 天文學家 城 內 的 博物館 及 天文台 均 很 有 看頭 天文台 內 各 式 大小 的 計時器 雖 是 數百 年 前 的 設計 但 我們 舉起 腕錶 一 看 竟是 一 分鐘 也 不 差,67,皆汪城(Unknown) 是(4642407) 蒙兀兒(78) 王朝(12044) 第二(98741) 代(39507) 傑辛(Unknown) JaiSingh(Unknown) 所(527327) 建(13839) 最後(142102) 一(3701681) 任(37811) 皇帝(74871) 現在(218744) 仍(92056) 住在(7545) 城(42831) 內(183051) 也(1590760) 是(4642407) 印度(16278) 最後(142102) 一(3701681) 個(2296574) 皇帝(74871) 由於(88111) 傑辛(Unknown) 也(1590760) 是(4642407) 天文學家(1503) 城(42831) 內(183051) 的(16029838) 博物館(9905) 及(304586) 天文台(525) 均(27783) 很(715675) 有(2217079) 看頭(323) 天文台(525) 內(183051) 各(243023) 式(6856) 大小(17587) 的(16029838) 計時器(512) 雖(48164) 是(4642407) 數百(5902) 年(514736) 前(272709) 的(16029838) 設計(59326) 但(597124) 我們(979260) 舉起(7532) 腕錶(11) 一(3701681) 看(444691) 竟是(3909) 一(3701681) 分鐘(52479) 也(1590760) 不(2282521) 差(23865),"{'Low': 6, 'High': 61}","{'Unknown': 20, '第1級': 22, '第7級': 1, '第4級': 5, '第2級': 6, '第5級': 4, '第3級': 5, '第4*級': 2, '第6級': 1, '第1*級': 1}",8,Y,Y,N,Y
竟是一分鐘也不差！,竟是 一 分鐘 也 不 差,6,竟是(3909) 一(3701681) 分鐘(52479) 也(1590760) 不(2282521) 差(23865),{'High': 6},"{'Unknown': 2, '第1級': 3, '第1*級': 1}",0,Y,N,N,N
深秋時節景色令人驚喜，遊賞腳步可要加快。,深秋 時節 景色 令 人 驚喜 遊賞 腳步 可要 加快,10,深秋(340) 時節(2380) 景色(3529) 令(128742) 人(1550512) 驚喜(4528) 遊賞(114) 腳步(12300) 可要(1414) 加快(4062),{'High': 10},"{'Unknown': 4, '第6級': 1, '第4*級': 2, '第5級': 2, '第1級': 1}",0,Y,N,N,N
北美是國人欣賞海外變色葉景致，最喜愛的去處之一。,北美 是 國人 欣賞 海外 變色葉 景致 最 喜愛 的 去處 之 一,13,北美(1970) 是(4642407) 國人(4275) 欣賞(17817) 海外(10798) 變色葉(Unknown) 景致(1617) 最(421680) 喜愛(12200) 的(16029838) 去處(972) 之(875481) 一(3701681),"{'High': 12, 'Low': 1}","{'Unknown': 4, '第1級': 3, '第4*級': 1, '第4級': 2, '第7級': 1, '第1*級': 1, '第5級': 1}",1,Y,N,N,N
美國和加拿大相同，楓紅美景都以東岸著稱，其實西岸也不乏變色葉賞地。,美國 和 加拿大 相同 楓紅 美景 都 以 東岸 著稱 其實 西岸 也 不 乏 變色葉 賞地,17,美國(148299) 和(1338337) 加拿大(5370) 相同(33311) 楓紅(116) 美景(2063) 都(1125846) 以(547785) 東岸(1387) 著稱(1546) 其實(109290) 西岸(1328) 也(1590760) 不(2282521) 乏(3381) 變色葉(Unknown) 賞地(3),"{'High': 15, 'Low': 2}","{'第1級': 4, 'Unknown': 7, '第4級': 2, '第5級': 2, '第7級': 1, '第3*級': 1}",2,Y,Y,N,N
現在正是美、加兩國紅葉最美的季節，遊賞腳步可要加快。,現在 正 是 美 加 兩 國 紅葉 最 美 的 季節 遊賞 腳步 可要 加快,16,現在(218744) 正(179334) 是(4642407) 美(53380) 加(28242) 兩(526190) 國(73377) 紅葉(744) 最(421680) 美(53380) 的(16029838) 季節(5885) 遊賞(114) 腳步(12300) 可要(1414) 加快(4062),{'High': 16},"{'第1級': 5, '第3*級': 1, '第1*級': 3, '第2級': 1, 'Unknown': 4, '第3級': 1, '第4*級': 1}",0,Y,N,N,N
加拿大東岸渥太華、蒙特婁和魁北克沿線，是觀賞楓紅最著名城市，而在西岸的溫哥華和洛磯山脈，也有相當精采的紅葉賞地，除了各種楓樹以外，最主要的樹種，要屬北美分布數量最多的白楊樹了，色彩從亮麗的黃到燦爛的金黃，美不勝收。,加拿大 東岸 渥太華 蒙特婁 和 魁北克 沿線 是 觀賞 楓紅 最 著名 城市 而 在 西岸 的 溫哥華 和 洛磯山脈 也 有 相當 精采 的 紅葉 賞地 除了 各 種 楓樹 以外 最 主要 的 樹種 要 屬 北美 分布 數量 最多 的 白楊樹 了 色彩 從 亮麗 的 黃 到 燦爛 的 金黃 美不勝收,55,加拿大(5370) 東岸(1387) 渥太華(103) 蒙特婁(270) 和(1338337) 魁北克(202) 沿線(574) 是(4642407) 觀賞(5617) 楓紅(116) 最(421680) 著名(20279) 城市(32018) 而(937923) 在(3284238) 西岸(1328) 的(16029838) 溫哥華(586) 和(1338337) 洛磯山脈(3) 也(1590760) 有(2217079) 相當(66293) 精采(4673) 的(16029838) 紅葉(744) 賞地(3) 除了(75964) 各(243023) 種(701563) 楓樹(453) 以外(13444) 最(421680) 主要(78757) 的(16029838) 樹種(510) 要(851264) 屬(26012) 北美(1970) 分布(5163) 數量(14605) 最多(11485) 的(16029838) 白楊樹(305) 了(3199291) 色彩(16026) 從(496546) 亮麗(2016) 的(16029838) 黃(20574) 到(546906) 燦爛(4295) 的(16029838) 金黃(1227) 美不勝收(323),"{'High': 53, 'Low': 2}","{'第4級': 3, 'Unknown': 23, '第1級': 11, '第5級': 4, '第1*級': 4, '第6級': 4, '第3級': 2, '第3*級': 1, '第2級': 2, '第4*級': 1}",8,Y,Y,N,N
溫哥華加拿大西岸進出門戶，市郊的史坦利公園是最方便的賞楓地點，這個充滿生氣的公園，動植物均相當豐富，不但觀光客必遊，園內更多騎車、溜冰、垂釣、散步賞景的民眾，而在公園靠海岸的一側，栽有多株的楓樹，十月間楓葉轉紅隨風飄落地面，為公園增添幾許秋的色彩，頗讓遊人驚喜。,溫哥華 加拿大 西岸 進出 門戶 市郊 的 史坦利 公園 是 最 方便 的 賞 楓 地點 這 個 充滿 生氣 的 公園 動植物 均 相當 豐富 不但 觀光客 必 遊 園 內 更多 騎車 溜冰 垂釣 散步 賞景 的 民眾 而 在 公園 靠 海岸 的 一 側 栽 有 多 株 的 楓樹 十月 間 楓葉 轉紅 隨 風 飄落 地面 為 公園 增添 幾許 秋 的 色彩 頗 讓 遊人 驚喜,73,溫哥華(586) 加拿大(5370) 西岸(1328) 進出(3148) 門戶(2263) 市郊(631) 的(16029838) 史坦利(395) 公園(13910) 是(4642407) 最(421680) 方便(14172) 的(16029838) 賞(8511) 楓(663) 地點(16808) 這(2114032) 個(2296574) 充滿(43990) 生氣(22523) 的(16029838) 公園(13910) 動植物(921) 均(27783) 相當(66293) 豐富(24271) 不但(40359) 觀光客(2140) 必(37598) 遊(6316) 園(3364) 內(183051) 更多(44083) 騎車(1473) 溜冰(446) 垂釣(442) 散步(6803) 賞景(14) 的(16029838) 民眾(17097) 而(937923) 在(3284238) 公園(13910) 靠(51323) 海岸(5612) 的(16029838) 一(3701681) 側(16187) 栽(1679) 有(2217079) 多(318992) 株(4915) 的(16029838) 楓樹(453) 十月(15556) 間(115638) 楓葉(329) 轉紅(100) 隨(28011) 風(30613) 飄落(789) 地面(12348) 為(761341) 公園(13910) 增添(3615) 幾許(433) 秋(8970) 的(16029838) 色彩(16026) 頗(22266) 讓(526314) 遊人(519) 驚喜(4528),"{'High': 71, 'Low': 2}","{'Unknown': 23, '第4級': 5, '第6級': 7, '第7級': 2, '第1級': 13, '第1*級': 8, '第5級': 4, '第3*級': 2, '第4*級': 3, '第2*級': 2, '第3級': 3, '第2級': 1}",5,Y,Y,N,Y
加拿大溫哥華史旦利公園內，已見楓紅落滿地。,加拿大 溫哥華 史旦利 公園 內 已 見 楓紅 落 滿 地,11,加拿大(5370) 溫哥華(586) 史旦利(Unknown) 公園(13910) 內(183051) 已(215610) 見(179113) 楓紅(116) 落(7273) 滿(46727) 地(754998),"{'High': 10, 'Low': 1}","{'第4級': 1, 'Unknown': 4, '第1*級': 2, '第3級': 3, '第5級': 1}",3,Y,N,N,Y
一水之隔的溫哥華島，有許多小鎮風光值得一遊，不僅著名的壁畫小鎮最受觀光客青睞，兩年前增設彈跳設施的納迺莫，以及頗具歷史的哥倫比亞省首府維多利亞市，都是島上不容錯過的遊點，美麗的布查花園，花團錦簇的模樣令人心動，園區內並有多棵變色葉植物，十月以後綠葉便陸續換穿亮黃與金黃衣衫。,一 水 之 隔 的 溫哥華島 有 許多 小鎮 風光 值得 一 遊 不僅 著名 的 壁畫 小鎮 最 受 觀光客 青睞 兩 年 前 增設 彈跳 設施 的 納迺莫 以及 頗 具 歷史 的 哥倫比亞省 首府 維多利亞市 都 是 島 上 不容 錯過 的 遊點 美麗 的 布查 花園 花團錦簇 的 模樣 令 人 心動 園區 內 並 有 多 棵 變色葉 植物 十月 以後 綠葉 便 陸續 換穿 亮黃 與 金黃 衣衫,74,一(3701681) 水(86260) 之(875481) 隔(10438) 的(16029838) 溫哥華島(19) 有(2217079) 許多(159791) 小鎮(5758) 風光(3236) 值得(34362) 一(3701681) 遊(6316) 不僅(43138) 著名(20279) 的(16029838) 壁畫(2990) 小鎮(5758) 最(421680) 受(109982) 觀光客(2140) 青睞(1855) 兩(526190) 年(514736) 前(272709) 增設(754) 彈跳(589) 設施(5472) 的(16029838) 納迺莫(Unknown) 以及(155624) 頗(22266) 具(41661) 歷史(96060) 的(16029838) 哥倫比亞省(4) 首府(2031) 維多利亞市(7) 都(1125846) 是(4642407) 島(19160) 上(1233218) 不容(3760) 錯過(4695) 的(16029838) 遊點(Unknown) 美麗(24889) 的(16029838) 布查(2) 花園(11369) 花團錦簇(201) 的(16029838) 模樣(16099) 令(128742) 人(1550512) 心動(1417) 園區(2040) 內(183051) 並(442790) 有(2217079) 多(318992) 棵(12832) 變色葉(Unknown) 植物(19121) 十月(15556) 以後(71883) 綠葉(1) 便(220860) 陸續(7091) 換穿(132) 亮黃(2) 與(968432) 金黃(1227) 衣衫(1498),"{'High': 65, 'Low': 9}","{'第1級': 20, '第5級': 8, 'Unknown': 22, '第3*級': 2, '第6級': 8, '第4級': 6, '第1*級': 2, '第7級': 2, '第3級': 2, '第4*級': 2}",7,Y,Y,N,Y
洛磯山脈則是欣賞變色葉的大本營，班夫鎮和傑士伯鎮都有變色葉可欣賞，尤其是傑士伯，常可見到大角糜鹿(ELK)與黃葉相映的美麗景色，往往引來觀光客追逐觀看。,洛磯山脈 則 是 欣賞 變色葉 的 大本營 班夫鎮 和 傑士伯鎮 都 有 變色葉 可 欣賞 尤其 是 傑士伯 常 可 見到 大 角 糜鹿 ELK 與 黃葉 相映 的 美麗 景色 往往 引來 觀光客 追逐 觀看,36,洛磯山脈(3) 則(254096) 是(4642407) 欣賞(17817) 變色葉(Unknown) 的(16029838) 大本營(1424) 班夫鎮(Unknown) 和(1338337) 傑士伯鎮(Unknown) 都(1125846) 有(2217079) 變色葉(Unknown) 可(307359) 欣賞(17817) 尤其(50700) 是(4642407) 傑士伯(Unknown) 常(86207) 可(307359) 見到(30619) 大(525780) 角(10822) 糜鹿(22) ELK(Unknown) 與(968432) 黃葉(92) 相映(154) 的(16029838) 美麗(24889) 景色(3529) 往往(41388) 引來(2555) 觀光客(2140) 追逐(4397) 觀看(10113),"{'Low': 9, 'High': 27}","{'Unknown': 12, '第5級': 4, '第1級': 7, '第4*級': 7, '第7級': 1, '第3*級': 2, '第1*級': 1, '第4級': 2}",9,Y,Y,N,N
溫哥華島上的布查花園，黃葉秋風迷煞人。,溫哥華島 上 的 布查 花園 黃葉 秋風 迷煞 人,9,溫哥華島(19) 上(1233218) 的(16029838) 布查(2) 花園(11369) 黃葉(92) 秋風(821) 迷煞(5) 人(1550512),"{'Low': 4, 'High': 5}","{'Unknown': 5, '第1級': 3, '第4級': 1}",1,Y,N,N,Y
從傑士伯國家公園往艾德蒙頓城市的一路上，道旁的白楊樹更是成排成片轉為亮麗的金黃，在陽光照射下更是美得讓人心動，也有些黃葉、金黃葉片和綠葉相雜，襯著逐漸遠去洛磯山脈，又是另一幅五彩的秋日森林圖，這對少見成片楓紅的台灣客，更是見獵心喜。,從 傑士伯 國家 公園 往 艾德蒙頓 城市 的 一 路 上 道 旁 的 白楊樹 更 是 成 排 成 片 轉為 亮麗 的 金黃 在 陽光 照射 下 更 是 美 得 讓 人 心動 也 有些 黃葉 金黃 葉片 和 綠葉 相雜 襯 著 逐漸 遠去 洛磯山脈 又 是 另 一 幅 五彩 的 秋日 森林 圖 這 對 少見 成 片 楓紅 的 台灣客 更 是 見獵心喜,70,從(496546) 傑士伯(Unknown) 國家(109166) 公園(13910) 往(95775) 艾德蒙頓(16) 城市(32018) 的(16029838) 一(3701681) 路(74635) 上(1233218) 道(141723) 旁(39478) 的(16029838) 白楊樹(305) 更(361676) 是(4642407) 成(76470) 排(16810) 成(76470) 片(71870) 轉為(4539) 亮麗(2016) 的(16029838) 金黃(1227) 在(3284238) 陽光(17239) 照射(2079) 下(329549) 更(361676) 是(4642407) 美(53380) 得(573721) 讓(526314) 人(1550512) 心動(1417) 也(1590760) 有些(6971) 黃葉(92) 金黃(1227) 葉片(2174) 和(1338337) 綠葉(1) 相雜(63) 襯(1724) 著(1004687) 逐漸(38705) 遠去(1402) 洛磯山脈(3) 又(535555) 是(4642407) 另(138369) 一(3701681) 幅(22056) 五彩(659) 的(16029838) 秋日(414) 森林(14387) 圖(46009) 這(2114032) 對(897964) 少見(3509) 成(76470) 片(71870) 楓紅(116) 的(16029838) 台灣客(5) 更(361676) 是(4642407) 見獵心喜(Unknown),"{'High': 62, 'Low': 8}","{'第1*級': 8, 'Unknown': 26, '第2級': 5, '第3級': 2, '第1級': 17, '第4*級': 5, '第4級': 2, '第6級': 2, '第5級': 2, '第7級': 1}",6,Y,Y,N,N
北美日夜溫差大，禦寒厚衣記得帶。,北美 日夜 溫差 大 禦寒 厚衣 記得 帶,8,北美(1970) 日夜(3942) 溫差(286) 大(525780) 禦寒(383) 厚衣(7) 記得(47506) 帶(105786),"{'High': 7, 'Low': 1}","{'Unknown': 4, '第5級': 1, '第1級': 2, '第2級': 1}",0,Y,N,N,N
美、加賞紅葉，多在深秋時節，儘管台灣還是秋老虎的天候，北美的日夜間溫差卻非常大，山區賞變色葉尤其寒涼，應多準備禦寒厚衣和手套，清晨和夜裡溫度較低，白天可能穿短袖上陣，衣著最好採多層穿法，方便隨氣溫不同穿脫。,美 加 賞 紅葉 多 在 深秋 時節 儘管 台灣 還 是 秋老虎 的 天候 北美 的 日夜 間 溫差 卻 非常 大 山區 賞 變色葉 尤其 寒涼 應 多 準備 禦寒 厚衣 和 手套 清晨 和 夜裡 溫度 較 低 白天 可能 穿 短袖 上陣 衣著 最好 採 多 層 穿法 方便 隨 氣溫 不同 穿 脫,58,美(53380) 加(28242) 賞(8511) 紅葉(744) 多(318992) 在(3284238) 深秋(340) 時節(2380) 儘管(36818) 台灣(130718) 還(625086) 是(4642407) 秋老虎(Unknown) 的(16029838) 天候(864) 北美(1970) 的(16029838) 日夜(3942) 間(115638) 溫差(286) 卻(333007) 非常(152032) 大(525780) 山區(4460) 賞(8511) 變色葉(Unknown) 尤其(50700) 寒涼(55) 應(82417) 多(318992) 準備(64901) 禦寒(383) 厚衣(7) 和(1338337) 手套(3686) 清晨(6122) 和(1338337) 夜裡(5591) 溫度(6882) 較(78424) 低(32663) 白天(9386) 可能(271025) 穿(46113) 短袖(301) 上陣(998) 衣著(2314) 最好(22016) 採(8996) 多(318992) 層(36369) 穿法(49) 方便(14172) 隨(28011) 氣溫(2355) 不同(159432) 穿(46113) 脫(5937),"{'High': 53, 'Low': 5}","{'第1*級': 7, '第2級': 3, '第5級': 5, 'Unknown': 20, '第1級': 9, '第6級': 2, '第4級': 3, '第3*級': 2, '第3級': 3, '第2*級': 2, '第7級': 1, '第4*級': 1}",2,Y,Y,N,N
加拿大西岸或洛磯山脈的賞楓地點，多在一般旅行團安排行程中，到秋季賞楓時節，無需特意安排，便可在旅途中欣賞到秋葉紅黃景致；美國西部的黃葉景觀，尤其加州東部湖岸變色葉景色，以自行開車尋訪較為方便，無需擔心找不到路，美國的公路地圖繪製得非常完善，按圖索冀便可一一造訪變色葉的故鄉，可向美國汽車協會(AAA)各地辦公處索取(會員免費)或購買。,加拿大 西岸 或 洛磯山脈 的 賞 楓 地點 多 在 一般 旅行團 安排 行程 中 到 秋季 賞 楓 時節 無需 特意 安排 便 可 在 旅途 中 欣賞到 秋葉 紅 黃 景致 美國 西部 的 黃葉 景觀 尤其 加州 東部 湖岸 變色葉 景色 以 自行 開車 尋訪 較為 方便 無需 擔心 找 不 到 路 美國 的 公路 地圖 繪製 得 非常 完善 按圖索冀 便 可 一一 造訪 變色葉 的 故鄉 可 向 美國 汽車 協會 AAA 各 地 辦公處 索取 會員 免費 或 購買,86,加拿大(5370) 西岸(1328) 或(478077) 洛磯山脈(3) 的(16029838) 賞(8511) 楓(663) 地點(16808) 多(318992) 在(3284238) 一般(80732) 旅行團(364) 安排(30105) 行程(5276) 中(1011729) 到(546906) 秋季(2784) 賞(8511) 楓(663) 時節(2380) 無需(2084) 特意(2359) 安排(30105) 便(220860) 可(307359) 在(3284238) 旅途(3253) 中(1011729) 欣賞到(330) 秋葉(3) 紅(34717) 黃(20574) 景致(1617) 美國(148299) 西部(5186) 的(16029838) 黃葉(92) 景觀(4987) 尤其(50700) 加州(8076) 東部(3597) 湖岸(268) 變色葉(Unknown) 景色(3529) 以(547785) 自行(9833) 開車(10401) 尋訪(661) 較為(8058) 方便(14172) 無需(2084) 擔心(40962) 找(108128) 不(2282521) 到(546906) 路(74635) 美國(148299) 的(16029838) 公路(7300) 地圖(10218) 繪製(2306) 得(573721) 非常(152032) 完善(3609) 按圖索冀(Unknown) 便(220860) 可(307359) 一一(11524) 造訪(3905) 變色葉(Unknown) 的(16029838) 故鄉(6556) 可(307359) 向(231672) 美國(148299) 汽車(21028) 協會(13492) AAA(Unknown) 各(243023) 地(754998) 辦公處(126) 索取(1290) 會員(5850) 免費(6101) 或(478077) 購買(14998),"{'High': 79, 'Low': 7}","{'第4級': 5, 'Unknown': 27, '第3級': 2, '第1級': 13, '第5級': 7, '第3*級': 5, '第1*級': 6, '第6級': 9, '第4*級': 5, '第2級': 4, '第7級': 2, '第2*級': 1}",9,Y,Y,N,N
可向美國汽車協會(AAA)各地辦公處索取(會員免費)或購買。,可 向 美國 汽車 協會 AAA 各 地 辦公處 索取 會員 免費 或 購買,14,可(307359) 向(231672) 美國(148299) 汽車(21028) 協會(13492) AAA(Unknown) 各(243023) 地(754998) 辦公處(126) 索取(1290) 會員(5850) 免費(6101) 或(478077) 購買(14998),"{'High': 13, 'Low': 1}","{'第4*級': 1, '第2級': 3, '第1級': 1, '第5級': 1, 'Unknown': 4, '第6級': 1, '第4級': 2, '第3級': 1}",2,Y,Y,N,N
非洲野生動物最多國家之一奈洛比國家公園吸引無數遊客。,非洲 野生 動物 最多 國家 之 一 奈洛比 國家 公園 吸引 無數 遊客,13,非洲(8706) 野生(2489) 動物(36835) 最多(11485) 國家(109166) 之(875481) 一(3701681) 奈洛比(144) 國家(109166) 公園(13910) 吸引(20619) 無數(12002) 遊客(4899),{'High': 13},"{'第3*級': 1, '第6級': 1, 'Unknown': 4, '第1*級': 3, '第5級': 2, '第1級': 1, '第4級': 1}",1,Y,N,N,N
當飛機從歐洲飛過地中海進入非洲時，地面的景觀變成單調的沙漠，即使在機艙內似乎都可以感受到非洲大陸的炎熱與乾燥，但是等到達肯亞，完全不一樣的景觀呈現在眼前；高原上青翠的草原和森林，令人彷佛置身在熱帶雨林。,當 飛機 從 歐洲 飛過 地中海 進入 非洲 時 地面 的 景觀 變成 單調 的 沙漠 即使 在 機艙 內 似乎 都 可以 感受到 非洲 大陸 的 炎熱 與 乾燥 但是 等 到達 肯亞 完全 不 一樣 的 景觀 呈現 在 眼前 高原 上 青翠 的 草原 和 森林 令 人 彷佛 置身 在 熱帶 雨林,56,當(294625) 飛機(18598) 從(496546) 歐洲(24026) 飛過(1995) 地中海(1673) 進入(66885) 非洲(8706) 時(623734) 地面(12348) 的(16029838) 景觀(4987) 變成(73009) 單調(2944) 的(16029838) 沙漠(5582) 即使(68376) 在(3284238) 機艙(926) 內(183051) 似乎(85481) 都(1125846) 可以(560531) 感受到(14394) 非洲(8706) 大陸(27031) 的(16029838) 炎熱(1842) 與(968432) 乾燥(3663) 但是(247988) 等(327380) 到達(15955) 肯亞(743) 完全(115744) 不(2282521) 一樣(188109) 的(16029838) 景觀(4987) 呈現(26810) 在(3284238) 眼前(26163) 高原(1557) 上(1233218) 青翠(399) 的(16029838) 草原(5281) 和(1338337) 森林(14387) 令(128742) 人(1550512) 彷佛(43) 置身(3542) 在(3284238) 熱帶(2617) 雨林(944),"{'High': 55, 'Low': 1}","{'Unknown': 10, '第1*級': 6, '第3*級': 7, '第4級': 3, '第1級': 10, '第6級': 7, '第5級': 6, '第4*級': 4, '第3級': 1, '第2級': 1, '第7級': 1}",2,Y,Y,N,N
典型的肯亞草原地型，孕育出豐富的野生動物。,典型 的 肯亞 草原 地型 孕育出 豐富 的 野生 動物,10,典型(13843) 的(16029838) 肯亞(743) 草原(5281) 地型(15) 孕育出(464) 豐富(24271) 的(16029838) 野生(2489) 動物(36835),"{'High': 9, 'Low': 1}","{'第4*級': 1, '第1級': 2, 'Unknown': 4, '第5級': 1, '第4級': 1, '第6級': 1}",1,Y,N,N,N
抵達奈洛比機場時，最令人訝異的是機場旁邊就是著名的「奈洛比國家公園」，園內的野生動物十分豐富，從機場到市區就可看到非洲典型的道路景觀，公路上很多牛群、驢車、牛車、人力車，加上崎嶇不平的道路，還有很多的人。,抵達 奈洛比 機場 時 最 令 人 訝異 的 是 機場 旁邊 就 是 著名 的 奈洛比 國家 公園 園 內 的 野生 動物 十分 豐富 從 機場 到 市區 就 可 看到 非洲 典型 的 道路 景觀 公路 上 很多 牛群 驢車 牛車 人力車 加上 崎嶇不平 的 道路 還 有 很多 的 人,54,抵達(16291) 奈洛比(144) 機場(7570) 時(623734) 最(421680) 令(128742) 人(1550512) 訝異(4151) 的(16029838) 是(4642407) 機場(7570) 旁邊(25582) 就(1737544) 是(4642407) 著名(20279) 的(16029838) 奈洛比(144) 國家(109166) 公園(13910) 園(3364) 內(183051) 的(16029838) 野生(2489) 動物(36835) 十分(63196) 豐富(24271) 從(496546) 機場(7570) 到(546906) 市區(3749) 就(1737544) 可(307359) 看到(159419) 非洲(8706) 典型(13843) 的(16029838) 道路(15812) 景觀(4987) 公路(7300) 上(1233218) 很多(113128) 牛群(579) 驢車(47) 牛車(1096) 人力車(72) 加上(38121) 崎嶇不平(13) 的(16029838) 道路(15812) 還(625086) 有(2217079) 很多(113128) 的(16029838) 人(1550512),"{'High': 51, 'Low': 3}","{'第6級': 4, 'Unknown': 12, '第2*級': 3, '第3*級': 4, '第1*級': 6, '第5級': 2, '第1級': 15, '第3級': 2, '第4級': 2, '第4*級': 4}",4,Y,Y,N,N
進入市區又是不一樣的景觀，就像世界其他主要都市一樣，到處是高聳的現代建築，這就是對肯亞的第一印象。,進入 市區 又 是 不 一樣 的 景觀 就 像 世界 其他 主要 都市 一樣 到處 是 高聳 的 現代 建築 這 就 是 對 肯亞 的 第一 印象,29,進入(66885) 市區(3749) 又(535555) 是(4642407) 不(2282521) 一樣(188109) 的(16029838) 景觀(4987) 就(1737544) 像(289494) 世界(165235) 其他(189445) 主要(78757) 都市(9548) 一樣(188109) 到處(19723) 是(4642407) 高聳(2001) 的(16029838) 現代(40344) 建築(31065) 這(2114032) 就(1737544) 是(4642407) 對(897964) 肯亞(743) 的(16029838) 第一(172544) 印象(24581),{'High': 29},"{'第4級': 3, '第3*級': 2, '第1*級': 4, '第1級': 11, '第6級': 2, '第2級': 3, '第3級': 1, '第4*級': 2, 'Unknown': 1}",0,Y,N,N,N
高原地型氣候佳，乾季是旅遊旺季。,高原 地型 氣候 佳 乾季 是 旅遊 旺季,8,高原(1557) 地型(15) 氣候(6752) 佳(8331) 乾季(73) 是(4642407) 旅遊(8465) 旺季(442),"{'High': 6, 'Low': 2}","{'第6級': 1, 'Unknown': 3, '第4級': 2, '第5級': 1, '第1級': 1}",0,Y,N,N,N
肯亞一個很多元化的國家，奈洛比至今是世界重要的會議都市，肯亞豐富的自然資源吸引全世界的觀光客。,肯亞 一 個 很 多元化 的 國家 奈洛比 至今 是 世界 重要 的 會議 都市 肯亞 豐富 的 自然 資源 吸引 全 世界 的 觀光客,25,肯亞(743) 一(3701681) 個(2296574) 很(715675) 多元化(2174) 的(16029838) 國家(109166) 奈洛比(144) 至今(14540) 是(4642407) 世界(165235) 重要(154863) 的(16029838) 會議(30698) 都市(9548) 肯亞(743) 豐富(24271) 的(16029838) 自然(91995) 資源(27580) 吸引(20619) 全(178642) 世界(165235) 的(16029838) 觀光客(2140),{'High': 25},"{'Unknown': 5, '第1級': 8, '第1*級': 1, '第2級': 4, '第4級': 6, '第3*級': 1}",3,Y,N,N,N
肯亞與非洲其它國家最大的不同在於高原地型，許多地區海拔達兩千多公尺，非洲最高峰吉力馬札羅山位於肯亞和坦尚尼亞交界，非洲第二高峰肯亞山高度都超過五千公尺，令人很難想像的是這兩座位於炎熱赤道附近的東非高山，山上居然長年積雪，並且有許多冰河。,肯亞 與 非洲 其它 國家 最 大 的 不同 在於 高原 地型 許多 地區 海拔 達 兩千多 公尺 非洲 最高峰 吉力馬札羅山 位於 肯亞 和 坦尚尼亞 交界 非洲 第二 高峰 肯亞山 高度 都 超過 五千 公尺 令 人 很 難 想像 的 是 這 兩 座位 於 炎熱 赤道 附近 的 東非 高山 山 上 居然 長年 積雪 並且 有 許多 冰河,61,肯亞(743) 與(968432) 非洲(8706) 其它(3339) 國家(109166) 最(421680) 大(525780) 的(16029838) 不同(159432) 在於(37953) 高原(1557) 地型(15) 許多(159791) 地區(40339) 海拔(2509) 達(25383) 兩千多(932) 公尺(19233) 非洲(8706) 最高峰(716) 吉力馬札羅山(35) 位於(19612) 肯亞(743) 和(1338337) 坦尚尼亞(201) 交界(919) 非洲(8706) 第二(98741) 高峰(2712) 肯亞山(2) 高度(20229) 都(1125846) 超過(30507) 五千(4916) 公尺(19233) 令(128742) 人(1550512) 很(715675) 難(75701) 想像(45673) 的(16029838) 是(4642407) 這(2114032) 兩(526190) 座位(6821) 於(327210) 炎熱(1842) 赤道(897) 附近(32204) 的(16029838) 東非(344) 高山(5393) 山(54936) 上(1233218) 居然(16421) 長年(2762) 積雪(1415) 並且(60996) 有(2217079) 許多(159791) 冰河(833),"{'High': 58, 'Low': 3}","{'Unknown': 18, '第4*級': 2, '第3*級': 6, '第2級': 1, '第1*級': 4, '第1級': 12, '第3級': 1, '第6級': 6, '第4級': 6, '第7級': 2, '第5級': 3}",5,Y,Y,N,N
高原地型使肯亞氣候相當舒服，全年平均溫度在攝氏三十一度左右，但是赤道的陽光卻十分炎熱，在沒有遮蔭的地方，氣溫往往高達四十度。,高原 地型 使 肯亞 氣候 相當 舒服 全 年 平均 溫度 在 攝氏 三十一 度 左右 但是 赤道 的 陽光 卻 十分 炎熱 在 沒有 遮蔭 的 地方 氣溫 往往 高達 四十 度,33,高原(1557) 地型(15) 使(197544) 肯亞(743) 氣候(6752) 相當(66293) 舒服(15280) 全(178642) 年(514736) 平均(13871) 溫度(6882) 在(3284238) 攝氏(1372) 三十一(1380) 度(25018) 左右(33714) 但是(247988) 赤道(897) 的(16029838) 陽光(17239) 卻(333007) 十分(63196) 炎熱(1842) 在(3284238) 沒有(594280) 遮蔭(361) 的(16029838) 地方(139164) 氣溫(2355) 往往(41388) 高達(7931) 四十(15256) 度(25018),"{'High': 32, 'Low': 1}","{'第6級': 1, 'Unknown': 7, '第5級': 3, '第4級': 6, '第3級': 3, '第1*級': 4, '第2級': 2, '第1級': 4, '第3*級': 1, '第4*級': 2}",1,Y,Y,N,N
受到印度洋季風影響，肯亞的雨量相當豐沛，四月和五月是長雨季，幾乎天天都有陣雨，雨勢猛烈，往往使道路柔腸寸斷，甚至變成河流。,受到 印度洋 季風 影響 肯亞 的 雨量 相當 豐沛 四月 和 五月 是 長 雨季 幾乎 天天 都 有 陣雨 雨勢 猛烈 往往 使 道路 柔腸寸斷 甚至 變成 河流,29,受到(66513) 印度洋(800) 季風(656) 影響(95840) 肯亞(743) 的(16029838) 雨量(394) 相當(66293) 豐沛(928) 四月(14996) 和(1338337) 五月(15682) 是(4642407) 長(107092) 雨季(510) 幾乎(74298) 天天(7694) 都(1125846) 有(2217079) 陣雨(225) 雨勢(521) 猛烈(3533) 往往(41388) 使(197544) 道路(15812) 柔腸寸斷(55) 甚至(122502) 變成(73009) 河流(4762),"{'High': 28, 'Low': 1}","{'第4級': 3, 'Unknown': 13, '第3級': 2, '第1級': 4, '第7級': 1, '第6級': 1, '第4*級': 3, '第5級': 2}",2,Y,Y,N,N
十月和十一月是短雨季，每天會有短暫陣雨。,十月 和 十一月 是 短 雨季 每 天 會 有 短暫 陣雨,12,十月(15556) 和(1338337) 十一月(12863) 是(4642407) 短(22412) 雨季(510) 每(333357) 天(330413) 會(1014977) 有(2217079) 短暫(8065) 陣雨(225),{'High': 12},"{'Unknown': 5, '第1級': 3, '第1*級': 3, '第5級': 1}",1,Y,Y,N,N
每年七月和八月，十二月到隔年三月的乾季是肯亞旅遊旺季，四月到六月，十月到十一月則是旅遊淡季。,每 年 七月 和 八月 十二月 到 隔年 三月 的 乾季 是 肯亞 旅遊 旺季 四月 到 六月 十月 到 十一月 則 是 旅遊 淡季,25,每(333357) 年(514736) 七月(15511) 和(1338337) 八月(15534) 十二月(13715) 到(546906) 隔年(1800) 三月(16043) 的(16029838) 乾季(73) 是(4642407) 肯亞(743) 旅遊(8465) 旺季(442) 四月(14996) 到(546906) 六月(14880) 十月(15556) 到(546906) 十一月(12863) 則(254096) 是(4642407) 旅遊(8465) 淡季(206),"{'High': 24, 'Low': 1}","{'第1*級': 1, '第1級': 7, 'Unknown': 13, '第6級': 1, '第4級': 2, '第5級': 1}",2,Y,Y,N,N
由於肯亞雨量比非洲其他地區充沛，加上高原溫和的氣候，因此肯亞保有很多森林、草原和湖泊，使肯亞成為非洲野生動物最多的國家之一。,由於 肯亞 雨量 比 非洲 其他 地區 充沛 加上 高原 溫和 的 氣候 因此 肯亞 保有 很多 森林 草原 和 湖泊 使 肯亞 成為 非洲 野生 動物 最多 的 國家 之 一,32,由於(88111) 肯亞(743) 雨量(394) 比(170486) 非洲(8706) 其他(189445) 地區(40339) 充沛(2678) 加上(38121) 高原(1557) 溫和(7924) 的(16029838) 氣候(6752) 因此(184606) 肯亞(743) 保有(4661) 很多(113128) 森林(14387) 草原(5281) 和(1338337) 湖泊(1394) 使(197544) 肯亞(743) 成為(143834) 非洲(8706) 野生(2489) 動物(36835) 最多(11485) 的(16029838) 國家(109166) 之(875481) 一(3701681),{'High': 32},"{'第4*級': 2, 'Unknown': 9, '第1*級': 2, '第3*級': 2, '第2級': 1, '第4級': 3, '第6級': 3, '第3級': 1, '第5級': 5, '第1級': 3, '第7級': 1}",0,Y,Y,N,N
雖然早期盜獵者大量獵殺象與犀牛，但這幾年盜獵風氣已被遏止，各國家公園內都很容易看到象與犀牛。,雖然 早期 盜獵 者 大量 獵殺 象 與 犀牛 但 這 幾 年 盜獵 風氣 已 被 遏止 各 國家 公園 內 都 很 容易 看到 象 與 犀牛,29,雖然(152988) 早期(20120) 盜獵(103) 者(423504) 大量(28414) 獵殺(548) 象(6982) 與(968432) 犀牛(518) 但(597124) 這(2114032) 幾(229415) 年(514736) 盜獵(103) 風氣(4497) 已(215610) 被(540683) 遏止(799) 各(243023) 國家(109166) 公園(13910) 內(183051) 都(1125846) 很(715675) 容易(80831) 看到(159419) 象(6982) 與(968432) 犀牛(518),{'High': 29},"{'第2級': 4, 'Unknown': 7, '第4*級': 3, '第5級': 3, '第1級': 6, '第3級': 2, '第7級': 1, '第1*級': 3}",0,Y,Y,N,N
到底肯亞有多少野生動物呢？,到底 肯亞 有 多少 野生 動物 呢,7,到底(41946) 肯亞(743) 有(2217079) 多少(50265) 野生(2489) 動物(36835) 呢(204566),{'High': 7},"{'第4*級': 1, 'Unknown': 2, '第1級': 3, '第6級': 1}",0,Y,N,N,N
每年八月中旬到九月底是動物大遷徙的時間，這時候約有兩百多萬頭生活在平原的各種野生動物，從肯亞的馬賽馬拉(MASAIMARA)國家公園遷移到坦尚尼亞的色倫吉帝(SERENGETI)國家公園。,每 年 八月 中旬 到 九月 底 是 動物 大 遷徙 的 時間 這 時候 約 有 兩百多萬 頭 生活 在 平原 的 各 種 野生 動物 從 肯亞 的 馬賽馬拉 MASAIMARA 國家 公園 遷移到 坦尚尼亞 的 色倫吉帝 SERENGETI 國家 公園,41,每(333357) 年(514736) 八月(15534) 中旬(1756) 到(546906) 九月(15070) 底(37174) 是(4642407) 動物(36835) 大(525780) 遷徙(1995) 的(16029838) 時間(213595) 這(2114032) 時候(199970) 約(47731) 有(2217079) 兩百多萬(85) 頭(112925) 生活(213189) 在(3284238) 平原(4378) 的(16029838) 各(243023) 種(701563) 野生(2489) 動物(36835) 從(496546) 肯亞(743) 的(16029838) 馬賽馬拉(5) MASAIMARA(Unknown) 國家(109166) 公園(13910) 遷移到(748) 坦尚尼亞(201) 的(16029838) 色倫吉帝(Unknown) SERENGETI(Unknown) 國家(109166) 公園(13910),"{'High': 36, 'Low': 5}","{'第1*級': 8, '第1級': 12, 'Unknown': 14, '第3*級': 2, '第7級': 1, '第3級': 1, '第5級': 1, '第2級': 1, '第6級': 1}",7,Y,N,N,N
這還只是一個國家公園的動物而已。,這 還 只 是 一 個 國家 公園 的 動物 而已,11,這(2114032) 還(625086) 只(436725) 是(4642407) 一(3701681) 個(2296574) 國家(109166) 公園(13910) 的(16029838) 動物(36835) 而已(43005),{'High': 11},"{'第1級': 5, 'Unknown': 2, '第1*級': 3, '第4級': 1}",0,N,N,N,N
轉機前往很費時。,轉機 前往 很 費時,4,轉機(1522) 前往(27321) 很(715675) 費時(1051),{'High': 4},"{'第6級': 1, '第5級': 2, '第1級': 1}",0,Y,N,N,N
小巴是交通工具，肯亞位於東非，東南邊臨印度洋，西邊以維多利亞湖和坦尚尼亞、烏干達交界，南邊是坦尚尼亞。,小巴 是 交通 工具 肯亞 位於 東非 東南邊 臨 印度洋 西邊 以 維多利亞湖 和 坦尚尼亞 烏干達 交界 南邊 是 坦尚尼亞,20,小巴(196) 是(4642407) 交通(11639) 工具(26319) 肯亞(743) 位於(19612) 東非(344) 東南邊(48) 臨(9849) 印度洋(800) 西邊(2495) 以(547785) 維多利亞湖(30) 和(1338337) 坦尚尼亞(201) 烏干達(551) 交界(919) 南邊(1682) 是(4642407) 坦尚尼亞(201),"{'High': 18, 'Low': 2}","{'Unknown': 12, '第1級': 2, '第3級': 1, '第4級': 1, '第6級': 2, '第5級': 1, '第7級': 1}",6,Y,Y,N,N
首都是奈洛比，也是肯亞最大城市，第一大港是靠印度洋的蒙巴薩(MOMBASA)。,首都 是 奈洛比 也 是 肯亞 最 大 城市 第一 大 港 是 靠 印度洋 的 蒙巴薩 MOMBASA,18,首都(12838) 是(4642407) 奈洛比(144) 也(1590760) 是(4642407) 肯亞(743) 最(421680) 大(525780) 城市(32018) 第一(172544) 大(525780) 港(8553) 是(4642407) 靠(51323) 印度洋(800) 的(16029838) 蒙巴薩(14) MOMBASA(Unknown),"{'High': 16, 'Low': 2}","{'第4級': 2, '第1級': 7, 'Unknown': 5, '第1*級': 1, '第3級': 1, '第2級': 1, '第5級': 1}",4,Y,N,N,N
從台灣到肯亞的飛機大約可分為三條路線，價格較低的是從台北經曼谷到中東的都市，再轉機到奈洛比。,從 台灣 到 肯亞 的 飛機 大約 可 分為 三 條 路線 價格 較 低 的 是 從 台北 經 曼谷 到 中東 的 都市 再 轉機 到 奈洛比,29,從(496546) 台灣(130718) 到(546906) 肯亞(743) 的(16029838) 飛機(18598) 大約(27064) 可(307359) 分為(11069) 三(313861) 條(115362) 路線(9508) 價格(21121) 較(78424) 低(32663) 的(16029838) 是(4642407) 從(496546) 台北(22242) 經(38471) 曼谷(419) 到(546906) 中東(1909) 的(16029838) 都市(9548) 再(326207) 轉機(1522) 到(546906) 奈洛比(144),{'High': 29},"{'第1*級': 5, '第1級': 9, 'Unknown': 7, '第4*級': 2, '第2級': 2, '第4級': 3, '第6級': 1}",1,Y,N,N,N
其次是從台北經南非首都約翰尼斯堡再轉到奈洛比。,其次 是 從 台北 經 南非 首都 約翰尼斯堡 再 轉到 奈洛比,11,其次(8985) 是(4642407) 從(496546) 台北(22242) 經(38471) 南非(2714) 首都(12838) 約翰尼斯堡(229) 再(326207) 轉到(4726) 奈洛比(144),{'High': 11},"{'第5級': 1, '第1級': 1, '第1*級': 2, 'Unknown': 6, '第4級': 1}",2,Y,Y,N,N
時間最長，價格也高的是從台北飛歐洲任何一個主要大城市，如倫敦、巴黎、阿姆斯特丹、法蘭克福、布魯塞爾等，再從歐洲轉機到奈洛比。,時間 最 長 價格 也 高 的 是 從 台北 飛 歐洲 任何 一 個 主要 大 城市 如 倫敦 巴黎 阿姆斯特丹 法蘭克福 布魯塞爾 等 再 從 歐洲 轉機 到 奈洛比,31,時間(213595) 最(421680) 長(107092) 價格(21121) 也(1590760) 高(128858) 的(16029838) 是(4642407) 從(496546) 台北(22242) 飛(20449) 歐洲(24026) 任何(131795) 一(3701681) 個(2296574) 主要(78757) 大(525780) 城市(32018) 如(195069) 倫敦(14516) 巴黎(15132) 阿姆斯特丹(1013) 法蘭克福(1245) 布魯塞爾(519) 等(327380) 再(326207) 從(496546) 歐洲(24026) 轉機(1522) 到(546906) 奈洛比(144),{'High': 31},"{'第1級': 9, '第1*級': 4, 'Unknown': 9, '第4級': 2, '第2*級': 1, '第3*級': 3, '第4*級': 1, '第3級': 1, '第6級': 1}",4,Y,Y,N,N
一般而言，從台北出發，連轉機時間要二十到三十小時才能到奈洛比。,一般而言 從 台北 出發 連 轉機 時間 要 二十 到 三十 小時 才 能 到 奈洛比,16,一般而言(3433) 從(496546) 台北(22242) 出發(17257) 連(91153) 轉機(1522) 時間(213595) 要(851264) 二十(32739) 到(546906) 三十(24336) 小時(48521) 才(394539) 能(582260) 到(546906) 奈洛比(144),{'High': 16},"{'第5級': 1, '第1*級': 2, 'Unknown': 4, '第4級': 1, '第3*級': 1, '第6級': 1, '第1級': 5, '第2級': 1}",2,Y,Y,N,N
肯亞的交通是以九人座小巴士和四輪傳動汽車為主，主要城市間的公路均為柏油路面，但路況不是很好，國家公園內則多以泥土路為主。,肯亞 的 交通 是 以 九人座 小 巴士 和 四 輪 傳動 汽車 為主 主要 城市 間 的 公路 均 為 柏油 路面 但 路況 不 是 很 好 國家 公園 內 則 多 以 泥土路 為主,37,肯亞(743) 的(16029838) 交通(11639) 是(4642407) 以(547785) 九人座(7) 小(318835) 巴士(3384) 和(1338337) 四(141667) 輪(7476) 傳動(216) 汽車(21028) 為主(12900) 主要(78757) 城市(32018) 間(115638) 的(16029838) 公路(7300) 均(27783) 為(761341) 柏油(650) 路面(1702) 但(597124) 路況(438) 不(2282521) 是(4642407) 很(715675) 好(448428) 國家(109166) 公園(13910) 內(183051) 則(254096) 多(318992) 以(547785) 泥土路(20) 為主(12900),"{'High': 35, 'Low': 2}","{'Unknown': 13, '第1級': 9, '第3級': 3, '第5級': 4, '第2*級': 1, '第2級': 2, '第4級': 1, '第3*級': 1, '第6級': 1, '第1*級': 2}",2,Y,Y,N,N
絕大多數的旅行團都是乘坐有天窗的九人座小巴士到各地觀看野生動物，如果想要深入人少的地方則要用四輪傳動的汽車。,絕大多數 的 旅行團 都 是 乘坐 有 天窗 的 九人座 小 巴士 到 各 地 觀看 野生 動物 如果 想要 深入 人 少 的 地方 則 要 用 四 輪 傳動 的 汽車,33,絕大多數(3861) 的(16029838) 旅行團(364) 都(1125846) 是(4642407) 乘坐(1975) 有(2217079) 天窗(696) 的(16029838) 九人座(7) 小(318835) 巴士(3384) 到(546906) 各(243023) 地(754998) 觀看(10113) 野生(2489) 動物(36835) 如果(322121) 想要(63278) 深入(18074) 人(1550512) 少(50762) 的(16029838) 地方(139164) 則(254096) 要(851264) 用(377038) 四(141667) 輪(7476) 傳動(216) 的(16029838) 汽車(21028),"{'High': 32, 'Low': 1}","{'Unknown': 8, '第1級': 14, '第5級': 5, '第2*級': 1, '第2級': 3, '第6級': 1, '第1*級': 1}",3,Y,Y,N,N
從東南邊的蒙巴薩到奈洛比、納庫努(NAKURU)再進入西邊的烏干達有火車聯絡，蒙巴薩到奈洛比這段火車最著名。,從 東南邊 的 蒙巴薩 到 奈洛比 納庫努 NAKURU 再 進入 西邊 的 烏干達 有 火車 聯絡 蒙巴薩 到 奈洛比 這 段 火車 最 著名,24,從(496546) 東南邊(48) 的(16029838) 蒙巴薩(14) 到(546906) 奈洛比(144) 納庫努(Unknown) NAKURU(Unknown) 再(326207) 進入(66885) 西邊(2495) 的(16029838) 烏干達(551) 有(2217079) 火車(13566) 聯絡(7975) 蒙巴薩(14) 到(546906) 奈洛比(144) 這(2114032) 段(95980) 火車(13566) 最(421680) 著名(20279),"{'High': 19, 'Low': 5}","{'第1*級': 5, 'Unknown': 9, '第1級': 6, '第4級': 3, '第6級': 1}",8,Y,N,N,N
可辦理落地簽證。,可 辦理 落地 簽證,4,可(307359) 辦理(7225) 落地(3127) 簽證(1065),{'High': 4},"{'第4*級': 1, '第5級': 1, 'Unknown': 1, '第3級': 1}",0,Y,N,N,N
注意衛生及安全。,注意 衛生 及 安全,4,注意(49591) 衛生(6348) 及(304586) 安全(35338),{'High': 4},"{'第2級': 1, '第5級': 2, '第3級': 1}",0,Y,Y,N,N
持台灣護照可以在到達奈洛比機場時再辦理落地簽證，下機後不能直接出關，必須先到辦理簽證的地方，辦好簽證才能出關，簽證費每人三十美元，簽證是在一張紙上，離境時要收回，因此要保管好。,持 台灣 護照 可以 在 到達 奈洛比 機場 時 再 辦理 落地 簽證 下機 後 不能 直接 出關 必須 先 到 辦理 簽證 的 地方 辦好 簽證 才 能 出關 簽證費 每 人 三十 美元 簽證 是 在 一 張 紙 上 離境 時 要 收回 因此 要 保管好,49,持(11680) 台灣(130718) 護照(2444) 可以(560531) 在(3284238) 到達(15955) 奈洛比(144) 機場(7570) 時(623734) 再(326207) 辦理(7225) 落地(3127) 簽證(1065) 下機(31) 後(422857) 不能(162852) 直接(54798) 出關(379) 必須(170592) 先(136649) 到(546906) 辦理(7225) 簽證(1065) 的(16029838) 地方(139164) 辦好(856) 簽證(1065) 才(394539) 能(582260) 出關(379) 簽證費(7) 每(333357) 人(1550512) 三十(24336) 美元(27307) 簽證(1065) 是(4642407) 在(3284238) 一(3701681) 張(99414) 紙(23590) 上(1233218) 離境(195) 時(623734) 要(851264) 收回(3443) 因此(184606) 要(851264) 保管好(21),"{'High': 46, 'Low': 3}","{'第5級': 3, '第1級': 11, '第4級': 2, '第1*級': 9, '第4*級': 2, 'Unknown': 10, '第2*級': 1, '第3*級': 2, '第3級': 6, '第7級': 2, '第2級': 1}",3,Y,Y,N,N
一元新台幣大約可兌換二元肯亞先令，大多數的地方可使用美元現金，買任何東西一定要殺價，不要急於付錢購買，愈鄉下的地方，物品愈便宜，最常買的紀念品是手工木雕、石雕和綠玉。,一 元 新台幣 大約 可 兌換 二元 肯亞 先令 大多數 的 地方 可 使用 美元 現金 買 任何 東西 一定 要 殺價 不要 急於 付錢 購買 愈 鄉下 的 地方 物品 愈 便宜 最 常 買 的 紀念品 是 手工 木雕 石雕 和 綠玉,44,一(3701681) 元(60807) 新台幣(1741) 大約(27064) 可(307359) 兌換(1294) 二元(1381) 肯亞(743) 先令(409) 大多數(21212) 的(16029838) 地方(139164) 可(307359) 使用(99640) 美元(27307) 現金(5112) 買(59736) 任何(131795) 東西(139472) 一定(138695) 要(851264) 殺價(315) 不要(101931) 急於(3192) 付錢(2344) 購買(14998) 愈(40793) 鄉下(5332) 的(16029838) 地方(139164) 物品(10557) 愈(40793) 便宜(8506) 最(421680) 常(86207) 買(59736) 的(16029838) 紀念品(1268) 是(4642407) 手工(3012) 木雕(982) 石雕(720) 和(1338337) 綠玉(Unknown),"{'High': 43, 'Low': 1}","{'第1級': 10, '第4級': 5, '第4*級': 4, 'Unknown': 12, '第1*級': 6, '第5級': 3, '第6級': 3, '第3*級': 1}",3,Y,Y,N,N
肯亞是瘧疾和黃熱病的疫區，因此出國前最好能夠注射疫苗，到肯亞時要自備防蚊油、蚊帳、蚊香等，回國再做追蹤。,肯亞 是 瘧疾 和 黃熱病 的 疫區 因此 出國 前 最好 能夠 注射 疫苗 到 肯亞 時 要 自備 防蚊油 蚊帳 蚊香 等 回國 再 做 追蹤,27,肯亞(743) 是(4642407) 瘧疾(1072) 和(1338337) 黃熱病(104) 的(16029838) 疫區(78) 因此(184606) 出國(4937) 前(272709) 最好(22016) 能夠(96422) 注射(3133) 疫苗(1956) 到(546906) 肯亞(743) 時(623734) 要(851264) 自備(456) 防蚊油(Unknown) 蚊帳(454) 蚊香(93) 等(327380) 回國(5633) 再(326207) 做(411649) 追蹤(6194),"{'High': 24, 'Low': 3}","{'Unknown': 11, '第1級': 6, '第7級': 2, '第4*級': 1, '第3級': 2, '第6級': 1, '第3*級': 2, '第1*級': 1, '第5級': 1}",2,Y,Y,N,N
飲水一定要買礦泉水，正式的餐廳衛生不成問題，可是價格也不低，最好不要到小店或攤販吃東西，不妨自己帶些食物。,飲水 一定 要 買 礦泉水 正式 的 餐廳 衛生 不成 問題 可是 價格 也 不 低 最好 不要 到 小店 或 攤販 吃 東西 不妨 自己 帶 些 食物,29,飲水(1165) 一定(138695) 要(851264) 買(59736) 礦泉水(513) 正式(23229) 的(16029838) 餐廳(13613) 衛生(6348) 不成(3054) 問題(280782) 可是(125487) 價格(21121) 也(1590760) 不(2282521) 低(32663) 最好(22016) 不要(101931) 到(546906) 小店(1091) 或(478077) 攤販(935) 吃(141660) 東西(139472) 不妨(9148) 自己(744739) 帶(105786) 些(159879) 食物(41958),{'High': 29},"{'第6級': 1, '第1*級': 5, '第1級': 10, 'Unknown': 5, '第3*級': 1, '第5級': 2, '第4級': 1, '第3級': 3, '第4*級': 1}",1,Y,Y,N,N
旅遊安全方面，要多注意在奈洛比市區或是雜亂擁擠的市場裡出沒的扒手，晚上盡可能不要單獨外出。,旅遊 安全 方面 要 多 注意 在 奈洛比 市區 或是 雜亂 擁擠 的 市場 裡 出沒 的 扒手 晚上 盡可能 不要 單獨 外出,23,旅遊(8465) 安全(35338) 方面(75079) 要(851264) 多(318992) 注意(49591) 在(3284238) 奈洛比(144) 市區(3749) 或是(75906) 雜亂(1456) 擁擠(3026) 的(16029838) 市場(65023) 裡(520435) 出沒(1560) 的(16029838) 扒手(332) 晚上(42206) 盡可能(7447) 不要(101931) 單獨(9253) 外出(5293),{'High': 23},"{'第4級': 1, '第3級': 1, '第3*級': 2, '第1級': 5, '第2級': 3, '第1*級': 2, 'Unknown': 4, '第6級': 2, '第7級': 1, '第5級': 2}",2,Y,Y,N,N
旅遊資訊先蒐集沙法力不虛此行，肯亞有許多世界動物保護的組織，他們長期在這裡保護野生動物和研究，對這方面有興趣的人可以請當地旅行社安排到這些地方參觀。,旅遊 資訊 先 蒐集 沙法力 不虛此行 肯亞 有 許多 世界 動物 保護 的 組織 他們 長期 在 這裡 保護 野生 動物 和 研究 對 這 方面 有 興趣 的 人 可以 請 當地 旅行社 安排 到 這些 地方 參觀,39,旅遊(8465) 資訊(37848) 先(136649) 蒐集(7173) 沙法力(Unknown) 不虛此行(125) 肯亞(743) 有(2217079) 許多(159791) 世界(165235) 動物(36835) 保護(32573) 的(16029838) 組織(69485) 他們(716752) 長期(28592) 在(3284238) 這裡(100385) 保護(32573) 野生(2489) 動物(36835) 和(1338337) 研究(182500) 對(897964) 這(2114032) 方面(75079) 有(2217079) 興趣(34215) 的(16029838) 人(1550512) 可以(560531) 請(120629) 當地(23011) 旅行社(991) 安排(30105) 到(546906) 這些(315113) 地方(139164) 參觀(9034),"{'High': 38, 'Low': 1}","{'第4級': 3, '第1*級': 3, '第5級': 3, 'Unknown': 8, '第1級': 12, '第3*級': 5, '第2級': 1, '第6級': 1, '第3級': 2, '第4*級': 1}",3,Y,Y,N,N
肯亞是賞鳥樂園。,肯亞 是 賞 鳥 樂園,5,肯亞(743) 是(4642407) 賞(8511) 鳥(18798) 樂園(2531),{'High': 5},"{'Unknown': 1, '第1級': 1, '第5級': 2, '第2級': 1}",0,Y,N,N,N
肯亞是一個以旅遊業賺外匯的國家，可是連首都奈洛比機場都沒有旅客服務中心，因此旅遊資訊都得自行先準備好。,肯亞 是 一 個 以 旅遊業 賺 外匯 的 國家 可是 連 首都 奈洛比 機場 都 沒有 旅客 服務 中心 因此 旅遊 資訊 都 得 自行 先 準備好,28,肯亞(743) 是(4642407) 一(3701681) 個(2296574) 以(547785) 旅遊業(266) 賺(9831) 外匯(4730) 的(16029838) 國家(109166) 可是(125487) 連(91153) 首都(12838) 奈洛比(144) 機場(7570) 都(1125846) 沒有(594280) 旅客(3355) 服務(38055) 中心(46076) 因此(184606) 旅遊(8465) 資訊(37848) 都(1125846) 得(573721) 自行(9833) 先(136649) 準備好(9688),{'High': 28},"{'Unknown': 6, '第1級': 7, '第5級': 2, '第4級': 4, '第6級': 1, '第1*級': 3, '第3*級': 1, '第2*級': 1, '第3級': 2, '第4*級': 1}",3,Y,Y,N,N
到肯亞旅遊最重要目的之一就是觀賞野生動物或觀賞特殊景觀，英文稱為沙法力(SAFARI)，這個字的原意是狩獵或狩獵旅遊，現在的意義則是「荒野探奇」。,到 肯亞 旅遊 最 重要 目的 之 一 就 是 觀賞 野生 動物 或 觀賞 特殊 景觀 英文 稱為 沙法力 SAFARI 這 個 字 的 原意 是 狩獵 或 狩獵 旅遊 現在 的 意義 則 是 荒野 探奇,38,到(546906) 肯亞(743) 旅遊(8465) 最(421680) 重要(154863) 目的(45226) 之(875481) 一(3701681) 就(1737544) 是(4642407) 觀賞(5617) 野生(2489) 動物(36835) 或(478077) 觀賞(5617) 特殊(28606) 景觀(4987) 英文(15308) 稱為(34293) 沙法力(Unknown) SAFARI(Unknown) 這(2114032) 個(2296574) 字(75654) 的(16029838) 原意(1441) 是(4642407) 狩獵(2902) 或(478077) 狩獵(2902) 旅遊(8465) 現在(218744) 的(16029838) 意義(71714) 則(254096) 是(4642407) 荒野(2503) 探奇(47),"{'High': 35, 'Low': 3}","{'第1級': 13, 'Unknown': 6, '第4級': 2, '第1*級': 1, '第2級': 1, '第3*級': 1, '第5級': 6, '第6級': 3, '第3級': 2, '第4*級': 1, '第7級': 2}",2,Y,Y,N,N
談到沙法力，不一定只是追尋野生動物的足跡，也可能觀看原住民的生活或是走訪特殊的景觀。,談到 沙法力 不一定 只 是 追尋 野生 動物 的 足跡 也 可能 觀看 原住民 的 生活 或是 走訪 特殊 的 景觀,21,談到(13817) 沙法力(Unknown) 不一定(12922) 只(436725) 是(4642407) 追尋(4639) 野生(2489) 動物(36835) 的(16029838) 足跡(2062) 也(1590760) 可能(271025) 觀看(10113) 原住民(9390) 的(16029838) 生活(213189) 或是(75906) 走訪(1087) 特殊(28606) 的(16029838) 景觀(4987),"{'High': 20, 'Low': 1}","{'Unknown': 4, '第1*級': 1, '第1級': 6, '第5級': 4, '第6級': 3, '第3級': 1, '第2級': 1, '第7級': 1}",3,Y,Y,N,N
肯亞荒野探奇(SAFARI)的方式很多，依住宿的方式可分為帳篷露營和旅館的荒野探奇，依交通方式有健行、汽車、小飛機、駱駝、騎馬、單車等荒野探奇，在維多利亞湖還可以搭船來一趟湖上荒野探奇。,肯亞 荒野 探 奇 SAFARI 的 方式 很多 依 住宿 的 方式 可 分為 帳篷 露營 和 旅館 的 荒野 探奇 依 交通 方式 有 健行 汽車 小 飛機 駱駝 騎 馬 單車 等 荒野 探奇 在 維多利亞湖 還可以 搭船 來 一 趟 湖 上 荒野 探奇,47,肯亞(743) 荒野(2503) 探(4424) 奇(11637) SAFARI(Unknown) 的(16029838) 方式(133407) 很多(113128) 依(37519) 住宿(2271) 的(16029838) 方式(133407) 可(307359) 分為(11069) 帳篷(3380) 露營(1197) 和(1338337) 旅館(12498) 的(16029838) 荒野(2503) 探奇(47) 依(37519) 交通(11639) 方式(133407) 有(2217079) 健行(742) 汽車(21028) 小(318835) 飛機(18598) 駱駝(2515) 騎(20953) 馬(49895) 單車(1965) 等(327380) 荒野(2503) 探奇(47) 在(3284238) 維多利亞湖(30) 還可以(9751) 搭船(804) 來(742183) 一(3701681) 趟(11585) 湖(8772) 上(1233218) 荒野(2503) 探奇(47),"{'High': 42, 'Low': 5}","{'Unknown': 16, '第6級': 4, '第1級': 8, '第4*級': 6, '第5級': 2, '第2*級': 1, '第3級': 1, '第7級': 2, '第2級': 3, '第1*級': 2, '第3*級': 1, '第4級': 1}",3,Y,Y,N,N
肯亞人民的生活十分簡樸。,肯亞 人民 的 生活 十分 簡樸,6,肯亞(743) 人民(36441) 的(16029838) 生活(213189) 十分(63196) 簡樸(1304),{'High': 6},"{'Unknown': 1, '第4*級': 1, '第1級': 1, '第3級': 1, '第4級': 1, '第7級': 1}",0,Y,N,N,N
肯亞人民的生活十分簡樸。,肯亞 人民 的 生活 十分 簡樸,6,肯亞(743) 人民(36441) 的(16029838) 生活(213189) 十分(63196) 簡樸(1304),{'High': 6},"{'Unknown': 1, '第4*級': 1, '第1級': 1, '第3級': 1, '第4級': 1, '第7級': 1}",0,Y,N,N,N
埃及首都非洲最大城市古文明遺跡令人留連，在開羅近郊的古埃及首都孟菲斯，發現的法老王瑞姆西茲二世石灰雕像，這位法老王是埃及歷史上最偉大的君王之一。,埃及 首都 非洲 最 大 城市 古 文明 遺跡 令 人 留連 在 開羅 近郊 的 古 埃及 首都 孟菲斯 發現 的 法老王 瑞姆西茲 二 世 石灰 雕像 這 位 法老王 是 埃及 歷史 上 最 偉大 的 君王 之 一,41,埃及(7543) 首都(12838) 非洲(8706) 最(421680) 大(525780) 城市(32018) 古(21972) 文明(17878) 遺跡(1943) 令(128742) 人(1550512) 留連(243) 在(3284238) 開羅(855) 近郊(676) 的(16029838) 古(21972) 埃及(7543) 首都(12838) 孟菲斯(28) 發現(175233) 的(16029838) 法老王(48) 瑞姆西茲(Unknown) 二(152494) 世(13336) 石灰(620) 雕像(5173) 這(2114032) 位(284809) 法老王(48) 是(4642407) 埃及(7543) 歷史(96060) 上(1233218) 最(421680) 偉大(20668) 的(16029838) 君王(5778) 之(875481) 一(3701681),"{'High': 37, 'Low': 4}","{'第5級': 6, '第4級': 3, '第3*級': 1, '第1*級': 3, '第1級': 11, '第3級': 2, 'Unknown': 11, '第7級': 2, '第2級': 1, '第6級': 1}",4,Y,N,N,Y
開羅，是埃及的首都，也是非洲最大的城市，現人口約二千萬人，平均是每三位埃及人，就有一位住在開羅。,開羅 是 埃及 的 首都 也 是 非洲 最 大 的 城市 現 人口 約 二千萬 人 平均 是 每 三 位 埃及人 就 有 一 位 住在 開羅,29,開羅(855) 是(4642407) 埃及(7543) 的(16029838) 首都(12838) 也(1590760) 是(4642407) 非洲(8706) 最(421680) 大(525780) 的(16029838) 城市(32018) 現(9910) 人口(17562) 約(47731) 二千萬(379) 人(1550512) 平均(13871) 是(4642407) 每(333357) 三(313861) 位(284809) 埃及人(889) 就(1737544) 有(2217079) 一(3701681) 位(284809) 住在(7545) 開羅(855),{'High': 29},"{'Unknown': 6, '第1級': 14, '第5級': 1, '第4級': 3, '第3*級': 2, '第1*級': 2, '第3級': 1}",2,Y,N,N,N
在一九六0年，還不到百分之四十的埃及人住在城市內，而每八人中也只有一位住在開羅而已。,在 一九六0年 還 不 到 百分之四十 的 埃及人 住在 城市 內 而 每 八 人 中 也 只有 一 位 住在 開羅 而已,23,在(3284238) 一九六0年(Unknown) 還(625086) 不(2282521) 到(546906) 百分之四十(552) 的(16029838) 埃及人(889) 住在(7545) 城市(32018) 內(183051) 而(937923) 每(333357) 八(54961) 人(1550512) 中(1011729) 也(1590760) 只有(43745) 一(3701681) 位(284809) 住在(7545) 開羅(855) 而已(43005),"{'High': 22, 'Low': 1}","{'第1*級': 2, 'Unknown': 9, '第1級': 8, '第3級': 2, '第5級': 1, '第4級': 1}",3,Y,Y,N,N
由統計數字，不難想像今天開羅人口密度與埃及都市化程度的速度。,由 統計 數字 不 難 想像 今天 開羅 人口 密度 與 埃及 都市化 程度 的 速度,16,由(208604) 統計(9580) 數字(19781) 不(2282521) 難(75701) 想像(45673) 今天(73277) 開羅(855) 人口(17562) 密度(2764) 與(968432) 埃及(7543) 都市化(502) 程度(43988) 的(16029838) 速度(26646),{'High': 16},"{'第4*級': 2, '第5級': 2, '第4級': 3, '第1級': 3, 'Unknown': 3, '第6級': 1, '第3*級': 2}",1,Y,Y,N,N
聽過天方夜譚「一千零一夜」的故事嗎？,聽 過 天方夜譚 一千零一 夜 的 故事 嗎,8,聽(138052) 過(412878) 天方夜譚(508) 一千零一(1406) 夜(31283) 的(16029838) 故事(101316) 嗎(248249),{'High': 8},"{'第1級': 3, '第1*級': 1, '第7級': 1, 'Unknown': 1, '第3*級': 1, '第2級': 1}",2,Y,N,N,Y
其故事的結尾所在地，也就是在今天的開羅。,其 故事 的 結尾 所在地 也 就 是 在 今天 的 開羅,12,其(307905) 故事(101316) 的(16029838) 結尾(4268) 所在地(1929) 也(1590760) 就(1737544) 是(4642407) 在(3284238) 今天(73277) 的(16029838) 開羅(855),{'High': 12},"{'第6級': 1, '第2級': 1, '第1級': 6, '第5級': 1, 'Unknown': 2, '第1*級': 1}",1,N,N,N,N
開羅可能是人類歷史上，最早的政治城市，大約在西元前三千一百年前，當時的埃及法老王米尼茲(Menes)統一上下埃及，建立了後來被考古學家認為的埃及第一個古王朝。,開羅 可能 是 人類 歷史 上 最早 的 政治 城市 大約 在 西元 前 三千一百 年 前 當時 的 埃及 法老王 米尼茲 Menes 統一 上下 埃及 建立 了 後來 被 考古學家 認為 的 埃及 第一 個 古 王朝,38,開羅(855) 可能(271025) 是(4642407) 人類(78855) 歷史(96060) 上(1233218) 最早(9441) 的(16029838) 政治(79504) 城市(32018) 大約(27064) 在(3284238) 西元(19393) 前(272709) 三千一百(24) 年(514736) 前(272709) 當時(126214) 的(16029838) 埃及(7543) 法老王(48) 米尼茲(Unknown) Menes(1) 統一(14407) 上下(11503) 埃及(7543) 建立(52946) 了(3199291) 後來(95618) 被(540683) 考古學家(1115) 認為(192030) 的(16029838) 埃及(7543) 第一(172544) 個(2296574) 古(21972) 王朝(12044),"{'High': 34, 'Low': 4}","{'Unknown': 9, '第1級': 10, '第4*級': 4, '第3級': 2, '第4級': 1, '第1*級': 1, '第3*級': 1, '第5級': 5, '第2級': 4, '第7級': 1}",5,Y,N,N,Y
當時的首都就建在孟菲斯(Memphis)，也就是今天開羅的西郊區。,當時 的 首都 就 建 在 孟菲斯 Memphis 也 就 是 今天 開羅 的 西 郊區,16,當時(126214) 的(16029838) 首都(12838) 就(1737544) 建(13839) 在(3284238) 孟菲斯(28) Memphis(44) 也(1590760) 就(1737544) 是(4642407) 今天(73277) 開羅(855) 的(16029838) 西(42024) 郊區(2082),"{'High': 14, 'Low': 2}","{'第3*級': 1, '第1級': 7, '第4級': 2, 'Unknown': 4, '第1*級': 1, '第2級': 1}",2,Y,N,N,N
此後，開羅一直是埃及人活動的中心，其間，有一段時間，埃及的首都遷至今天的洛克索，也就是沿尼羅河上游，距開羅約六百多公里的地方，但基本上，埃及的古文明是在開羅的尼羅河旁建立出來的。,此後 開羅 一直 是 埃及人 活動 的 中心 其 間 有 一 段 時間 埃及 的 首都 遷至 今天 的 洛克索 也 就 是 沿 尼羅河 上游 距 開羅 約 六百多 公里 的 地方 但 基本 上 埃及 的 古 文明 是 在 開羅 的 尼羅河 旁 建立 出來 的,50,此後(6678) 開羅(855) 一直(119877) 是(4642407) 埃及人(889) 活動(85743) 的(16029838) 中心(46076) 其(307905) 間(115638) 有(2217079) 一(3701681) 段(95980) 時間(213595) 埃及(7543) 的(16029838) 首都(12838) 遷至(816) 今天(73277) 的(16029838) 洛克索(Unknown) 也(1590760) 就(1737544) 是(4642407) 沿(19661) 尼羅河(920) 上游(2860) 距(4162) 開羅(855) 約(47731) 六百多(307) 公里(16646) 的(16029838) 地方(139164) 但(597124) 基本(52069) 上(1233218) 埃及(7543) 的(16029838) 古(21972) 文明(17878) 是(4642407) 在(3284238) 開羅(855) 的(16029838) 尼羅河(920) 旁(39478) 建立(52946) 出來(50336) 的(16029838),"{'High': 49, 'Low': 1}","{'第5級': 7, 'Unknown': 12, '第2級': 3, '第1級': 17, '第3級': 1, '第6級': 2, '第4級': 4, '第3*級': 1, '第1*級': 3}",5,Y,Y,N,N
開羅(Cairo)是西方人給它取的名字，古代埃及人稱開羅叫「彌思耳」(MISR)，它位於尼羅河三角洲的頂端，位置重要，今天一樣是進出埃及的門戶。,開羅 Cairo 是 西方人 給 它 取 的 名字 古代 埃及 人稱 開羅 叫 彌思耳 MISR 它 位於 尼羅河 三角洲 的 頂端 位置 重要 今天 一樣 是 進出 埃及 的 門戶,31,開羅(855) Cairo(Unknown) 是(4642407) 西方人(2128) 給(240485) 它(316854) 取(22155) 的(16029838) 名字(42571) 古代(18507) 埃及(7543) 人稱(796) 開羅(855) 叫(111645) 彌思耳(Unknown) MISR(Unknown) 它(316854) 位於(19612) 尼羅河(920) 三角洲(448) 的(16029838) 頂端(3579) 位置(32151) 重要(154863) 今天(73277) 一樣(188109) 是(4642407) 進出(3148) 埃及(7543) 的(16029838) 門戶(2263),"{'High': 28, 'Low': 3}","{'Unknown': 9, '第1級': 9, '第1*級': 3, '第4*級': 3, '第5級': 2, '第7級': 1, '第6級': 3, '第2級': 1}",6,Y,N,N,N
到開羅旅遊，除了可欣賞開羅新市容與舊景觀外，最重要的是到開羅西方的利比亞沙漠邊緣，去參觀舉世聞名的金字塔與獅身人面像。,到 開羅 旅遊 除了 可 欣賞 開羅 新 市容 與 舊 景觀 外 最 重要 的 是 到 開羅 西方 的 利比亞 沙漠 邊緣 去 參觀 舉世聞名 的 金字塔 與 獅身人面像,31,到(546906) 開羅(855) 旅遊(8465) 除了(75964) 可(307359) 欣賞(17817) 開羅(855) 新(212453) 市容(203) 與(968432) 舊(32022) 景觀(4987) 外(109310) 最(421680) 重要(154863) 的(16029838) 是(4642407) 到(546906) 開羅(855) 西方(28701) 的(16029838) 利比亞(212) 沙漠(5582) 邊緣(10706) 去(479993) 參觀(9034) 舉世聞名(341) 的(16029838) 金字塔(2834) 與(968432) 獅身人面像(Unknown),"{'High': 30, 'Low': 1}","{'第1級': 9, 'Unknown': 7, '第4級': 1, '第3*級': 2, '第4*級': 4, '第7級': 2, '第1*級': 2, '第6級': 2, '第2級': 1, '第5級': 1}",4,Y,Y,N,N
埃及境內的金字塔群，普遍集中於開羅一帶，如沙喀拉金字塔與吉薩金字塔，都是到埃及旅遊不能錯過的。,埃及 境 內 的 金字塔群 普遍 集中 於 開羅 一帶 如 沙喀拉 金字塔 與 吉薩 金字塔 都 是 到 埃及 旅遊 不能 錯過 的,24,埃及(7543) 境(15223) 內(183051) 的(16029838) 金字塔群(8) 普遍(16221) 集中(18277) 於(327210) 開羅(855) 一帶(12544) 如(195069) 沙喀拉(Unknown) 金字塔(2834) 與(968432) 吉薩(47) 金字塔(2834) 都(1125846) 是(4642407) 到(546906) 埃及(7543) 旅遊(8465) 不能(162852) 錯過(4695) 的(16029838),"{'High': 21, 'Low': 3}","{'第5級': 4, 'Unknown': 9, '第3級': 1, '第1級': 5, '第4級': 2, '第4*級': 3}",4,Y,Y,N,N
參觀金字塔途中，順道可以在孟菲斯古地上，看到瑞母西茲二世的石灰石雕像。,參觀 金字塔 途中 順道 可以 在 孟菲斯 古 地 上 看到 瑞母西茲 二 世 的 石灰石 雕像,17,參觀(9034) 金字塔(2834) 途中(8114) 順道(1142) 可以(560531) 在(3284238) 孟菲斯(28) 古(21972) 地(754998) 上(1233218) 看到(159419) 瑞母西茲(Unknown) 二(152494) 世(13336) 的(16029838) 石灰石(86) 雕像(5173),"{'High': 14, 'Low': 3}","{'第3*級': 1, 'Unknown': 8, '第5級': 1, '第1級': 4, '第1*級': 2, '第6級': 1}",4,Y,N,N,Y
石像雕刻之精細，著實令人震驚與感動，距今三千三百年前，埃及工匠的技藝已到如此精湛，真是讓人欽佩。,石像 雕刻 之 精細 著實 令 人 震驚 與 感動 距 今 三千三百 年 前 埃及 工匠 的 技藝 已 到 如此 精湛 真是 讓 人 欽佩,27,石像(521) 雕刻(4070) 之(875481) 精細(2269) 著實(2519) 令(128742) 人(1550512) 震驚(6898) 與(968432) 感動(15132) 距(4162) 今(33635) 三千三百(66) 年(514736) 前(272709) 埃及(7543) 工匠(2514) 的(16029838) 技藝(3002) 已(215610) 到(546906) 如此(133083) 精湛(1119) 真是(17243) 讓(526314) 人(1550512) 欽佩(1686),"{'High': 26, 'Low': 1}","{'Unknown': 4, '第6級': 6, '第5級': 5, '第1級': 6, '第4*級': 1, '第4級': 2, '第3級': 1, '第7級': 1, '第2級': 1}",1,Y,Y,N,N
在中世紀，開羅便是世界上最大的商業城市，東西南北的駱駝商隊，就在此地交會易貨，所以今天的開羅，也是個充滿購物誘惑的地方。,在 中世紀 開羅 便是 世界 上 最 大 的 商業 城市 東西 南北 的 駱駝 商隊 就 在 此 地 交會 易貨 所以 今天 的 開羅 也 是 個 充滿 購物 誘惑 的 地方,34,在(3284238) 中世紀(3388) 開羅(855) 便是(6111) 世界(165235) 上(1233218) 最(421680) 大(525780) 的(16029838) 商業(19292) 城市(32018) 東西(139472) 南北(4305) 的(16029838) 駱駝(2515) 商隊(385) 就(1737544) 在(3284238) 此(288458) 地(754998) 交會(1744) 易貨(9) 所以(239080) 今天(73277) 的(16029838) 開羅(855) 也(1590760) 是(4642407) 個(2296574) 充滿(43990) 購物(5443) 誘惑(5053) 的(16029838) 地方(139164),"{'High': 33, 'Low': 1}","{'第1*級': 5, '第7級': 2, 'Unknown': 9, '第2級': 1, '第1級': 12, '第3級': 1, '第5級': 1, '第4*級': 2, '第6級': 1}",1,Y,Y,N,N
開羅舊市區有個市集叫KhanilKhalili，如果翻成中文，可以叫「砍那爺拿哈利利」，意思就是說，你來到此地購物，一定要殺價才行，才會讓雙方都滿意。,開羅 舊 市區 有 個 市集 叫 KhanilKhalili 如果 翻成 中文 可以 叫 砍那爺拿哈利利 意思 就是說 你 來到 此 地 購物 一定 要 殺價 才 行 才 會 讓 雙方 都 滿意,32,開羅(855) 舊(32022) 市區(3749) 有(2217079) 個(2296574) 市集(2223) 叫(111645) KhanilKhalili(Unknown) 如果(322121) 翻成(380) 中文(9751) 可以(560531) 叫(111645) 砍那爺拿哈利利(Unknown) 意思(50961) 就是說(5040) 你(1414837) 來到(45261) 此(288458) 地(754998) 購物(5443) 一定(138695) 要(851264) 殺價(315) 才(394539) 行(63474) 才(394539) 會(1014977) 讓(526314) 雙方(22984) 都(1125846) 滿意(16756),"{'High': 30, 'Low': 2}","{'Unknown': 9, '第1*級': 4, '第3*級': 1, '第1級': 9, '第2級': 4, '第5級': 2, '第4*級': 2, '第4級': 1}",3,Y,Y,N,Y
如果時間充裕，此地還有一家咖啡店，叫ELFishway(魚路)，這是一家非常有名的咖啡店，埃及有位作家馬哈布斯，就是這家咖啡店的常客，他在咖啡店的水煙與咖啡中，寫出了諾貝爾文學獎作品。,如果 時間 充裕 此 地 還 有 一 家 咖啡店 叫 ELFishway 魚路 這 是 一 家 非常 有名 的 咖啡店 埃及 有 位 作家 馬哈布斯 就是 這 家 咖啡店 的 常客 他 在 咖啡店 的 水煙 與 咖啡 中 寫出 了 諾貝爾 文學獎 作品,45,如果(322121) 時間(213595) 充裕(1386) 此(288458) 地(754998) 還(625086) 有(2217079) 一(3701681) 家(236822) 咖啡店(1446) 叫(111645) ELFishway(Unknown) 魚路(20) 這(2114032) 是(4642407) 一(3701681) 家(236822) 非常(152032) 有名(8977) 的(16029838) 咖啡店(1446) 埃及(7543) 有(2217079) 位(284809) 作家(24304) 馬哈布斯(Unknown) 就是(2943) 這(2114032) 家(236822) 咖啡店(1446) 的(16029838) 常客(775) 他(2487930) 在(3284238) 咖啡店(1446) 的(16029838) 水煙(70) 與(968432) 咖啡(12867) 中(1011729) 寫出(6482) 了(3199291) 諾貝爾(2475) 文學獎(1032) 作品(79492),"{'High': 41, 'Low': 4}","{'第2級': 1, '第1級': 18, '第6級': 2, '第5級': 2, 'Unknown': 17, '第1*級': 2, '第2*級': 1, '第4級': 1, '第4*級': 1}",8,Y,Y,N,Y
放慢腳步，你可以在市集內尋找到不少異國風味的寶藏。,放慢 腳步 你 可以 在 市集 內 尋找到 不少 異國 風味 的 寶藏,13,放慢(2034) 腳步(12300) 你(1414837) 可以(560531) 在(3284238) 市集(2223) 內(183051) 尋找到(410) 不少(35256) 異國(2078) 風味(3277) 的(16029838) 寶藏(2194),{'High': 13},"{'Unknown': 4, '第4*級': 1, '第1級': 3, '第1*級': 1, '第3級': 1, '第6級': 3}",1,Y,N,N,N
埃及有幾樣值得採購的紀念品，一種是紙草，是古埃及人利用生長在尼羅河旁的蘆葦做成的一種草紙，上面可繪畫、寫字。,埃及 有 幾 樣 值得 採購 的 紀念品 一 種 是 紙草 是 古 埃及人 利用 生長 在 尼羅河 旁 的 蘆葦 做成 的 一 種 草紙 上面 可 繪畫 寫字,31,埃及(7543) 有(2217079) 幾(229415) 樣(31330) 值得(34362) 採購(3679) 的(16029838) 紀念品(1268) 一(3701681) 種(701563) 是(4642407) 紙草(20) 是(4642407) 古(21972) 埃及人(889) 利用(49229) 生長(11628) 在(3284238) 尼羅河(920) 旁(39478) 的(16029838) 蘆葦(1188) 做成(6466) 的(16029838) 一(3701681) 種(701563) 草紙(226) 上面(33520) 可(307359) 繪畫(14035) 寫字(3799),"{'High': 30, 'Low': 1}","{'第5級': 4, '第1級': 9, '第3級': 1, '第4級': 1, 'Unknown': 11, '第3*級': 1, '第4*級': 2, '第1*級': 2}",3,Y,N,N,N
一種是棉織品，埃及棉質地細，是高品質的產品，所以用棉織成的衣服，也是值得採購。,一 種 是 棉織品 埃及棉 質地 細 是 高品質 的 產品 所以 用 棉 織成 的 衣服 也 是 值得 採購,21,一(3701681) 種(701563) 是(4642407) 棉織品(34) 埃及棉(3) 質地(1660) 細(9786) 是(4642407) 高品質(1533) 的(16029838) 產品(51029) 所以(239080) 用(377038) 棉(1044) 織成(509) 的(16029838) 衣服(32821) 也(1590760) 是(4642407) 值得(34362) 採購(3679),"{'High': 19, 'Low': 2}","{'第1級': 8, 'Unknown': 7, '第6級': 1, '第4級': 2, '第1*級': 2, '第5級': 1}",3,Y,Y,N,N
另外，埃及古物博物館收藏埃及文物相當豐富，值得前往欣賞，但博物館照像要收費，館內的書籍也比外面貴一倍，非必要不要在此地購物，一些四、五星級飯店的商品街，一樣可買到想買的物品。,另外 埃及 古物 博物館 收藏 埃及 文物 相當 豐富 值得 前往 欣賞 但 博物館 照像 要 收費 館 內 的 書籍 也 比 外面 貴 一 倍 非 必要 不要 在 此 地 購物 一些 四 五星級 飯店 的 商品街 一樣 可 買到 想 買 的 物品,47,另外(48233) 埃及(7543) 古物(867) 博物館(9905) 收藏(6907) 埃及(7543) 文物(5405) 相當(66293) 豐富(24271) 值得(34362) 前往(27321) 欣賞(17817) 但(597124) 博物館(9905) 照像(81) 要(851264) 收費(1810) 館(3995) 內(183051) 的(16029838) 書籍(13528) 也(1590760) 比(170486) 外面(20486) 貴(14034) 一(3701681) 倍(22818) 非(112415) 必要(29889) 不要(101931) 在(3284238) 此(288458) 地(754998) 購物(5443) 一些(156929) 四(141667) 五星級(341) 飯店(9669) 的(16029838) 商品街(Unknown) 一樣(188109) 可(307359) 買到(3290) 想(449884) 買(59736) 的(16029838) 物品(10557),"{'High': 45, 'Low': 2}","{'第3級': 3, '第5級': 7, 'Unknown': 11, '第4級': 5, '第4*級': 4, '第2級': 1, '第1級': 9, '第1*級': 5, '第3*級': 1, '第2*級': 1}",4,Y,Y,N,N
面對神秘古國埃及十問為你解惑。,面對 神秘 古國 埃及 十 問 為 你 解惑,9,面對(62914) 神秘(7052) 古國(491) 埃及(7543) 十(77415) 問(165473) 為(761341) 你(1414837) 解惑(598),{'High': 9},"{'第4*級': 1, '第5級': 2, 'Unknown': 2, '第1級': 3, '第7級': 1}",0,Y,N,N,N
一、埃及是怎樣的一個國家？,一 埃及 是 怎樣 的 一 個 國家,8,一(3701681) 埃及(7543) 是(4642407) 怎樣(31303) 的(16029838) 一(3701681) 個(2296574) 國家(109166),{'High': 8},"{'第1級': 5, '第5級': 1, 'Unknown': 1, '第1*級': 1}",0,Y,N,N,N
埃及是個古老文明之國，確實起源時間無從考證。,埃及 是 個 古老 文明 之 國 確實 起源 時間 無從 考證,12,埃及(7543) 是(4642407) 個(2296574) 古老(10197) 文明(17878) 之(875481) 國(73377) 確實(36977) 起源(4068) 時間(213595) 無從(4219) 考證(1976),{'High': 12},"{'第5級': 5, '第1級': 4, '第6級': 3}",0,Y,N,N,N
一般史學家最通常的分類法，就是將埃及從第一個朝代米尼茲法老王開始，至亞歷山大大帝為止，分為三十個朝代。,一般 史學家 最 通常 的 分類法 就是 將 埃及 從 第一 個 朝代 米尼茲 法老王 開始 至 亞歷山大 大帝 為止 分為 三十 個 朝代,24,一般(80732) 史學家(1537) 最(421680) 通常(56445) 的(16029838) 分類法(640) 就是(2943) 將(448374) 埃及(7543) 從(496546) 第一(172544) 個(2296574) 朝代(1630) 米尼茲(Unknown) 法老王(48) 開始(245562) 至(101530) 亞歷山大(1484) 大帝(1403) 為止(17781) 分為(11069) 三十(24336) 個(2296574) 朝代(1630),"{'High': 22, 'Low': 2}","{'第3*級': 1, 'Unknown': 9, '第1*級': 2, '第4級': 1, '第1級': 3, '第5級': 4, '第2級': 2, '第6級': 2}",5,Y,Y,N,Y
這其中，又細分為三個時期：古王國時期、中王國時期與新王國時期。,這 其中 又 細分為 三 個 時期 古 王國 時期 中 王國 時期 與 新 王國 時期,17,這(2114032) 其中(95627) 又(535555) 細分為(299) 三(313861) 個(2296574) 時期(47839) 古(21972) 王國(8414) 時期(47839) 中(1011729) 王國(8414) 時期(47839) 與(968432) 新(212453) 王國(8414) 時期(47839),{'High': 17},"{'第1級': 4, '第3*級': 1, '第1*級': 1, 'Unknown': 3, '第4*級': 5, '第5級': 3}",1,Y,Y,N,N
由於古王國時期的統治者法老王們，都喜歡建金字塔作自己的陵寢，所以古王國時期又稱「金字塔時期」。,由於 古 王國 時期 的 統治 者 法老王 們 都 喜歡 建 金字塔 作 自己 的 陵寢 所以 古 王國 時期 又 稱 金字塔 時期,25,由於(88111) 古(21972) 王國(8414) 時期(47839) 的(16029838) 統治(19436) 者(423504) 法老王(48) 們(140794) 都(1125846) 喜歡(113753) 建(13839) 金字塔(2834) 作(78184) 自己(744739) 的(16029838) 陵寢(756) 所以(239080) 古(21972) 王國(8414) 時期(47839) 又(535555) 稱(60191) 金字塔(2834) 時期(47839),"{'High': 24, 'Low': 1}","{'第4*級': 4, 'Unknown': 10, '第5級': 3, '第1級': 5, '第1*級': 3}",3,Y,Y,N,N
埃及第一個朝代距今天約五千多年，有證據顯示，第一朝代法老王米尼茲在公元前五千多年前就正式統一上下埃及，比中國歷史還早。,埃及 第一 個 朝代 距 今天 約 五千多 年 有 證據 顯示 第一 朝代 法老王 米尼茲 在 公元 前 五千多 年 前 就 正式 統一 上下 埃及 比 中國 歷史 還 早,32,埃及(7543) 第一(172544) 個(2296574) 朝代(1630) 距(4162) 今天(73277) 約(47731) 五千多(224) 年(514736) 有(2217079) 證據(20726) 顯示(32718) 第一(172544) 朝代(1630) 法老王(48) 米尼茲(Unknown) 在(3284238) 公元(11485) 前(272709) 五千多(224) 年(514736) 前(272709) 就(1737544) 正式(23229) 統一(14407) 上下(11503) 埃及(7543) 比(170486) 中國(214840) 歷史(96060) 還(625086) 早(62038),"{'High': 30, 'Low': 2}","{'第5級': 4, '第2級': 2, '第1級': 10, '第6級': 2, '第4級': 1, '第3*級': 2, 'Unknown': 6, '第4*級': 2, '第1*級': 2, '第3級': 1}",4,Y,N,N,Y
吉薩的三座金字塔，是全埃及最著名的觀光點，最左的一座是高一百四十六公尺的古夫王金字塔，中間一座是卡菲王金字塔。,吉薩 的 三 座 金字塔 是 全 埃及 最 著名 的 觀光點 最 左 的 一 座 是 高 一百四十六 公尺 的 古夫王 金字塔 中間 一 座 是 卡菲王 金字塔,30,吉薩(47) 的(16029838) 三(313861) 座(49959) 金字塔(2834) 是(4642407) 全(178642) 埃及(7543) 最(421680) 著名(20279) 的(16029838) 觀光點(59) 最(421680) 左(29440) 的(16029838) 一(3701681) 座(49959) 是(4642407) 高(128858) 一百四十六(34) 公尺(19233) 的(16029838) 古夫王(7) 金字塔(2834) 中間(19003) 一(3701681) 座(49959) 是(4642407) 卡菲王(Unknown) 金字塔(2834),"{'Low': 5, 'High': 25}","{'Unknown': 8, '第1級': 11, '第3*級': 3, '第2級': 2, '第5級': 1, '第1*級': 3, '第6級': 1, '第4級': 1}",7,Y,N,N,Y
二、金字塔是什麼東西？,二 金字塔 是 什麼 東西,5,二(152494) 金字塔(2834) 是(4642407) 什麼(431321) 東西(139472),{'High': 5},"{'第1級': 4, 'Unknown': 1}",1,N,N,N,N
金字塔是埃及古王國時期(約是從第一至第六朝代，公元前三千年至二千三百五十年)，那時候統治埃及的法老王，為自己修築的陵寢，由於都是呈三角形，形狀像金字，所以稱金字塔。,金字塔 是 埃及 古 王國 時期 約 是 從 第一 至 第六 朝代 公元 前 三千 年 至 二千三百五十年 那 時候 統治 埃及 的 法老王 為 自己 修築 的 陵寢 由於 都 是 呈 三角形 形狀 像 金字 所以 稱 金字塔,41,金字塔(2834) 是(4642407) 埃及(7543) 古(21972) 王國(8414) 時期(47839) 約(47731) 是(4642407) 從(496546) 第一(172544) 至(101530) 第六(9145) 朝代(1630) 公元(11485) 前(272709) 三千(5525) 年(514736) 至(101530) 二千三百五十年(Unknown) 那(754138) 時候(199970) 統治(19436) 埃及(7543) 的(16029838) 法老王(48) 為(761341) 自己(744739) 修築(1616) 的(16029838) 陵寢(756) 由於(88111) 都(1125846) 是(4642407) 呈(11604) 三角形(2401) 形狀(12003) 像(289494) 金字(200) 所以(239080) 稱(60191) 金字塔(2834),"{'High': 39, 'Low': 2}","{'Unknown': 12, '第1級': 10, '第5級': 6, '第4*級': 4, '第3*級': 1, '第1*級': 4, '第2級': 1, '第6級': 2, '第7級': 1}",5,Y,Y,N,N
現在所發現的，在埃及境內最老的一座金字塔，建造的年代約距今四千七百年，是埃及第三個朝代法老王左惹(Zoser)所建，位於開羅西南方二十七公里處，一個叫沙喀拉(Sakkara)的地方，這地方是過去埃及古王國時期首都孟菲斯(Memphis)的墳場，就在利比亞沙漠的邊緣，尼羅河西岸(尼羅河東岸是人住的，西岸是埋死人的)。,現在 所 發現 的 在 埃及 境 內 最 老 的 一 座 金字塔 建造 的 年代 約 距 今 四千七百 年 是 埃及 第三 個 朝代 法老王 左惹 Zoser 所 建 位於 開羅 西南方 二十七 公里 處 一 個 叫 沙喀拉 Sakkara 的 地方 這 地方 是 過去 埃及 古 王國 時期 首都 孟菲斯 Memphis 的 墳場 就 在 利比亞 沙漠 的 邊緣 尼羅河 西岸 尼羅河 東岸 是 人 住 的 西岸 是 埋 死人 的,77,現在(218744) 所(527327) 發現(175233) 的(16029838) 在(3284238) 埃及(7543) 境(15223) 內(183051) 最(421680) 老(75373) 的(16029838) 一(3701681) 座(49959) 金字塔(2834) 建造(9606) 的(16029838) 年代(15510) 約(47731) 距(4162) 今(33635) 四千七百(27) 年(514736) 是(4642407) 埃及(7543) 第三(50320) 個(2296574) 朝代(1630) 法老王(48) 左惹(Unknown) Zoser(2) 所(527327) 建(13839) 位於(19612) 開羅(855) 西南方(451) 二十七(2575) 公里(16646) 處(84410) 一(3701681) 個(2296574) 叫(111645) 沙喀拉(Unknown) Sakkara(Unknown) 的(16029838) 地方(139164) 這(2114032) 地方(139164) 是(4642407) 過去(88758) 埃及(7543) 古(21972) 王國(8414) 時期(47839) 首都(12838) 孟菲斯(28) Memphis(44) 的(16029838) 墳場(528) 就(1737544) 在(3284238) 利比亞(212) 沙漠(5582) 的(16029838) 邊緣(10706) 尼羅河(920) 西岸(1328) 尼羅河(920) 東岸(1387) 是(4642407) 人(1550512) 住(69815) 的(16029838) 西岸(1328) 是(4642407) 埋(6554) 死人(2659) 的(16029838),"{'High': 69, 'Low': 8}","{'第1級': 23, '第2級': 3, '第1*級': 6, '第5級': 7, 'Unknown': 26, '第3級': 1, '第3*級': 2, '第4*級': 2, '第4級': 4, '第6級': 3}",13,Y,N,N,Y
左惹王的金字塔有個特色，與後來的金字塔造型不同，因為它是一座有六個階梯的階梯型金字塔(Step？,左惹王 的 金字塔 有 個 特色 與 後來 的 金字塔 造型 不同 因為 它 是 一 座 有 六 個 階梯 的 階梯型 金字塔 Step,25,左惹王(Unknown) 的(16029838) 金字塔(2834) 有(2217079) 個(2296574) 特色(16060) 與(968432) 後來(95618) 的(16029838) 金字塔(2834) 造型(6053) 不同(159432) 因為(425061) 它(316854) 是(4642407) 一(3701681) 座(49959) 有(2217079) 六(77936) 個(2296574) 階梯(3460) 的(16029838) 階梯型(6) 金字塔(2834) Step(Unknown),"{'Low': 3, 'High': 22}","{'Unknown': 6, '第1級': 10, '第4級': 1, '第4*級': 1, '第2級': 1, '第5級': 1, '第3級': 1, '第1*級': 2, '第3*級': 1, '第6級': 1}",6,Y,Y,N,Y
Pyramid)，全埃及僅有這麼一座階梯型金字塔，這也是埃及金字塔最早的建造型式。,Pyramid 全 埃及 僅有 這麼 一 座 階梯型 金字塔 這 也 是 埃及 金字塔 最早 的 建造 型式,18,Pyramid(48) 全(178642) 埃及(7543) 僅有(4494) 這麼(116973) 一(3701681) 座(49959) 階梯型(6) 金字塔(2834) 這(2114032) 也(1590760) 是(4642407) 埃及(7543) 金字塔(2834) 最早(9441) 的(16029838) 建造(9606) 型式(1516),"{'Low': 2, 'High': 16}","{'Unknown': 5, '第2級': 2, '第5級': 3, '第6級': 1, '第1級': 5, '第3*級': 1, '第7級': 1}",4,Y,N,N,N
三、遊客可以參觀那些金字塔？,三 遊客 可以 參觀 那些 金字塔,6,三(313861) 遊客(4899) 可以(560531) 參觀(9034) 那些(113704) 金字塔(2834),{'High': 6},"{'第1級': 2, 'Unknown': 3, '第3*級': 1}",1,Y,N,N,N
一般來說，遊客參觀任何金字塔都沒有限制，但全埃及共有九十六座金字塔，除非是考古學家，否則誰有那麼多功夫去逐一考察。,一般來說 遊客 參觀 任何 金字塔 都 沒有 限制 但 全 埃及 共有 九十六 座 金字塔 除非 是 考古學家 否則 誰 有 那麼多 功夫 去 逐一 考察,26,一般來說(3225) 遊客(4899) 參觀(9034) 任何(131795) 金字塔(2834) 都(1125846) 沒有(594280) 限制(23094) 但(597124) 全(178642) 埃及(7543) 共有(692) 九十六(329) 座(49959) 金字塔(2834) 除非(15100) 是(4642407) 考古學家(1115) 否則(26547) 誰(110452) 有(2217079) 那麼多(10705) 功夫(8003) 去(479993) 逐一(2540) 考察(5256),{'High': 26},"{'第4*級': 6, 'Unknown': 7, '第3*級': 2, '第1級': 6, '第2級': 2, '第5級': 1, '第6級': 2}",6,Y,Y,N,N
不過，像前述的階梯型金字塔，因位於開羅市郊，通常旅行團都會安排去參觀。,不過 像 前述 的 階梯型 金字塔 因 位於 開羅 市郊 通常 旅行團 都 會 安排 去 參觀,17,不過(186226) 像(289494) 前述(4204) 的(16029838) 階梯型(6) 金字塔(2834) 因(119364) 位於(19612) 開羅(855) 市郊(631) 通常(56445) 旅行團(364) 都(1125846) 會(1014977) 安排(30105) 去(479993) 參觀(9034),"{'High': 16, 'Low': 1}","{'第2級': 1, '第1*級': 2, '第6級': 2, '第1級': 3, 'Unknown': 5, '第7級': 1, '第4級': 2, '第3*級': 1}",3,Y,Y,N,N
而最有名的金字塔，也是幾乎所有旅行團都會去的金字塔，就是位於吉薩高地(Giza)的三座金字塔。,而 最 有名 的 金字塔 也 是 幾乎 所有 旅行團 都 會 去 的 金字塔 就是 位於 吉薩 高地 Giza 的 三 座 金字塔,24,而(937923) 最(421680) 有名(8977) 的(16029838) 金字塔(2834) 也(1590760) 是(4642407) 幾乎(74298) 所有(146771) 旅行團(364) 都(1125846) 會(1014977) 去(479993) 的(16029838) 金字塔(2834) 就是(2943) 位於(19612) 吉薩(47) 高地(1502) Giza(10) 的(16029838) 三(313861) 座(49959) 金字塔(2834),"{'High': 22, 'Low': 2}","{'第5級': 1, '第1*級': 2, '第2*級': 1, '第1級': 8, 'Unknown': 8, '第4級': 1, '第2級': 1, '第6級': 1, '第3*級': 1}",5,Y,Y,N,N
這三座金字塔依建造時間先後，分別是古夫王金字塔(PyramidofKhufu)、卡菲王金字塔(Pyamid？,這 三 座 金字塔 依 建造 時間 先後 分別 是 古夫王 金字塔 PyramidofKhufu 卡菲王 金字塔 Pyamid,16,這(2114032) 三(313861) 座(49959) 金字塔(2834) 依(37519) 建造(9606) 時間(213595) 先後(8709) 分別(25566) 是(4642407) 古夫王(7) 金字塔(2834) PyramidofKhufu(Unknown) 卡菲王(Unknown) 金字塔(2834) Pyamid(Unknown),"{'High': 12, 'Low': 4}","{'第1級': 4, '第3*級': 1, 'Unknown': 8, '第5級': 2, '第4*級': 1}",7,Y,N,N,Y
ofKhafre)與曼考王金字塔(PyramidofMenkaure)，三座金字塔連成一條建築線，每座金字塔都是呈四面狀，分別面向東西南北四方向，其中北面並不是正北方，而是磁北，為何如此蓋，至今沒有答案。,ofKhafre 與 曼考王 金字塔 PyramidofMenkaure 三 座 金字塔 連成 一 條 建築線 每 座 金字塔 都 是 呈 四面狀 分別 面向 東西 南北 四 方向 其中 北面 並 不 是 正北方 而是 磁北 為何 如此 蓋 至今 沒有 答案,39,ofKhafre(Unknown) 與(968432) 曼考王(Unknown) 金字塔(2834) PyramidofMenkaure(Unknown) 三(313861) 座(49959) 金字塔(2834) 連成(594) 一(3701681) 條(115362) 建築線(7) 每(333357) 座(49959) 金字塔(2834) 都(1125846) 是(4642407) 呈(11604) 四面狀(Unknown) 分別(25566) 面向(7743) 東西(139472) 南北(4305) 四(141667) 方向(39560) 其中(95627) 北面(1154) 並(442790) 不(2282521) 是(4642407) 正北方(15) 而是(74258) 磁北(3) 為何(25238) 如此(133083) 蓋(21495) 至今(14540) 沒有(594280) 答案(29628),"{'Low': 7, 'High': 32}","{'Unknown': 15, '第4*級': 3, '第1級': 9, '第3*級': 5, '第2級': 1, '第1*級': 1, '第6級': 1, '第5級': 3, '第4級': 1}",9,Y,Y,N,Y
吉薩高地方這三座金字塔建造時間，是埃及第四個朝代，也就是公元前二千六百二十年左右。,吉薩 高地 方 這 三 座 金字塔 建造 時間 是 埃及 第四 個 朝代 也 就 是 公元 前 二千六百二十年 左右,21,吉薩(47) 高地(1502) 方(33724) 這(2114032) 三(313861) 座(49959) 金字塔(2834) 建造(9606) 時間(213595) 是(4642407) 埃及(7543) 第四(21065) 個(2296574) 朝代(1630) 也(1590760) 就(1737544) 是(4642407) 公元(11485) 前(272709) 二千六百二十年(Unknown) 左右(33714),"{'Low': 2, 'High': 19}","{'Unknown': 6, '第3*級': 3, '第1級': 9, '第5級': 2, '第6級': 1}",2,Y,N,N,N
三座金字塔中，以古夫王金字塔最高，一百四十六公尺，其次是他兒子卡菲王的，高一百四十三公尺，第三座是古夫王孫子曼考王的金字塔，高度已降到六十六公尺，真的是一代不如一代。,三 座 金字塔 中 以 古夫王 金字塔 最 高 一百四十六 公尺 其次 是 他 兒子 卡菲王 的 高 一百四十三 公尺 第三 座 是 古夫王 孫子 曼考王 的 金字塔 高度 已 降到 六十六 公尺 真的 是 一 代 不 如 一 代,41,三(313861) 座(49959) 金字塔(2834) 中(1011729) 以(547785) 古夫王(7) 金字塔(2834) 最(421680) 高(128858) 一百四十六(34) 公尺(19233) 其次(8985) 是(4642407) 他(2487930) 兒子(60663) 卡菲王(Unknown) 的(16029838) 高(128858) 一百四十三(45) 公尺(19233) 第三(50320) 座(49959) 是(4642407) 古夫王(7) 孫子(7068) 曼考王(Unknown) 的(16029838) 金字塔(2834) 高度(20229) 已(215610) 降到(2208) 六十六(573) 公尺(19233) 真的(88001) 是(4642407) 一(3701681) 代(39507) 不(2282521) 如(195069) 一(3701681) 代(39507),"{'High': 35, 'Low': 6}","{'第1級': 13, '第3*級': 3, 'Unknown': 15, '第5級': 2, '第1*級': 2, '第4級': 5, '第3級': 1}",10,Y,Y,N,Y
吉薩金字塔是世界七大奇蹟之一。,吉薩 金字塔 是 世界 七 大 奇蹟 之 一,9,吉薩(47) 金字塔(2834) 是(4642407) 世界(165235) 七(59385) 大(525780) 奇蹟(8416) 之(875481) 一(3701681),"{'Low': 1, 'High': 8}","{'Unknown': 2, '第1級': 4, '第2級': 1, '第5級': 2}",1,Y,N,N,N
四、金字塔內有什麼秘密？,四 金字塔 內 有 什麼 秘密,6,四(141667) 金字塔(2834) 內(183051) 有(2217079) 什麼(431321) 秘密(11864),{'High': 6},"{'第1級': 3, 'Unknown': 1, '第3級': 1, '第5級': 1}",1,Y,Y,N,N
據說金字塔是外星人在地球上蓋的巨大建築？,據說 金字塔 是 外星人 在 地球 上 蓋 的 巨大 建築,11,據說(16336) 金字塔(2834) 是(4642407) 外星人(2507) 在(3284238) 地球(21533) 上(1233218) 蓋(21495) 的(16029838) 巨大(22154) 建築(31065),{'High': 11},"{'第4*級': 2, 'Unknown': 2, '第1級': 3, '第1*級': 1, '第4級': 2, '第5級': 1}",2,Y,N,N,N
是真的嗎？,是 真的 嗎,3,是(4642407) 真的(88001) 嗎(248249),{'High': 3},"{'第1級': 2, '第1*級': 1}",0,N,N,N,N
金字塔是如何蓋的，由於沒有確切資料留下來，如今仍是眾說紛紜，恐怕永遠都是謎。,金字塔 是 如何 蓋 的 由於 沒有 確切 資料 留下來 如今 仍 是 眾說紛紜 恐怕 永遠 都 是 謎,19,金字塔(2834) 是(4642407) 如何(148068) 蓋(21495) 的(16029838) 由於(88111) 沒有(594280) 確切(4747) 資料(52866) 留下來(6479) 如今(29812) 仍(92056) 是(4642407) 眾說紛紜(675) 恐怕(22544) 永遠(45362) 都(1125846) 是(4642407) 謎(4807),{'High': 19},"{'Unknown': 3, '第1級': 6, '第5級': 2, '第4級': 4, '第4*級': 2, '第6級': 1, '第3級': 1}",3,Y,Y,N,N
以古夫王金字塔為例，它是二百三十萬塊石灰岩建起來的，每塊石頭都重達二公噸以上，底部每塊石頭甚至重達十五公噸，石頭與石頭的接縫非常緊密，甚至連刮鬍刀片都插不進去，總重量達五百七十五萬公噸。,以 古夫王 金字塔 為 例 它 是 二百三十萬 塊 石灰岩 建起來 的 每 塊 石頭 都 重達 二 公噸 以上 底部 每 塊 石頭 甚至 重達 十五 公噸 石頭 與 石頭 的 接縫 非常 緊密 甚至 連 刮鬍刀片 都 插 不 進去 總重量 達 五百七十五萬 公噸,46,以(547785) 古夫王(7) 金字塔(2834) 為(761341) 例(56688) 它(316854) 是(4642407) 二百三十萬(33) 塊(54148) 石灰岩(285) 建起來(66) 的(16029838) 每(333357) 塊(54148) 石頭(17808) 都(1125846) 重達(489) 二(152494) 公噸(719) 以上(36569) 底部(3261) 每(333357) 塊(54148) 石頭(17808) 甚至(122502) 重達(489) 十五(19907) 公噸(719) 石頭(17808) 與(968432) 石頭(17808) 的(16029838) 接縫(202) 非常(152032) 緊密(5675) 甚至(122502) 連(91153) 刮鬍刀片(60) 都(1125846) 插(7254) 不(2282521) 進去(13780) 總重量(69) 達(25383) 五百七十五萬(1) 公噸(719),"{'High': 40, 'Low': 6}","{'第5級': 3, 'Unknown': 18, '第3級': 1, '第1*級': 4, '第1級': 10, '第4級': 4, '第3*級': 2, '第4*級': 3, '第7級': 1}",8,Y,Y,N,Y
有人研究後認為，金字塔是古埃及人應用槓桿原理，將石頭一塊塊吊上去的，以古夫王金字塔為例，據說總共施工三十年才完成，前十年是蓋地底下石室，後二十年才修高塔本身。,有 人 研究 後 認為 金字塔 是 古 埃及人 應用 槓桿 原理 將 石頭 一塊塊 吊上 去 的 以 古夫王 金字塔 為 例 據說 總共 施工 三十 年 才 完成 前 十 年 是 蓋 地 底下 石室 後 二十 年 才 修 高塔 本身,45,有(2217079) 人(1550512) 研究(182500) 後(422857) 認為(192030) 金字塔(2834) 是(4642407) 古(21972) 埃及人(889) 應用(17149) 槓桿(1182) 原理(6939) 將(448374) 石頭(17808) 一塊塊(741) 吊上(49) 去(479993) 的(16029838) 以(547785) 古夫王(7) 金字塔(2834) 為(761341) 例(56688) 據說(16336) 總共(5077) 施工(1516) 三十(24336) 年(514736) 才(394539) 完成(60471) 前(272709) 十(77415) 年(514736) 是(4642407) 蓋(21495) 地(754998) 底下(13563) 石室(324) 後(422857) 二十(32739) 年(514736) 才(394539) 修(13968) 高塔(650) 本身(44138),"{'High': 43, 'Low': 2}","{'第1級': 13, '第3級': 3, '第2級': 3, 'Unknown': 13, '第5級': 4, '第7級': 1, '第6級': 2, '第4級': 4, '第4*級': 2}",5,Y,N,N,Y
金字塔的力量有很多傳說，據說日本考古學家曾搬運了很多精密儀器進入金字塔內，想對金字塔作測量，但這些儀器一進入塔內就告失靈，無法正常操作。,金字塔 的 力量 有 很多 傳說 據說 日本 考古學家 曾 搬運 了 很多 精密 儀器 進入 金字塔 內 想 對 金字塔 作 測量 但 這些 儀器 一 進入 塔 內 就 告 失靈 無法 正常 操作,36,金字塔(2834) 的(16029838) 力量(59655) 有(2217079) 很多(113128) 傳說(14362) 據說(16336) 日本(105587) 考古學家(1115) 曾(132981) 搬運(1731) 了(3199291) 很多(113128) 精密(2324) 儀器(4419) 進入(66885) 金字塔(2834) 內(183051) 想(449884) 對(897964) 金字塔(2834) 作(78184) 測量(9835) 但(597124) 這些(315113) 儀器(4419) 一(3701681) 進入(66885) 塔(7202) 內(183051) 就(1737544) 告(6806) 失靈(658) 無法(150606) 正常(28865) 操作(10980),{'High': 36},"{'Unknown': 10, '第1級': 7, '第5級': 8, '第4*級': 2, '第4級': 3, '第6級': 2, '第3級': 2, '第2級': 1, '第3*級': 1}",4,Y,Y,N,N
最近的一項消息說，三年前，有一支德國科學隊，在金字塔內發現木乃伊的石室中，刻意在牆壁上鑿了一石洞，然後放入一部自走型攝影機，從拍出來的照片，可以看出隔著木乃伊石室還另外有個房間，德國科學家本來有意把石室打穿，一探究竟，但被埃及政府阻止，深怕如此一來，將會破壞金字塔結構。,最近 的 一 項 消息 說 三 年 前 有 一 支 德國 科學隊 在 金字塔 內 發現 木乃伊 的 石室 中 刻意 在 牆壁 上 鑿 了 一 石洞 然後 放入 一 部 自走型 攝影機 從 拍出來 的 照片 可以 看出 隔 著 木乃伊 石室 還 另外 有 個 房間 德國 科學家 本來 有意 把 石室 打穿 一探究竟 但 被 埃及 政府 阻止 深怕 如此一來 將 會 破壞 金字塔 結構,71,最近(30174) 的(16029838) 一(3701681) 項(88887) 消息(37528) 說(1285247) 三(313861) 年(514736) 前(272709) 有(2217079) 一(3701681) 支(25666) 德國(22936) 科學隊(Unknown) 在(3284238) 金字塔(2834) 內(183051) 發現(175233) 木乃伊(906) 的(16029838) 石室(324) 中(1011729) 刻意(11267) 在(3284238) 牆壁(7152) 上(1233218) 鑿(2063) 了(3199291) 一(3701681) 石洞(716) 然後(156193) 放入(5810) 一(3701681) 部(71567) 自走型(Unknown) 攝影機(8717) 從(496546) 拍出來(331) 的(16029838) 照片(25355) 可以(560531) 看出(19532) 隔(10438) 著(1004687) 木乃伊(906) 石室(324) 還(625086) 另外(48233) 有(2217079) 個(2296574) 房間(44038) 德國(22936) 科學家(18346) 本來(33194) 有意(7824) 把(617773) 石室(324) 打穿(122) 一探究竟(Unknown) 但(597124) 被(540683) 埃及(7543) 政府(92663) 阻止(10384) 深怕(1452) 如此一來(6554) 將(448374) 會(1014977) 破壞(18326) 金字塔(2834) 結構(43294),"{'High': 68, 'Low': 3}","{'第2級': 11, '第1級': 16, '第5級': 8, '第3級': 3, 'Unknown': 22, '第1*級': 6, '第6級': 1, '第7級': 1, '第4級': 3}",11,Y,Y,N,N
世界上探索金字塔建造秘密的書籍，至少超過一百多種專書，但始終沒有肯定的答案。,世界 上 探索 金字塔 建造 秘密 的 書籍 至少 超過 一百多 種 專書 但 始終 沒有 肯定 的 答案,19,世界(165235) 上(1233218) 探索(15308) 金字塔(2834) 建造(9606) 秘密(11864) 的(16029838) 書籍(13528) 至少(41964) 超過(30507) 一百多(3148) 種(701563) 專書(1071) 但(597124) 始終(19593) 沒有(594280) 肯定(34303) 的(16029838) 答案(29628),{'High': 19},"{'第2級': 2, '第1級': 4, '第6級': 1, 'Unknown': 4, '第5級': 4, '第4級': 2, '第4*級': 1, '第3*級': 1}",2,Y,Y,N,N
金字塔在起造時，是有門的，分別開在南北兩側，但等蓋好，門馬上被封住(死)。,金字塔 在 起造 時 是 有 門 的 分別 開 在 南北 兩 側 但 等 蓋好 門 馬上 被 封住 死,22,金字塔(2834) 在(3284238) 起造(137) 時(623734) 是(4642407) 有(2217079) 門(78834) 的(16029838) 分別(25566) 開(62807) 在(3284238) 南北(4305) 兩(526190) 側(16187) 但(597124) 等(327380) 蓋好(771) 門(78834) 馬上(39402) 被(540683) 封住(688) 死(117075),{'High': 22},"{'Unknown': 5, '第1*級': 6, '第3*級': 2, '第1級': 4, '第4*級': 1, '第6級': 1, '第2級': 2, '第3級': 1}",1,Y,Y,N,N
阿拉伯人在一千多年前打進埃及後，為了想拿走金字塔內的寶藏，在古夫王金字塔打了一個洞，直趨木乃伊石室，現在遊客可以循這條路進到金字塔內部，但很多人看過後一定會遺憾，因為裡面空空，什麼都沒有，而且塔內空氣非常差，又很悶熱，有心臟病者不宜嘗試進入，進入塔內的遊客還得繳一筆參觀費，，如果要拍照，另外得交拍照費。,阿拉伯人 在 一千多 年 前 打進 埃及 後 為了 想 拿走 金字塔 內 的 寶藏 在 古夫王 金字塔 打 了 一 個 洞 直 趨 木乃伊 石室 現在 遊客 可以 循 這 條 路 進到 金字塔 內部 但 很多 人 看過 後 一定 會 遺憾 因為 裡面 空空 什麼 都 沒有 而且 塔 內 空氣 非常 差 又 很 悶熱 有 心臟病 者 不宜 嘗試 進入 進入 塔 內 的 遊客 還 得 繳 一 筆 參觀費 如果 要 拍照 另外 得 交 拍照費,84,阿拉伯人(993) 在(3284238) 一千多(1368) 年(514736) 前(272709) 打進(1078) 埃及(7543) 後(422857) 為了(Unknown) 想(449884) 拿走(3325) 金字塔(2834) 內(183051) 的(16029838) 寶藏(2194) 在(3284238) 古夫王(7) 金字塔(2834) 打(76962) 了(3199291) 一(3701681) 個(2296574) 洞(18212) 直(32801) 趨(3204) 木乃伊(906) 石室(324) 現在(218744) 遊客(4899) 可以(560531) 循(5359) 這(2114032) 條(115362) 路(74635) 進到(3246) 金字塔(2834) 內部(20578) 但(597124) 很多(113128) 人(1550512) 看過(1832) 後(422857) 一定(138695) 會(1014977) 遺憾(9493) 因為(425061) 裡面(40741) 空空(1440) 什麼(431321) 都(1125846) 沒有(594280) 而且(180402) 塔(7202) 內(183051) 空氣(18137) 非常(152032) 差(23865) 又(535555) 很(715675) 悶熱(943) 有(2217079) 心臟病(4057) 者(423504) 不宜(4289) 嘗試(21645) 進入(66885) 進入(66885) 塔(7202) 內(183051) 的(16029838) 遊客(4899) 還(625086) 得(573721) 繳(3244) 一(3701681) 筆(32010) 參觀費(21) 如果(322121) 要(851264) 拍照(2914) 另外(48233) 得(573721) 交(9409) 拍照費(Unknown),"{'High': 80, 'Low': 4}","{'Unknown': 28, '第1*級': 10, '第1級': 22, '第5級': 4, '第3級': 6, '第6級': 4, '第4級': 5, '第2級': 3, '第4*級': 1, '第2*級': 1}",10,Y,Y,N,Y
五、據說金字塔是法老王差遣奴隸蓋出來的，這些奴隸就是以色人。,五 據說 金字塔 是 法老王 差遣 奴隸 蓋出來 的 這些 奴隸 就 是 以色人,14,五(112649) 據說(16336) 金字塔(2834) 是(4642407) 法老王(48) 差遣(682) 奴隸(6937) 蓋出來(31) 的(16029838) 這些(315113) 奴隸(6937) 就(1737544) 是(4642407) 以色人(Unknown),"{'High': 11, 'Low': 3}","{'第1級': 5, '第4*級': 1, 'Unknown': 5, '第7級': 1, '第6級': 2}",4,Y,Y,N,N
這是不對的說法。,這 是 不 對 的 說法,6,這(2114032) 是(4642407) 不(2282521) 對(897964) 的(16029838) 說法(32457),{'High': 6},"{'第1級': 5, '第4級': 1}",0,Y,N,N,N
法老王蓋金字塔並不是差遣奴隸，而是埃及人主動為法老王蓋的。,法老王 蓋 金字塔 並 不 是 差遣 奴隸 而是 埃及人 主動 為 法老王 蓋 的,15,法老王(48) 蓋(21495) 金字塔(2834) 並(442790) 不(2282521) 是(4642407) 差遣(682) 奴隸(6937) 而是(74258) 埃及人(889) 主動(18624) 為(761341) 法老王(48) 蓋(21495) 的(16029838),"{'Low': 2, 'High': 13}","{'Unknown': 6, '第4級': 2, '第4*級': 2, '第1級': 3, '第7級': 1, '第6級': 1}",4,Y,Y,N,N
古埃及的工人可能有很高的技藝，當每年尼羅河氾濫，兩岸農田被淹沒，農民無法耕作時，農民就利用農閒來為法老王蓋金字塔。,古 埃及 的 工人 可能 有 很 高 的 技藝 當 每 年 尼羅河 氾濫 兩岸 農田 被 淹沒 農民 無法 耕作 時 農民 就 利用 農閒 來 為 法老王 蓋 金字塔,32,古(21972) 埃及(7543) 的(16029838) 工人(13089) 可能(271025) 有(2217079) 很(715675) 高(128858) 的(16029838) 技藝(3002) 當(294625) 每(333357) 年(514736) 尼羅河(920) 氾濫(1418) 兩岸(6984) 農田(1237) 被(540683) 淹沒(3180) 農民(15488) 無法(150606) 耕作(1603) 時(623734) 農民(15488) 就(1737544) 利用(49229) 農閒(147) 來(742183) 為(761341) 法老王(48) 蓋(21495) 金字塔(2834),"{'High': 31, 'Low': 1}","{'Unknown': 9, '第5級': 4, '第1級': 9, '第3*級': 3, '第6級': 4, '第1*級': 1, '第2級': 1, '第4級': 1}",3,Y,N,N,N
每位法老王從即位起的那一天，就要開始為自己蓋金字塔，通常都是先蓋金字塔的底部，然後隨著每位法老王統治時間，逐年不斷把金字塔加高，統治愈久，金字塔修得愈高。,每 位 法老王 從 即位 起 的 那 一 天 就 要 開始 為 自己 蓋 金字塔 通常 都 是 先 蓋 金字塔 的 底部 然後 隨著 每 位 法老王 統治 時間 逐年 不斷 把 金字塔 加高 統治 愈 久 金字塔 修 得 愈 高,45,每(333357) 位(284809) 法老王(48) 從(496546) 即位(4349) 起(96746) 的(16029838) 那(754138) 一(3701681) 天(330413) 就(1737544) 要(851264) 開始(245562) 為(761341) 自己(744739) 蓋(21495) 金字塔(2834) 通常(56445) 都(1125846) 是(4642407) 先(136649) 蓋(21495) 金字塔(2834) 的(16029838) 底部(3261) 然後(156193) 隨著(32948) 每(333357) 位(284809) 法老王(48) 統治(19436) 時間(213595) 逐年(951) 不斷(68526) 把(617773) 金字塔(2834) 加高(138) 統治(19436) 愈(40793) 久(68086) 金字塔(2834) 修(13968) 得(573721) 愈(40793) 高(128858),"{'High': 43, 'Low': 2}","{'第1*級': 6, '第1級': 14, 'Unknown': 10, '第6級': 4, '第3*級': 1, '第2級': 2, '第4級': 5, '第5級': 3}",6,Y,N,N,N
不過，也有考古學家認為，法老王金字塔並非邊修邊改，而是一開始就已決定金字塔面積大小。,不過 也 有 考古學家 認為 法老王 金字塔 並非 邊 修 邊 改 而是 一 開始 就 已 決定 金字塔 面積 大小,21,不過(186226) 也(1590760) 有(2217079) 考古學家(1115) 認為(192030) 法老王(48) 金字塔(2834) 並非(6540) 邊(123152) 修(13968) 邊(123152) 改(12785) 而是(74258) 一(3701681) 開始(245562) 就(1737544) 已(215610) 決定(101837) 金字塔(2834) 面積(6281) 大小(17587),"{'High': 20, 'Low': 1}","{'第2級': 4, '第1級': 4, 'Unknown': 6, '第1*級': 2, '第4級': 2, '第3*級': 1, '第3級': 1, '第5級': 1}",4,Y,Y,N,N
而以色列人是確實在有段時間被埃及統治，舊約聖經所說的，摩西領導以色列人出埃及的故事，在埃及的史料中，並沒有記載，而且從時間先後來看，摩西的故事是在埃及新王國時期，在這時期，埃及法老王已經不再修金字塔，何來遣奴隸修金字塔之說！,而 以色列人 是 確實 在 有 段 時間 被 埃及 統治 舊約 聖經 所 說 的 摩西 領導 以色列人 出 埃及 的 故事 在 埃及 的 史料 中 並 沒有 記載 而且 從 時間 先後 來 看 摩西 的 故事 是 在 埃及 新 王國 時期 在 這 時期 埃及 法老王 已經 不再 修 金字塔 何 來 遣 奴隸 修 金字塔 之 說,63,而(937923) 以色列人(586) 是(4642407) 確實(36977) 在(3284238) 有(2217079) 段(95980) 時間(213595) 被(540683) 埃及(7543) 統治(19436) 舊約(885) 聖經(7138) 所(527327) 說(1285247) 的(16029838) 摩西(1160) 領導(27789) 以色列人(586) 出(84457) 埃及(7543) 的(16029838) 故事(101316) 在(3284238) 埃及(7543) 的(16029838) 史料(5259) 中(1011729) 並(442790) 沒有(594280) 記載(18376) 而且(180402) 從(496546) 時間(213595) 先後(8709) 來(742183) 看(444691) 摩西(1160) 的(16029838) 故事(101316) 是(4642407) 在(3284238) 埃及(7543) 新(212453) 王國(8414) 時期(47839) 在(3284238) 這(2114032) 時期(47839) 埃及(7543) 法老王(48) 已經(245160) 不再(51754) 修(13968) 金字塔(2834) 何(46992) 來(742183) 遣(2340) 奴隸(6937) 修(13968) 金字塔(2834) 之(875481) 說(1285247),"{'High': 62, 'Low': 1}","{'第5級': 13, 'Unknown': 13, '第1級': 16, '第1*級': 6, '第4級': 3, '第2級': 5, '第6級': 3, '第4*級': 3, '第3級': 1}",5,Y,Y,N,Y
六，什麼是「法老王的詛咒」，進入金字塔(法老王墓的人，是不是都會受法老王的詛咒？,六 什麼 是 法老王 的 詛咒 進入 金字塔 法老王 墓 的 人 是 不 是 都 會 受 法老王 的 詛咒,21,六(77936) 什麼(431321) 是(4642407) 法老王(48) 的(16029838) 詛咒(3632) 進入(66885) 金字塔(2834) 法老王(48) 墓(5406) 的(16029838) 人(1550512) 是(4642407) 不(2282521) 是(4642407) 都(1125846) 會(1014977) 受(109982) 法老王(48) 的(16029838) 詛咒(3632),"{'High': 18, 'Low': 3}","{'第1級': 11, 'Unknown': 4, '第6級': 3, '第4級': 2, '第1*級': 1}",4,Y,N,N,N
這是無稽之談。,這 是 無稽之談,3,這(2114032) 是(4642407) 無稽之談(543),{'High': 3},"{'第1級': 2, '第7級': 1}",1,N,N,N,N
事實上，在十八世紀與十九世紀初，從來沒有聽說過有「法老王詛咒」這種說法，也沒有關於詛咒故事被提出來過。,事實 上 在 十八世紀 與 十九世紀 初 從來 沒有 聽說 過 有 法老王 詛咒 這 種 說法 也 沒有 關於 詛咒 故事 被 提出來 過,25,事實(84995) 上(1233218) 在(3284238) 十八世紀(3091) 與(968432) 十九世紀(8051) 初(42087) 從來(35243) 沒有(594280) 聽說(26069) 過(412878) 有(2217079) 法老王(48) 詛咒(3632) 這(2114032) 種(701563) 說法(32457) 也(1590760) 沒有(594280) 關於(45000) 詛咒(3632) 故事(101316) 被(540683) 提出來(2306) 過(412878),"{'High': 24, 'Low': 1}","{'第4級': 3, '第1級': 6, '第1*級': 3, 'Unknown': 5, '第4*級': 2, '第3*級': 1, '第2級': 3, '第6級': 2}",4,Y,Y,N,N
過去是有些詛咒的傳說流傳，但這無非是在警告那些盜墓者，因為一些盜墓者潛入法老王墓室中，打破木乃伊，取走財物。,過去 是 有些 詛咒 的 傳說 流傳 但 這 無非 是 在 警告 那些 盜墓 者 因為 一些 盜墓 者 潛入 法老王 墓室 中 打破 木乃伊 取走 財物,28,過去(88758) 是(4642407) 有些(6971) 詛咒(3632) 的(16029838) 傳說(14362) 流傳(7352) 但(597124) 這(2114032) 無非(2721) 是(4642407) 在(3284238) 警告(11012) 那些(113704) 盜墓(150) 者(423504) 因為(425061) 一些(156929) 盜墓(150) 者(423504) 潛入(1981) 法老王(48) 墓室(264) 中(1011729) 打破(10218) 木乃伊(906) 取走(711) 財物(3000),"{'High': 27, 'Low': 1}","{'第4級': 1, '第1級': 4, 'Unknown': 13, '第6級': 2, '第4*級': 1, '第5級': 3, '第2級': 1, '第1*級': 3}",2,Y,Y,N,N
有記錄以來，只有一位法老王叫Wrsu的，他是死於公元前一千四百多年前，在他墓中牆上留下一句話(詛咒)：「任何人一旦進入我之地，他將無法遺留財物給後人，他的生命將得不到安寧，精神將封入墳墓，靈魂永被摧毀」。,有 記錄 以來 只有 一 位 法老王 叫 Wrsu 的 他 是 死 於 公元 前 一千四百多 年 前 在 他 墓 中 牆 上 留下 一 句 話 詛咒 任何 人 一旦 進入 我 之 地 他 將 無法 遺留 財物 給 後人 他 的 生命 將 得不到 安寧 精神 將 封入 墳墓 靈魂 永 被 摧毀,58,有(2217079) 記錄(18871) 以來(26654) 只有(43745) 一(3701681) 位(284809) 法老王(48) 叫(111645) Wrsu(Unknown) 的(16029838) 他(2487930) 是(4642407) 死(117075) 於(327210) 公元(11485) 前(272709) 一千四百多(54) 年(514736) 前(272709) 在(3284238) 他(2487930) 墓(5406) 中(1011729) 牆(26918) 上(1233218) 留下(29992) 一(3701681) 句(87396) 話(148020) 詛咒(3632) 任何(131795) 人(1550512) 一旦(37557) 進入(66885) 我(3033032) 之(875481) 地(754998) 他(2487930) 將(448374) 無法(150606) 遺留(1028) 財物(3000) 給(240485) 後人(5257) 他(2487930) 的(16029838) 生命(92595) 將(448374) 得不到(Unknown) 安寧(3081) 精神(79222) 將(448374) 封入(40) 墳墓(3367) 靈魂(20244) 永(9513) 被(540683) 摧毀(5262),"{'High': 53, 'Low': 5}","{'第1級': 20, '第4級': 2, '第4*級': 3, 'Unknown': 11, '第3級': 1, '第5級': 8, '第1*級': 1, '第6級': 7, '第3*級': 2, '第2級': 2, '第7級': 1}",4,Y,Y,N,N
近代之所以再提到「法老王的詛咒」，主要是來自於圖唐卡門(Tutankhamun)之墓被發現。,近代 之所以 再 提到 法老王 的 詛咒 主要 是 來自於 圖唐卡門 Tutankhamun 之 墓 被 發現,16,近代(7878) 之所以(21602) 再(326207) 提到(32306) 法老王(48) 的(16029838) 詛咒(3632) 主要(78757) 是(4642407) 來自於(6664) 圖唐卡門(2) Tutankhamun(4) 之(875481) 墓(5406) 被(540683) 發現(175233),"{'High': 13, 'Low': 3}","{'第5級': 3, '第1*級': 1, '第4級': 2, 'Unknown': 4, '第1級': 2, '第6級': 2, '第2級': 2}",5,Y,Y,N,Y
圖唐卡門這位法老王是埃及第十八王朝的國王，幼年即位。,圖唐卡門 這 位 法老王 是 埃及 第十八 王朝 的 國王 幼年 即位,12,圖唐卡門(2) 這(2114032) 位(284809) 法老王(48) 是(4642407) 埃及(7543) 第十八(950) 王朝(12044) 的(16029838) 國王(27180) 幼年(1955) 即位(4349),"{'Low': 2, 'High': 10}","{'Unknown': 3, '第1級': 4, '第5級': 3, '第7級': 1, '第6級': 1}",3,Y,N,N,Y
公元一九二二年，考古學家霍爾德‧卡特(HowardCarter)，意外地發現位於洛克索列王谷的圖唐卡門之墓。,公元 一九二二年 考古學家 霍爾德卡特 HowardCarter 意外 地 發現 位於 洛克索 列王谷 的 圖唐卡門 之 墓,15,公元(11485) 一九二二年(746) 考古學家(1115) 霍爾德卡特(Unknown) HowardCarter(Unknown) 意外(21631) 地(754998) 發現(175233) 位於(19612) 洛克索(Unknown) 列王谷(Unknown) 的(16029838) 圖唐卡門(2) 之(875481) 墓(5406),"{'High': 10, 'Low': 5}","{'Unknown': 9, '第4級': 1, '第2級': 1, '第6級': 2, '第1級': 1, '第5級': 1}",7,Y,N,N,Y
由於這個墓沒被盜墓者侵入，奇蹟式地保留了五千多件稀世珍寶，現在的埃及博物館內，屬於圖唐卡門的收藏品，佔了最主要部分。,由於 這 個 墓 沒 被 盜墓 者 侵入 奇蹟式 地 保留 了 五千多 件 稀世 珍寶 現在 的 埃及 博物館 內 屬於 圖唐卡門 的 收藏品 佔 了 最 主要 部分,31,由於(88111) 這(2114032) 個(2296574) 墓(5406) 沒(306167) 被(540683) 盜墓(150) 者(423504) 侵入(2200) 奇蹟式(165) 地(754998) 保留(11400) 了(3199291) 五千多(224) 件(139257) 稀世(396) 珍寶(1618) 現在(218744) 的(16029838) 埃及(7543) 博物館(9905) 內(183051) 屬於(39478) 圖唐卡門(2) 的(16029838) 收藏品(696) 佔(11252) 了(3199291) 最(421680) 主要(78757) 部分(82518),"{'High': 30, 'Low': 1}","{'第4*級': 1, '第1級': 6, '第6級': 2, '第2級': 2, 'Unknown': 10, '第5級': 4, '第1*級': 2, '第7級': 1, '第4級': 2, '第3級': 1}",5,Y,Y,N,Y
就在發現圖唐卡門之墓的當天下午，卡特心愛的一隻會唱歌的鳥，突然被一條眼鏡蛇咬死了。,就 在 發現 圖唐卡門 之 墓 的 當天 下午 卡特 心愛 的 一 隻 會 唱歌 的 鳥 突然 被 一 條 眼鏡蛇 咬死 了,25,就(1737544) 在(3284238) 發現(175233) 圖唐卡門(2) 之(875481) 墓(5406) 的(16029838) 當天(11728) 下午(20045) 卡特(4282) 心愛(3108) 的(16029838) 一(3701681) 隻(93136) 會(1014977) 唱歌(5901) 的(16029838) 鳥(18798) 突然(69636) 被(540683) 一(3701681) 條(115362) 眼鏡蛇(280) 咬死(625) 了(3199291),"{'High': 24, 'Low': 1}","{'第1級': 7, '第1*級': 3, '第2級': 5, 'Unknown': 5, '第5級': 2, '第6級': 1, '第4*級': 1, '第4級': 1}",2,Y,N,N,Y
由於古代埃及法老王的皇冠上都會出現眼鏡蛇，眼鏡蛇代表法老王權力象徵，這件事讓人們想到是不是法老王在對發現他陵寢的卡特，施以詛咒？,由於 古代 埃及 法老王 的 皇冠 上 都 會 出現 眼鏡蛇 眼鏡蛇 代表 法老王 權力 象徵 這 件 事 讓 人們 想到 是 不 是 法老王 在 對 發現 他 陵寢 的 卡特 施以 詛咒,35,由於(88111) 古代(18507) 埃及(7543) 法老王(48) 的(16029838) 皇冠(877) 上(1233218) 都(1125846) 會(1014977) 出現(124694) 眼鏡蛇(280) 眼鏡蛇(280) 代表(58333) 法老王(48) 權力(32289) 象徵(18975) 這(2114032) 件(139257) 事(385949) 讓(526314) 人們(77778) 想到(48955) 是(4642407) 不(2282521) 是(4642407) 法老王(48) 在(3284238) 對(897964) 發現(175233) 他(2487930) 陵寢(756) 的(16029838) 卡特(4282) 施以(1295) 詛咒(3632),"{'High': 32, 'Low': 3}","{'第4*級': 3, '第5級': 2, 'Unknown': 8, '第1級': 10, '第7級': 2, '第1*級': 4, '第4級': 2, '第6級': 2, '第2級': 2}",5,Y,Y,N,Y
不過，卡特本人並不這麼認為，他還是在發現圖唐卡門之墓後，繼續活到六十六歲，才安然去世。,不過 卡特 本人 並 不 這麼 認為 他 還是 在 發現 圖唐卡門 之 墓 後 繼續 活到 六十六 歲 才 安然 去世,22,不過(186226) 卡特(4282) 本人(14206) 並(442790) 不(2282521) 這麼(116973) 認為(192030) 他(2487930) 還是(155231) 在(3284238) 發現(175233) 圖唐卡門(2) 之(875481) 墓(5406) 後(422857) 繼續(80649) 活到(93) 六十六(573) 歲(130085) 才(394539) 安然(1800) 去世(11601),"{'High': 20, 'Low': 2}","{'第2級': 5, 'Unknown': 4, '第4*級': 2, '第1級': 4, '第1*級': 2, '第5級': 2, '第6級': 1, '第4級': 1, '第7級': 1}",2,Y,Y,N,Y
他在敘述發現圖唐卡門之墓的書中寫道：「我無意也沒興趣去探究那些荒謬的故事(指詛咒)，那是鬼怪之說，只供娛樂。」,他 在 敘述 發現 圖唐卡門 之 墓 的 書 中 寫道 我 無意 也 沒 興趣 去 探究 那些 荒謬 的 故事 指 詛咒 那 是 鬼怪 之 說 只 供 娛樂,32,他(2487930) 在(3284238) 敘述(14551) 發現(175233) 圖唐卡門(2) 之(875481) 墓(5406) 的(16029838) 書(174356) 中(1011729) 寫道(10052) 我(3033032) 無意(7221) 也(1590760) 沒(306167) 興趣(34215) 去(479993) 探究(5582) 那些(113704) 荒謬(5026) 的(16029838) 故事(101316) 指(84264) 詛咒(3632) 那(754138) 是(4642407) 鬼怪(640) 之(875481) 說(1285247) 只(436725) 供(17109) 娛樂(8783),"{'High': 31, 'Low': 1}","{'第1級': 11, '第1*級': 2, '第6級': 5, '第2級': 2, 'Unknown': 6, '第5級': 4, '第3級': 1, '第4級': 1}",1,Y,N,N,Y
現代考古學家認為，探索法老王之墓，是將死者從已經被人遺忘的年代中「拯救」出來，應該是受到庇佑，而非詛咒才對。,現代 考古學家 認為 探索 法老王 之 墓 是 將 死者 從 已經 被 人 遺忘 的 年代 中 拯救 出來 應該 是 受到 庇佑 而 非 詛咒 才 對,29,現代(40344) 考古學家(1115) 認為(192030) 探索(15308) 法老王(48) 之(875481) 墓(5406) 是(4642407) 將(448374) 死者(6643) 從(496546) 已經(245160) 被(540683) 人(1550512) 遺忘(5223) 的(16029838) 年代(15510) 中(1011729) 拯救(5671) 出來(50336) 應該(165478) 是(4642407) 受到(66513) 庇佑(502) 而(937923) 非(112415) 詛咒(3632) 才(394539) 對(897964),"{'High': 28, 'Low': 1}","{'第3*級': 1, 'Unknown': 5, '第2級': 4, '第6級': 5, '第5級': 5, '第1級': 5, '第1*級': 2, '第4*級': 1, '第4級': 1}",2,Y,Y,N,N
七、何謂獅身人面像，有何意義？,七 何謂 獅身人面像 有 何 意義,6,七(59385) 何謂(2523) 獅身人面像(Unknown) 有(2217079) 何(46992) 意義(71714),"{'High': 5, 'Low': 1}","{'第1級': 2, '第6級': 1, 'Unknown': 2, '第5級': 1}",1,Y,Y,N,N
古埃及人為何會將獅身與人頭合在一起，成為一種不可思議的結構建築。,古 埃及人 為何 會 將 獅 身 與 人頭 合 在一起 成為 一 種 不可思議 的 結構 建築,18,古(21972) 埃及人(889) 為何(25238) 會(1014977) 將(448374) 獅(2207) 身(122324) 與(968432) 人頭(2444) 合(11142) 在一起(45658) 成為(143834) 一(3701681) 種(701563) 不可思議(7724) 的(16029838) 結構(43294) 建築(31065),{'High': 18},"{'Unknown': 4, '第5級': 7, '第1*級': 1, '第4*級': 3, '第6級': 1, '第1級': 2}",3,Y,Y,N,N
據所謂「埃及學學家說，在古埃及人思想中，獅子代表著「地平線的守護神」，埃及人的信仰中認為，獅身人面像是代表「太陽神」，意思是說，法老王死了之後，會成為太陽神。,據 所謂 埃及學 學家 說 在 古 埃及人 思想 中 獅子 代表 著 地平線 的 守護神 埃及人 的 信仰 中 認為 獅身人面像 是 代表 太陽神 意思 是 說 法老王 死 了 之後 會 成為 太陽神,35,據(24392) 所謂(59460) 埃及學(27) 學家(3241) 說(1285247) 在(3284238) 古(21972) 埃及人(889) 思想(45606) 中(1011729) 獅子(5309) 代表(58333) 著(1004687) 地平線(1943) 的(16029838) 守護神(923) 埃及人(889) 的(16029838) 信仰(17902) 中(1011729) 認為(192030) 獅身人面像(Unknown) 是(4642407) 代表(58333) 太陽神(805) 意思(50961) 是(4642407) 說(1285247) 法老王(48) 死(117075) 了(3199291) 之後(190467) 會(1014977) 成為(143834) 太陽神(805),"{'High': 32, 'Low': 3}","{'第4*級': 1, '第5級': 5, 'Unknown': 13, '第1級': 6, '第1*級': 3, '第4級': 3, '第6級': 1, '第7級': 1, '第2級': 1, '第3級': 1}",9,Y,N,N,N
在埃及的神廟中，經常可以看到神廟與神廟間的通道上，通常都是用獅身人面像作為主體建築。,在 埃及 的 神廟 中 經常 可以 看到 神廟 與 神廟 間 的 通道 上 通常 都 是 用 獅身人面像 作為 主體 建築,23,在(3284238) 埃及(7543) 的(16029838) 神廟(1483) 中(1011729) 經常(49295) 可以(560531) 看到(159419) 神廟(1483) 與(968432) 神廟(1483) 間(115638) 的(16029838) 通道(4751) 上(1233218) 通常(56445) 都(1125846) 是(4642407) 用(377038) 獅身人面像(Unknown) 作為(58009) 主體(9615) 建築(31065),"{'High': 22, 'Low': 1}","{'第1*級': 2, '第5級': 3, '第1級': 7, 'Unknown': 6, '第3*級': 1, '第4*級': 2, '第6級': 1, '第4級': 1}",1,Y,Y,N,N
有時候，獅身人面像上的人像，會以當地信仰的神來代替，例如在洛克索，這裡曾經是埃及中王國與新王國的首都，當地信奉亞門神，因此在洛克索與加內克神廟(Karnak)前的獅身人面像，就用公羊頭代替人頭，因為傳說亞門神是公羊轉世的。,有時候 獅身人面像 上 的 人像 會 以 當地 信仰 的 神 來 代替 例如 在 洛克索 這裡 曾經 是 埃及 中 王國 與 新 王國 的 首都 當地 信奉 亞門神 因此 在 洛克索 與 加內克 神廟 Karnak 前 的 獅身人面像 就 用 公羊頭 代替 人頭 因為 傳說 亞門神 是 公羊 轉世 的,52,有時候(24296) 獅身人面像(Unknown) 上(1233218) 的(16029838) 人像(1228) 會(1014977) 以(547785) 當地(23011) 信仰(17902) 的(16029838) 神(46495) 來(742183) 代替(6407) 例如(72240) 在(3284238) 洛克索(Unknown) 這裡(100385) 曾經(52970) 是(4642407) 埃及(7543) 中(1011729) 王國(8414) 與(968432) 新(212453) 王國(8414) 的(16029838) 首都(12838) 當地(23011) 信奉(2099) 亞門神(Unknown) 因此(184606) 在(3284238) 洛克索(Unknown) 與(968432) 加內克(Unknown) 神廟(1483) Karnak(6) 前(272709) 的(16029838) 獅身人面像(Unknown) 就(1737544) 用(377038) 公羊頭(8) 代替(6407) 人頭(2444) 因為(425061) 傳說(14362) 亞門神(Unknown) 是(4642407) 公羊(277) 轉世(1503) 的(16029838),"{'High': 43, 'Low': 9}","{'第1*級': 5, 'Unknown': 12, '第1級': 14, '第7級': 2, '第5級': 7, '第4*級': 6, '第4級': 3, '第3*級': 1, '第6級': 2}",10,Y,Y,N,Y
是位於吉薩高地，也就是第二高的卡菲王金字塔的前方，獅身人面像面向東方，，尾向西方，有人認為，石像的人頭其實是「卡菲王」這位法老王，不過無法證實。,是 位於 吉薩 高地 也 就 是 第二 高 的 卡菲王 金字塔 的 前方 獅身人面像 面向 東方 尾 向 西方 有 人 認為 石像 的 人頭 其實 是 卡菲王 這 位 法老王 不過 無法 證實,35,是(4642407) 位於(19612) 吉薩(47) 高地(1502) 也(1590760) 就(1737544) 是(4642407) 第二(98741) 高(128858) 的(16029838) 卡菲王(Unknown) 金字塔(2834) 的(16029838) 前方(8907) 獅身人面像(Unknown) 面向(7743) 東方(14337) 尾(7034) 向(231672) 西方(28701) 有(2217079) 人(1550512) 認為(192030) 石像(521) 的(16029838) 人頭(2444) 其實(109290) 是(4642407) 卡菲王(Unknown) 這(2114032) 位(284809) 法老王(48) 不過(186226) 無法(150606) 證實(10978),"{'High': 30, 'Low': 5}","{'第1級': 13, '第6級': 2, 'Unknown': 11, '第5級': 4, '第3*級': 2, '第2級': 3}",5,Y,Y,N,Y
該石像長七十公尺，寬二十公尺，完全由一塊石頭雕刻出來，距離今天已有四千六百年歷史，在以前，獅身人面像的腳是被埋在沙中，一九二五年後，***********************************************{6000}才被挖出來。,該 石像 長 七十 公尺 寬 二十 公尺 完全 由 一 塊 石頭 雕刻 出來 距離 今天 已 有 四千六百 年 歷史 在 以前 獅身人面像 的 腳 是 被 埋 在 沙 中 一九二五年 後 6000才 被 挖出來,38,該(148369) 石像(521) 長(107092) 七十(4970) 公尺(19233) 寬(12844) 二十(32739) 公尺(19233) 完全(115744) 由(208604) 一(3701681) 塊(54148) 石頭(17808) 雕刻(4070) 出來(50336) 距離(27644) 今天(73277) 已(215610) 有(2217079) 四千六百(35) 年(514736) 歷史(96060) 在(3284238) 以前(59453) 獅身人面像(Unknown) 的(16029838) 腳(47795) 是(4642407) 被(540683) 埋(6554) 在(3284238) 沙(6325) 中(1011729) 一九二五年(875) 後(422857) 6000才(Unknown) 被(540683) 挖出來(989),"{'High': 35, 'Low': 3}","{'第4*級': 3, 'Unknown': 11, '第4級': 5, '第3*級': 1, '第1級': 9, '第6級': 1, '第3級': 2, '第1*級': 3, '第2級': 2, '第5級': 1}",5,Y,N,N,N
八、埃及有那些旅遊特色？,八 埃及 有 那些 旅遊 特色,6,八(54961) 埃及(7543) 有(2217079) 那些(113704) 旅遊(8465) 特色(16060),{'High': 6},"{'第1級': 2, '第5級': 1, 'Unknown': 1, '第4級': 2}",0,Y,Y,N,N
埃及其實不是只有古蹟可以看，十八世紀末，當歐洲人發現尼羅河的美麗風光後，紛紛前來蓋旅館，把埃及當作避寒度假勝地，所以埃及又有「歐洲後花園」之稱，像洛克索與亞斯旺這兩處，不但可看古蹟，當地尼羅河沿岸風光也非常美麗，是世界級的定點度假區。,埃及 其實 不 是 只有 古蹟 可以 看 十八世紀 末 當 歐洲人 發現 尼羅河 的 美麗 風光 後 紛紛 前來 蓋 旅館 把 埃及 當作 避寒 度假 勝地 所以 埃及 又 有 歐洲 後花園 之 稱 像 洛克索 與 亞斯旺 這 兩 處 不但 可 看 古蹟 當地 尼羅河 沿岸 風光 也 非常 美麗 是 世界級 的 定點 度假區,59,埃及(7543) 其實(109290) 不(2282521) 是(4642407) 只有(43745) 古蹟(2555) 可以(560531) 看(444691) 十八世紀(3091) 末(16354) 當(294625) 歐洲人(2066) 發現(175233) 尼羅河(920) 的(16029838) 美麗(24889) 風光(3236) 後(422857) 紛紛(14617) 前來(13412) 蓋(21495) 旅館(12498) 把(617773) 埃及(7543) 當作(16643) 避寒(149) 度假(3488) 勝地(934) 所以(239080) 埃及(7543) 又(535555) 有(2217079) 歐洲(24026) 後花園(389) 之(875481) 稱(60191) 像(289494) 洛克索(Unknown) 與(968432) 亞斯旺(Unknown) 這(2114032) 兩(526190) 處(84410) 不但(40359) 可(307359) 看(444691) 古蹟(2555) 當地(23011) 尼羅河(920) 沿岸(1979) 風光(3236) 也(1590760) 非常(152032) 美麗(24889) 是(4642407) 世界級(866) 的(16029838) 定點(824) 度假區(51),"{'High': 56, 'Low': 3}","{'第5級': 7, '第3*級': 4, '第1級': 11, 'Unknown': 17, '第4*級': 5, '第2級': 2, '第6級': 3, '第4級': 2, '第2*級': 1, '第7級': 2, '第1*級': 4, '第3級': 1}",9,Y,Y,N,N
另外，這幾年，西奈半島的阿卡巴灣與紅海沿岸，也發展為具國際級水準的度假區，可浮潛、海釣，潛水，紅海的潛水環境，更是世界聞名的。,另外 這 幾 年 西奈半島 的 阿卡巴灣 與 紅海 沿岸 也 發展為 具 國際級 水準 的 度假區 可 浮潛 海釣 潛水 紅海 的 潛水 環境 更 是 世界 聞名 的,30,另外(48233) 這(2114032) 幾(229415) 年(514736) 西奈半島(25) 的(16029838) 阿卡巴灣(1) 與(968432) 紅海(359) 沿岸(1979) 也(1590760) 發展為(952) 具(41661) 國際級(232) 水準(9940) 的(16029838) 度假區(51) 可(307359) 浮潛(108) 海釣(81) 潛水(1134) 紅海(359) 的(16029838) 潛水(1134) 環境(71054) 更(361676) 是(4642407) 世界(165235) 聞名(4406) 的(16029838),"{'High': 26, 'Low': 4}","{'第3級': 2, '第1級': 9, 'Unknown': 10, '第4*級': 2, '第6級': 5, '第4級': 1, '第2級': 1}",5,Y,Y,N,N
九、埃及旅遊有沒有特別要注意事項？,九 埃及 旅遊 有沒有 特別 要 注意 事項,8,九(34506) 埃及(7543) 旅遊(8465) 有沒有(21555) 特別(91212) 要(851264) 注意(49591) 事項(5635),{'High': 8},"{'第1級': 2, '第5級': 2, '第4級': 1, 'Unknown': 1, '第2級': 2}",1,Y,Y,N,N
一般說來，埃及與其他國家一樣，在旅遊上並不需要擔心太多特別規定。,一般 說來 埃及 與 其他 國家 一樣 在 旅遊 上 並 不 需要 擔心 太多 特別 規定,17,一般(80732) 說來(6135) 埃及(7543) 與(968432) 其他(189445) 國家(109166) 一樣(188109) 在(3284238) 旅遊(8465) 上(1233218) 並(442790) 不(2282521) 需要(166793) 擔心(40962) 太多(30757) 特別(91212) 規定(24592),{'High': 17},"{'第3*級': 2, 'Unknown': 2, '第5級': 1, '第4*級': 2, '第2級': 3, '第1*級': 3, '第4級': 2, '第1級': 2}",0,Y,Y,N,N
但只有一項要注意，就是照相收費，幾乎在博物館與古蹟點，帶相機或攝影機進去都要收費，而且攝影機所要付的費用更高(有時很離譜)，所幸執行不是很嚴格，如果事前能取得觀光部或文物管理部的核准文件，那就能省下大批銀子，不過，一般觀光客要取得核准文件並不是很容易，必須要提出申請，且有正當理由，否則自己看著辦，臨時請導遊幫忙也許是個辦法。,但 只有 一 項 要 注意 就是 照相 收費 幾乎 在 博物館 與 古蹟點 帶 相機 或 攝影機 進去 都 要 收費 而且 攝影機 所 要 付 的 費用 更 高 有時 很 離譜 所幸 執行 不 是 很 嚴格 如果 事 前 能 取得 觀光部 或 文物 管理 部 的 核准 文件 那 就 能 省下 大 批 銀子 不過 一般 觀光客 要 取得 核准 文件 並 不 是 很 容易 必須 要 提出 申請 且 有 正當 理由 否則 自己 看著辦 臨時 請 導遊 幫忙 也許 是 個 辦法,91,但(597124) 只有(43745) 一(3701681) 項(88887) 要(851264) 注意(49591) 就是(2943) 照相(1342) 收費(1810) 幾乎(74298) 在(3284238) 博物館(9905) 與(968432) 古蹟點(Unknown) 帶(105786) 相機(3675) 或(478077) 攝影機(8717) 進去(13780) 都(1125846) 要(851264) 收費(1810) 而且(180402) 攝影機(8717) 所(527327) 要(851264) 付(9964) 的(16029838) 費用(10652) 更(361676) 高(128858) 有時(47894) 很(715675) 離譜(1651) 所幸(2029) 執行(25364) 不(2282521) 是(4642407) 很(715675) 嚴格(13417) 如果(322121) 事(385949) 前(272709) 能(582260) 取得(25649) 觀光部(18) 或(478077) 文物(5405) 管理(54484) 部(71567) 的(16029838) 核准(1383) 文件(14057) 那(754138) 就(1737544) 能(582260) 省下(1412) 大(525780) 批(22121) 銀子(7102) 不過(186226) 一般(80732) 觀光客(2140) 要(851264) 取得(25649) 核准(1383) 文件(14057) 並(442790) 不(2282521) 是(4642407) 很(715675) 容易(80831) 必須(170592) 要(851264) 提出(63073) 申請(10489) 且(67015) 有(2217079) 正當(7825) 理由(32460) 否則(26547) 自己(744739) 看著辦(72) 臨時(7386) 請(120629) 導遊(1089) 幫忙(21072) 也許(68286) 是(4642407) 個(2296574) 辦法(43280),"{'High': 88, 'Low': 3}","{'第2級': 8, 'Unknown': 13, '第1級': 27, '第5級': 6, '第2*級': 2, '第4*級': 8, '第4級': 7, '第1*級': 6, '第6級': 4, '第3級': 5, '第7級': 3, '第3*級': 2}",7,Y,Y,N,N
十、台灣到埃及旅遊方便嗎？,十 台灣 到 埃及 旅遊 方便 嗎,7,十(77415) 台灣(130718) 到(546906) 埃及(7543) 旅遊(8465) 方便(14172) 嗎(248249),{'High': 7},"{'第1級': 4, '第5級': 1, '第4級': 1, '第1*級': 1}",0,Y,Y,N,N
埃及的旅館水準都還不錯，很多高級旅館都是歐洲旅館集團來投資的，四至五星級旅館很多，但埃及菜並不是人人能習慣，不過，在開羅、金字塔附近都有中國餐館，參加旅行團者，都會安排吃中餐。,埃及 的 旅館 水準 都 還 不錯 很多 高級 旅館 都 是 歐洲 旅館 集團 來 投資 的 四 至 五星級 旅館 很多 但 埃及菜 並 不 是 人人 能 習慣 不過 在 開羅 金字塔 附近 都 有 中國 餐館 參加 旅行團 者 都 會 安排 吃 中餐,48,埃及(7543) 的(16029838) 旅館(12498) 水準(9940) 都(1125846) 還(625086) 不錯(23297) 很多(113128) 高級(10823) 旅館(12498) 都(1125846) 是(4642407) 歐洲(24026) 旅館(12498) 集團(20609) 來(742183) 投資(38191) 的(16029838) 四(141667) 至(101530) 五星級(341) 旅館(12498) 很多(113128) 但(597124) 埃及菜(Unknown) 並(442790) 不(2282521) 是(4642407) 人人(12728) 能(582260) 習慣(42175) 不過(186226) 在(3284238) 開羅(855) 金字塔(2834) 附近(32204) 都(1125846) 有(2217079) 中國(214840) 餐館(2626) 參加(42962) 旅行團(364) 者(423504) 都(1125846) 會(1014977) 安排(30105) 吃(141660) 中餐(439),"{'High': 47, 'Low': 1}","{'第5級': 3, '第1級': 14, '第2*級': 4, '第4級': 2, 'Unknown': 12, '第1*級': 5, '第3*級': 2, '第4*級': 2, '第2級': 4}",4,Y,Y,N,N
埃及對台灣遊客給予落地簽證，不收費用，時間可達三十天，還可以延長。,埃及 對 台灣 遊客 給予 落地 簽證 不 收 費用 時間 可 達 三十 天 還可以 延長,17,埃及(7543) 對(897964) 台灣(130718) 遊客(4899) 給予(18824) 落地(3127) 簽證(1065) 不(2282521) 收(15831) 費用(10652) 時間(213595) 可(307359) 達(25383) 三十(24336) 天(330413) 還可以(9751) 延長(3487),{'High': 17},"{'第5級': 2, '第1級': 5, 'Unknown': 5, '第6級': 1, '第3級': 2, '第4級': 1, '第4*級': 1}",1,Y,N,N,N
但因為目前沒直航，所以要在曼谷轉機，連轉機時間可能要二十個小時。,但 因為 目前 沒 直航 所以 要 在 曼谷 轉機 連 轉機 時間 可能 要 二十 個 小時,18,但(597124) 因為(425061) 目前(48695) 沒(306167) 直航(165) 所以(239080) 要(851264) 在(3284238) 曼谷(419) 轉機(1522) 連(91153) 轉機(1522) 時間(213595) 可能(271025) 要(851264) 二十(32739) 個(2296574) 小時(48521),{'High': 18},"{'第2級': 1, '第1*級': 3, '第4級': 1, '第1級': 7, 'Unknown': 3, '第6級': 2, '第3*級': 1}",0,Y,Y,N,N
埃及不是只有古蹟可看，亞斯旺的尼羅河風光就相當優美，十八世紀起就是歐洲人的避寒勝地。,埃及 不 是 只有 古蹟 可 看 亞斯旺 的 尼羅河 風光 就 相當 優美 十八世紀 起 就 是 歐洲人 的 避寒 勝地,22,埃及(7543) 不(2282521) 是(4642407) 只有(43745) 古蹟(2555) 可(307359) 看(444691) 亞斯旺(Unknown) 的(16029838) 尼羅河(920) 風光(3236) 就(1737544) 相當(66293) 優美(4205) 十八世紀(3091) 起(96746) 就(1737544) 是(4642407) 歐洲人(2066) 的(16029838) 避寒(149) 勝地(934),"{'High': 21, 'Low': 1}","{'第5級': 2, '第1級': 7, 'Unknown': 7, '第4*級': 1, '第6級': 2, '第3級': 1, '第3*級': 1, '第7級': 1}",4,Y,Y,N,N
金字塔奇蹟知多少？,金字塔 奇蹟 知 多少,4,金字塔(2834) 奇蹟(8416) 知(108500) 多少(50265),{'High': 4},"{'Unknown': 2, '第5級': 1, '第1級': 1}",1,Y,N,N,N
洛克索的加內克神廟，是埃及中王國時期的主要建築，遊客終年不斷。,洛克索 的 加內克 神廟 是 埃及 中 王國 時期 的 主要 建築 遊客 終年 不斷,15,洛克索(Unknown) 的(16029838) 加內克(Unknown) 神廟(1483) 是(4642407) 埃及(7543) 中(1011729) 王國(8414) 時期(47839) 的(16029838) 主要(78757) 建築(31065) 遊客(4899) 終年(945) 不斷(68526),"{'Low': 2, 'High': 13}","{'Unknown': 5, '第1級': 3, '第5級': 2, '第4*級': 2, '第4級': 2, '第7級': 1}",2,Y,N,N,Y
埃及是世界古文明發源地之一，當地球上其他地區的原始人類在過著原始生活時，居住在尼羅河流域的埃及人，已經懂得造金字塔，開挖引水渠道，懂得利用象形文字來表達對自然現象的崇拜，還發明世界上最早的草紙，記錄法老王的功蹟。,埃及 是 世界 古 文明 發源地 之 一 當 地球 上 其他 地區 的 原始 人類 在 過 著 原始 生活 時 居住 在 尼羅河 流域 的 埃及人 已經 懂得 造 金字塔 開挖 引 水 渠道 懂得 利用 象形 文字 來 表達 對 自然 現象 的 崇拜 還 發明 世界 上 最早 的 草紙 記錄 法老王 的 功蹟,58,埃及(7543) 是(4642407) 世界(165235) 古(21972) 文明(17878) 發源地(547) 之(875481) 一(3701681) 當(294625) 地球(21533) 上(1233218) 其他(189445) 地區(40339) 的(16029838) 原始(11993) 人類(78855) 在(3284238) 過(412878) 著(1004687) 原始(11993) 生活(213189) 時(623734) 居住(12699) 在(3284238) 尼羅河(920) 流域(1962) 的(16029838) 埃及人(889) 已經(245160) 懂得(20103) 造(10637) 金字塔(2834) 開挖(360) 引(11723) 水(86260) 渠道(902) 懂得(20103) 利用(49229) 象形(979) 文字(31407) 來(742183) 表達(34582) 對(897964) 自然(91995) 現象(47383) 的(16029838) 崇拜(8129) 還(625086) 發明(14496) 世界(165235) 上(1233218) 最早(9441) 的(16029838) 草紙(226) 記錄(18871) 法老王(48) 的(16029838) 功蹟(35),"{'High': 56, 'Low': 2}","{'第5級': 7, '第1級': 12, '第2級': 4, 'Unknown': 16, '第7級': 1, '第4級': 7, '第4*級': 3, '第1*級': 3, '第3級': 1, '第3*級': 3, '第6級': 1}",5,Y,N,N,N
埃及文化是人類文明進程中燦爛的一頁，現今人類有很多重要的發明，得力於埃及文明所啟發的靈感，例如在開羅的埃及博物館內，就可以看到人類最早的節育工具——保險套，其設計幾乎與現今的保險套沒什麼差別，只是材質不同罷了。,埃及 文化 是 人類 文明 進程 中 燦爛 的 一 頁 現今 人類 有 很多 重要 的 發明 得力 於 埃及 文明 所 啟發 的 靈感 例如 在 開羅 的 埃及 博物館 內 就 可以 看到 人類 最早 的 節育 工具 保險套 其 設計 幾乎 與 現今 的 保險套 沒 什麼 差別 只是 材質 不同 罷了,56,埃及(7543) 文化(115697) 是(4642407) 人類(78855) 文明(17878) 進程(2131) 中(1011729) 燦爛(4295) 的(16029838) 一(3701681) 頁(48734) 現今(6891) 人類(78855) 有(2217079) 很多(113128) 重要(154863) 的(16029838) 發明(14496) 得力(1283) 於(327210) 埃及(7543) 文明(17878) 所(527327) 啟發(7283) 的(16029838) 靈感(6325) 例如(72240) 在(3284238) 開羅(855) 的(16029838) 埃及(7543) 博物館(9905) 內(183051) 就(1737544) 可以(560531) 看到(159419) 人類(78855) 最早(9441) 的(16029838) 節育(314) 工具(26319) 保險套(823) 其(307905) 設計(59326) 幾乎(74298) 與(968432) 現今(6891) 的(16029838) 保險套(823) 沒(306167) 什麼(431321) 差別(10648) 只是(96536) 材質(2299) 不同(159432) 罷了(11122),{'High': 56},"{'第5級': 11, '第2級': 3, '第1級': 13, '第4*級': 6, '第6級': 5, 'Unknown': 7, '第4級': 6, '第3*級': 1, '第1*級': 2, '第3級': 2}",3,Y,Y,N,N
對於從未去過埃及的遊客來說，埃及的印象是神秘中帶點迷惘，面對那許許多多的埃及神話，神殿、歷史古蹟，真不知有如何下手去了解的困惑。,對於 從未 去 過 埃及 的 遊客 來 說 埃及 的 印象 是 神秘 中 帶 點 迷惘 面對 那 許許多多 的 埃及 神話 神殿 歷史 古蹟 真 不 知 有 如何 下手 去 了解 的 困惑,37,對於(99570) 從未(15150) 去(479993) 過(412878) 埃及(7543) 的(16029838) 遊客(4899) 來(742183) 說(1285247) 埃及(7543) 的(16029838) 印象(24581) 是(4642407) 神秘(7052) 中(1011729) 帶(105786) 點(118735) 迷惘(1406) 面對(62914) 那(754138) 許許多多(2293) 的(16029838) 埃及(7543) 神話(11011) 神殿(1466) 歷史(96060) 古蹟(2555) 真(137497) 不(2282521) 知(108500) 有(2217079) 如何(148068) 下手(4033) 去(479993) 了解(82970) 的(16029838) 困惑(8442),{'High': 37},"{'第5級': 8, 'Unknown': 6, '第1級': 14, '第1*級': 2, '第4*級': 2, '第7級': 1, '第3級': 1, '第6級': 2, '第3*級': 1}",1,Y,N,N,N
因此，筆者以下就提出「埃及十問」，簡單扼要介紹遊客可能在旅遊埃及時，最容易引發興趣的問題，併作解答。,因此 筆者 以下 就 提出 埃及 十 問 簡單 扼要 介紹 遊客 可能 在 旅遊 埃及 時 最 容易 引發 興趣 的 問題 併作 解答,25,因此(184606) 筆者(10224) 以下(29388) 就(1737544) 提出(63073) 埃及(7543) 十(77415) 問(165473) 簡單(52683) 扼要(1133) 介紹(26468) 遊客(4899) 可能(271025) 在(3284238) 旅遊(8465) 埃及(7543) 時(623734) 最(421680) 容易(80831) 引發(17487) 興趣(34215) 的(16029838) 問題(280782) 併作(97) 解答(5425),"{'High': 24, 'Low': 1}","{'第4*級': 1, '第6級': 1, '第3*級': 2, '第1級': 7, 'Unknown': 3, '第5級': 4, '第2級': 1, '第7級': 1, '第1*級': 3, '第4級': 1, '第3級': 1}",0,Y,Y,N,N
為何又稱歐洲後花園？,為何 又 稱 歐洲 後花園,5,為何(25238) 又(535555) 稱(60191) 歐洲(24026) 後花園(389),{'High': 5},"{'第5級': 1, '第1*級': 1, 'Unknown': 2, '第3*級': 1}",1,Y,N,N,N
衣札雅客就是你好嗎？,衣札雅客 就 是 你 好 嗎,6,衣札雅客(Unknown) 就(1737544) 是(4642407) 你(1414837) 好(448428) 嗎(248249),"{'Low': 1, 'High': 5}","{'Unknown': 2, '第1級': 4}",1,Y,N,N,Y
入境隨俗說阿拉伯語】保存在埃及博物館內的一張紙草，上面的審判圖可能是人類歷上最早的死後審判圖，這張圖顯示古埃及在五千年前就已有法律二審制與生命輪迴觀念。,入境 隨俗 說 阿拉伯語 保存 在 埃及 博物館 內 的 一 張 紙草 上面 的 審判圖 可能 是 人類 歷 上 最早 的 死 後 審判圖 這 張 圖 顯示 古 埃及 在 五千 年前 就 已 有 法律 二審制 與 生命 輪迴 觀念,44,入境(1163) 隨俗(401) 說(1285247) 阿拉伯語(458) 保存(10152) 在(3284238) 埃及(7543) 博物館(9905) 內(183051) 的(16029838) 一(3701681) 張(99414) 紙草(20) 上面(33520) 的(16029838) 審判圖(3) 可能(271025) 是(4642407) 人類(78855) 歷(1731) 上(1233218) 最早(9441) 的(16029838) 死(117075) 後(422857) 審判圖(3) 這(2114032) 張(99414) 圖(46009) 顯示(32718) 古(21972) 埃及(7543) 在(3284238) 五千(4916) 年前(19) 就(1737544) 已(215610) 有(2217079) 法律(27914) 二審制(1) 與(968432) 生命(92595) 輪迴(3203) 觀念(39915),"{'High': 39, 'Low': 5}","{'第4*級': 4, '第7級': 2, '第1級': 12, 'Unknown': 11, '第5級': 4, '第1*級': 4, '第4級': 2, '第3級': 3, '第2級': 1, '第3*級': 1}",5,Y,Y,N,N
埃及是講阿拉伯語的國家，台灣遊客入境問俗，先學兩句隨時可使用的問候語，必定可以博得埃及人「驚訝」與「喜歡」。,埃及 是 講 阿拉伯語 的 國家 台灣 遊客 入境問俗 先 學 兩 句 隨時 可 使用 的 問候 語 必定 可以 博得 埃及人 驚訝 與 喜歡,26,埃及(7543) 是(4642407) 講(70027) 阿拉伯語(458) 的(16029838) 國家(109166) 台灣(130718) 遊客(4899) 入境問俗(19) 先(136649) 學(48982) 兩(526190) 句(87396) 隨時(21195) 可(307359) 使用(99640) 的(16029838) 問候(2621) 語(13797) 必定(10963) 可以(560531) 博得(1224) 埃及人(889) 驚訝(18662) 與(968432) 喜歡(113753),"{'High': 25, 'Low': 1}","{'第5級': 3, '第1級': 8, '第2級': 3, 'Unknown': 5, '第1*級': 2, '第4級': 2, '第4*級': 3}",3,Y,N,N,N
「你好嗎」，阿拉伯語唸成「衣札雅客」。,你 好 嗎 阿拉伯語 唸成 衣札雅客,6,你(1414837) 好(448428) 嗎(248249) 阿拉伯語(458) 唸成(154) 衣札雅客(Unknown),"{'High': 5, 'Low': 1}","{'第1級': 2, 'Unknown': 4}",2,Y,N,N,Y
「謝謝」，阿拉伯語唸成「秀姑巒」。,謝謝 阿拉伯語 唸成 秀姑巒,4,謝謝(16562) 阿拉伯語(458) 唸成(154) 秀姑巒(31),"{'High': 3, 'Low': 1}","{'第1級': 1, 'Unknown': 3}",2,Y,N,N,N
發音就是台灣東部那條秀姑巒溪。,發音 就 是 台灣 東部 那 條 秀姑巒溪,8,發音(3885) 就(1737544) 是(4642407) 台灣(130718) 東部(3597) 那(754138) 條(115362) 秀姑巒溪(150),{'High': 8},"{'第4級': 1, '第1級': 4, 'Unknown': 2, '第2級': 1}",1,N,N,N,N
「不客氣」，阿拉伯語唸成「阿富灣」。,不 客氣 阿拉伯語 唸成 阿富灣,5,不(2282521) 客氣(6812) 阿拉伯語(458) 唸成(154) 阿富灣(Unknown),"{'High': 4, 'Low': 1}","{'第1級': 1, '第2*級': 1, 'Unknown': 3}",2,Y,N,N,Y
很像發中亞國家阿富汗的音，但把「汗」改成「灣」即可。,很 像 發 中亞 國家 阿富汗 的 音 但 把 汗 改成 灣 即可,14,很(715675) 像(289494) 發(22092) 中亞(1570) 國家(109166) 阿富汗(1036) 的(16029838) 音(14215) 但(597124) 把(617773) 汗(8555) 改成(3409) 灣(517) 即可(7563),{'High': 14},"{'第1級': 2, '第1*級': 2, '第4級': 1, 'Unknown': 4, '第7級': 1, '第2級': 2, '第3*級': 1, '第6級': 1}",1,Y,Y,N,N
埃及象形文，人類最古老文字共有二十四個字母，又稱法老文字。,埃及 象形文 人類 最 古老 文字 共有 二十四 個 字母 又 稱 法老 文字,14,埃及(7543) 象形文(80) 人類(78855) 最(421680) 古老(10197) 文字(31407) 共有(692) 二十四(7473) 個(2296574) 字母(7395) 又(535555) 稱(60191) 法老(415) 文字(31407),"{'High': 13, 'Low': 1}","{'第5級': 3, 'Unknown': 5, '第4*級': 1, '第1*級': 2, '第4級': 2, '第1級': 1}",2,Y,N,N,N
特殊英文字字典查不到。,特殊 英文字 字典 查 不 到,6,特殊(28606) 英文字(372) 字典(2048) 查(8802) 不(2282521) 到(546906),{'High': 6},"{'第5級': 1, 'Unknown': 1, '第2*級': 1, '第3級': 1, '第1級': 2}",1,Y,N,N,N
另有典故，自有其義。,另 有 典故 自有 其 義,6,另(138369) 有(2217079) 典故(1575) 自有(5482) 其(307905) 義(21932),{'High': 6},"{'第3級': 1, '第1級': 1, '第7級': 1, 'Unknown': 2, '第6級': 1}",0,Y,N,N,N
在開羅旅遊，時常可以看到有些很特別的英文字，這些字在字典上查不到，但對認識埃及歷史來說卻很重要。,在 開羅 旅遊 時常 可以 看到 有些 很 特別 的 英文字 這些 字 在 字典 上 查 不 到 但 對 認識 埃及 歷史 來 說 卻 很 重要,29,在(3284238) 開羅(855) 旅遊(8465) 時常(8286) 可以(560531) 看到(159419) 有些(6971) 很(715675) 特別(91212) 的(16029838) 英文字(372) 這些(315113) 字(75654) 在(3284238) 字典(2048) 上(1233218) 查(8802) 不(2282521) 到(546906) 但(597124) 對(897964) 認識(51425) 埃及(7543) 歷史(96060) 來(742183) 說(1285247) 卻(333007) 很(715675) 重要(154863),{'High': 29},"{'第1*級': 3, 'Unknown': 4, '第4級': 3, '第1級': 11, '第2級': 4, '第2*級': 1, '第3級': 2, '第5級': 1}",1,Y,Y,N,N
經常出現的就有以下二個：POLIS：埃及曾經被亞歷山大帝征服，但亞歷山大帝並沒有改變埃及的舊地名，只是在一些比較大的村落名字後面，加上POLIS這個字，來表示佔領意思。,經常 出現 的 就 有 以下 二 個 POLIS 埃及 曾經 被 亞歷山大帝 征服 但 亞歷山大帝 並 沒有 改變 埃及 的 舊 地名 只是 在 一些 比較 大 的 村落 名字 後面 加上 POLIS 這 個 字 來 表示 佔領 意思,41,經常(49295) 出現(124694) 的(16029838) 就(1737544) 有(2217079) 以下(29388) 二(152494) 個(2296574) POLIS(Unknown) 埃及(7543) 曾經(52970) 被(540683) 亞歷山大帝(12) 征服(6249) 但(597124) 亞歷山大帝(12) 並(442790) 沒有(594280) 改變(92018) 埃及(7543) 的(16029838) 舊(32022) 地名(2920) 只是(96536) 在(3284238) 一些(156929) 比較(112212) 大(525780) 的(16029838) 村落(3977) 名字(42571) 後面(28808) 加上(38121) POLIS(Unknown) 這(2114032) 個(2296574) 字(75654) 來(742183) 表示(74452) 佔領(4140) 意思(50961),"{'High': 37, 'Low': 4}","{'第3*級': 2, '第4級': 4, '第1級': 14, 'Unknown': 6, '第5級': 3, '第2級': 3, '第6級': 2, '第4*級': 2, '第1*級': 4, '第3級': 1}",4,Y,Y,N,Y
現埃及北部，如開羅與亞歷山大城附近，還偶爾可看到有這個字。,現 埃及 北部 如 開羅 與 亞歷山大城 附近 還 偶爾 可 看到 有 這 個 字,16,現(9910) 埃及(7543) 北部(5380) 如(195069) 開羅(855) 與(968432) 亞歷山大城(68) 附近(32204) 還(625086) 偶爾(15400) 可(307359) 看到(159419) 有(2217079) 這(2114032) 個(2296574) 字(75654),"{'High': 15, 'Low': 1}","{'Unknown': 5, '第5級': 1, '第2*級': 1, '第4*級': 3, '第1*級': 2, '第1級': 4}",1,Y,Y,N,N
還偶爾可看到有這個字。,還 偶爾 可 看到 有 這 個 字,8,還(625086) 偶爾(15400) 可(307359) 看到(159419) 有(2217079) 這(2114032) 個(2296574) 字(75654),{'High': 8},"{'Unknown': 1, '第4*級': 2, '第1*級': 1, '第1級': 4}",0,Y,N,N,N
挪威巴里斯川德處處鬼斧神工。,挪威 巴里斯川德 處處 鬼斧神工,4,挪威(1872) 巴里斯川德(Unknown) 處處(6841) 鬼斧神工(117),"{'High': 3, 'Low': 1}",{'Unknown': 4},2,Y,N,N,N
巴里斯川德景色如畫。,巴里斯川德 景色 如 畫,4,巴里斯川德(Unknown) 景色(3529) 如(195069) 畫(57787),"{'Low': 1, 'High': 3}","{'Unknown': 2, '第4*級': 1, '第1*級': 1}",1,Y,N,N,N
氣象萬千的峽灣與萬年不融的冰河，是挪威旅遊的兩大賣點，位居亞熱帶的國人前往挪威旅遊，除了不可免俗地走訪首都奧斯陸，參觀阿克雪斯堡、維京船博物館、維吉蘭雕刻公園、皇宮......等觀光據點，當然不可錯過探訪峽灣與冰河的機會，親身體驗一番北國風情。,氣象萬千 的 峽灣 與 萬 年 不 融 的 冰河 是 挪威 旅遊 的 兩 大 賣點 位居 亞熱帶 的 國人 前往 挪威 旅遊 除了 不可 免俗 地 走訪 首都 奧斯陸 參觀 阿克雪斯堡 維京船 博物館 維吉蘭 雕刻 公園 皇宮 等 觀光 據點 當然 不可 錯過 探訪 峽灣 與 冰河 的 機會 親身 體驗 一 番 北國 風情,57,氣象萬千(83) 的(16029838) 峽灣(198) 與(968432) 萬(13178) 年(514736) 不(2282521) 融(1078) 的(16029838) 冰河(833) 是(4642407) 挪威(1872) 旅遊(8465) 的(16029838) 兩(526190) 大(525780) 賣點(1045) 位居(1588) 亞熱帶(643) 的(16029838) 國人(4275) 前往(27321) 挪威(1872) 旅遊(8465) 除了(75964) 不可(50808) 免俗(189) 地(754998) 走訪(1087) 首都(12838) 奧斯陸(284) 參觀(9034) 阿克雪斯堡(Unknown) 維京船(2) 博物館(9905) 維吉蘭(66) 雕刻(4070) 公園(13910) 皇宮(5649) 等(327380) 觀光(4478) 據點(2750) 當然(113971) 不可(50808) 錯過(4695) 探訪(1726) 峽灣(198) 與(968432) 冰河(833) 的(16029838) 機會(81244) 親身(4295) 體驗(15945) 一(3701681) 番(30293) 北國(653) 風情(1988),"{'Low': 4, 'High': 53}","{'Unknown': 20, '第1級': 11, '第4*級': 2, '第1*級': 2, '第4級': 5, '第7級': 4, '第5級': 5, '第3*級': 3, '第6級': 3, '第2級': 2}",7,Y,Y,N,Y
如果挪威之旅欠缺峽灣與冰河，猶如「入寶山空手而回」，令人遺憾。,如果 挪威 之 旅 欠缺 峽灣 與 冰河 猶如 入 寶山 空手而回 令 人 遺憾,15,如果(322121) 挪威(1872) 之(875481) 旅(8620) 欠缺(4246) 峽灣(198) 與(968432) 冰河(833) 猶如(5976) 入(30777) 寶山(395) 空手而回(125) 令(128742) 人(1550512) 遺憾(9493),{'High': 15},"{'第2級': 1, 'Unknown': 6, '第5級': 3, '第6級': 2, '第4*級': 2, '第1級': 1}",1,Y,Y,N,N
挪威的峽灣自南方的石油重鎮斯塔凡格(Stavanger)，一路向北延伸到挪威最北的北角地區，數以百計的峽灣，將挪威海岸塑造成世界上最迷人的海岸線。,挪威 的 峽灣 自 南方 的 石油 重鎮 斯塔凡格 Stavanger 一路 向 北 延伸到 挪威 最 北 的 北角 地區 數以百計 的 峽灣 將 挪威 海岸 塑造成 世界 上 最 迷人 的 海岸線,33,挪威(1872) 的(16029838) 峽灣(198) 自(59676) 南方(9043) 的(16029838) 石油(5309) 重鎮(1282) 斯塔凡格(1) Stavanger(2) 一路(14840) 向(231672) 北(20351) 延伸到(2119) 挪威(1872) 最(421680) 北(20351) 的(16029838) 北角(171) 地區(40339) 數以百計(404) 的(16029838) 峽灣(198) 將(448374) 挪威(1872) 海岸(5612) 塑造成(723) 世界(165235) 上(1233218) 最(421680) 迷人(5647) 的(16029838) 海岸線(1031),"{'High': 31, 'Low': 2}","{'Unknown': 12, '第1級': 6, '第5級': 4, '第7級': 2, '第6級': 1, '第2級': 4, '第1*級': 2, '第4級': 1, '第4*級': 1}",6,Y,N,N,N
如果說挪威的海岸線是一串珍珠項鍊，一個緊挨著一個的峽灣便是一顆顆璀璨耀眼的珍珠，雖然挪威的峽灣多，但每處峽灣各有不同風情，拜訪峽灣保證是人生一大快事。,如果說 挪威 的 海岸線 是 一 串 珍珠 項鍊 一 個 緊挨 著 一 個 的 峽灣 便是 一顆顆 璀璨 耀眼 的 珍珠 雖然 挪威 的 峽灣 多 但 每 處 峽灣 各 有 不同 風情 拜訪 峽灣 保證 是 人生 一 大 快事,44,如果說(4466) 挪威(1872) 的(16029838) 海岸線(1031) 是(4642407) 一(3701681) 串(5561) 珍珠(3968) 項鍊(2187) 一(3701681) 個(2296574) 緊挨(110) 著(1004687) 一(3701681) 個(2296574) 的(16029838) 峽灣(198) 便是(6111) 一顆顆(663) 璀璨(647) 耀眼(2484) 的(16029838) 珍珠(3968) 雖然(152988) 挪威(1872) 的(16029838) 峽灣(198) 多(318992) 但(597124) 每(333357) 處(84410) 峽灣(198) 各(243023) 有(2217079) 不同(159432) 風情(1988) 拜訪(9919) 峽灣(198) 保證(17492) 是(4642407) 人生(69234) 一(3701681) 大(525780) 快事(71),"{'High': 43, 'Low': 1}","{'Unknown': 13, '第1級': 15, '第7級': 2, '第5級': 4, '第6級': 2, '第2級': 3, '第1*級': 1, '第3級': 1, '第4*級': 3}",3,Y,Y,N,N
五月至九月旅遊旺季小鎮成民族大熔爐，巴里斯川德(Balestrand)是上天鍾情，人們鍾愛的峽灣小鎮，不但擁有令人驚艷的峽灣美景，還擁有雄偉壯觀的萬年冰河景觀，每年五月，冰雪開始融化，草綠了、花開了、蝴蝶飛舞、鳥兒高唱......，經過漫長、蕭瑟的寒冬，春神終於帶著春天的消息，降臨巴里斯川德，從五月到九月是巴里斯川德的旅遊旺季，來自全球各地尋訪「北國春色」的觀光客，使得小鎮人潮洶湧，煞是熱鬧。,五月 至 九月 旅遊 旺季 小鎮 成 民族 大 熔爐 巴里斯川德 Balestrand 是 上天 鍾情 人們 鍾愛 的 峽灣 小鎮 不但 擁有 令 人 驚艷 的 峽灣 美景 還 擁有 雄偉 壯觀 的 萬 年 冰河 景觀 每 年 五月 冰雪 開始 融化 草綠 了 花 開 了 蝴蝶 飛舞 鳥兒 高唱 經過 漫長 蕭瑟 的 寒冬 春神 終於 帶 著 春天 的 消息 降臨 巴里斯川德 從 五月 到 九月 是 巴里斯川德 的 旅遊 旺季 來自 全球 各 地 尋訪 北國 春色 的 觀光客 使得 小鎮 人潮 洶湧 煞是 熱鬧,90,五月(15682) 至(101530) 九月(15070) 旅遊(8465) 旺季(442) 小鎮(5758) 成(76470) 民族(25724) 大(525780) 熔爐(331) 巴里斯川德(Unknown) Balestrand(Unknown) 是(4642407) 上天(4712) 鍾情(533) 人們(77778) 鍾愛(1044) 的(16029838) 峽灣(198) 小鎮(5758) 不但(40359) 擁有(55809) 令(128742) 人(1550512) 驚艷(352) 的(16029838) 峽灣(198) 美景(2063) 還(625086) 擁有(55809) 雄偉(1443) 壯觀(2401) 的(16029838) 萬(13178) 年(514736) 冰河(833) 景觀(4987) 每(333357) 年(514736) 五月(15682) 冰雪(1082) 開始(245562) 融化(2065) 草綠(24) 了(3199291) 花(72593) 開(62807) 了(3199291) 蝴蝶(4721) 飛舞(1901) 鳥兒(2956) 高唱(693) 經過(64617) 漫長(5523) 蕭瑟(336) 的(16029838) 寒冬(973) 春神(11) 終於(59622) 帶(105786) 著(1004687) 春天(8850) 的(16029838) 消息(37528) 降臨(5127) 巴里斯川德(Unknown) 從(496546) 五月(15682) 到(546906) 九月(15070) 是(4642407) 巴里斯川德(Unknown) 的(16029838) 旅遊(8465) 旺季(442) 來自(41811) 全球(21104) 各(243023) 地(754998) 尋訪(661) 北國(653) 春色(319) 的(16029838) 觀光客(2140) 使得(30960) 小鎮(5758) 人潮(2524) 洶湧(2277) 煞是(265) 熱鬧(6537),"{'High': 84, 'Low': 6}","{'Unknown': 35, '第5級': 9, '第4級': 6, '第4*級': 3, '第1級': 15, '第6級': 8, '第7級': 3, '第3級': 2, '第1*級': 4, '第2級': 4, '第3*級': 1}",5,Y,Y,N,N
這段時期，巴里斯川德恍如民族的大熔爐，各種膚色的人，穿梭在小鎮的超市、青年之家、酒吧、峽灣、冰河。,這 段 時期 巴里斯川德 恍如 民族 的 大 熔爐 各 種 膚色 的 人 穿梭 在 小鎮 的 超市 青年 之 家 酒吧 峽灣 冰河,25,這(2114032) 段(95980) 時期(47839) 巴里斯川德(Unknown) 恍如(378) 民族(25724) 的(16029838) 大(525780) 熔爐(331) 各(243023) 種(701563) 膚色(2416) 的(16029838) 人(1550512) 穿梭(3269) 在(3284238) 小鎮(5758) 的(16029838) 超市(2748) 青年(18436) 之(875481) 家(236822) 酒吧(4987) 峽灣(198) 冰河(833),"{'High': 24, 'Low': 1}","{'第1級': 7, '第4級': 1, '第4*級': 4, 'Unknown': 7, '第2級': 1, '第5級': 2, '第7級': 1, '第1*級': 1, '第2*級': 1}",1,Y,N,N,N
峽灣刀砍斧劈集幽險神奇於一身。,峽灣 刀 砍 斧 劈 集 幽險 神奇 於 一 身,11,峽灣(198) 刀(22629) 砍(6113) 斧(1889) 劈(2080) 集(9895) 幽險(39) 神奇(8107) 於(327210) 一(3701681) 身(122324),"{'High': 10, 'Low': 1}","{'Unknown': 2, '第2*級': 1, '第4*級': 2, '第6級': 3, '第5級': 2, '第1級': 1}",0,Y,N,N,N
巴里斯川德位於挪威最長、水最深的松恩峽灣(Sognfjord)中段，從首都奧斯陸搭乘往卑爾根的火車，在米豆(Myrdal)站下車，轉搭福朗支線小火車至福朗(Flam)，號稱歐洲最美的福朗支線係挪威著名的觀光路線，從米豆到福朗的二十公里路段，落差達八百五十公尺，坡度高達五十五度，較諸世界三條登山鐵路——阿里山森林鐵路、印度大吉嶺登山鐵路、秘魯安地列斯登山鐵路毫不遜色。,巴里斯川德 位於 挪威 最 長 水 最 深 的 松恩 峽灣 Sognfjord 中段 從 首都 奧斯陸 搭乘 往 卑爾根 的 火車 在 米豆 Myrdal 站 下車 轉搭 福朗支線 小 火車 至 福朗 Flam 號稱 歐洲 最 美 的 福朗支線 係 挪威 著名 的 觀光 路線 從 米豆 到 福朗 的 二十 公里 路段 落差 達 八百五十 公尺 坡度 高達 五十五 度 較諸 世界 三 條 登山 鐵路 阿里山 森林 鐵路 印度 大吉嶺 登山 鐵路 秘魯 安地列斯 登山 鐵路 毫不 遜色,80,巴里斯川德(Unknown) 位於(19612) 挪威(1872) 最(421680) 長(107092) 水(86260) 最(421680) 深(40153) 的(16029838) 松恩(2) 峽灣(198) Sognfjord(Unknown) 中段(703) 從(496546) 首都(12838) 奧斯陸(284) 搭乘(4116) 往(95775) 卑爾根(68) 的(16029838) 火車(13566) 在(3284238) 米豆(6) Myrdal(10) 站(68488) 下車(4505) 轉搭(315) 福朗支線(Unknown) 小(318835) 火車(13566) 至(101530) 福朗(1) Flam(24) 號稱(3257) 歐洲(24026) 最(421680) 美(53380) 的(16029838) 福朗支線(Unknown) 係(9477) 挪威(1872) 著名(20279) 的(16029838) 觀光(4478) 路線(9508) 從(496546) 米豆(6) 到(546906) 福朗(1) 的(16029838) 二十(32739) 公里(16646) 路段(665) 落差(1917) 達(25383) 八百五十(68) 公尺(19233) 坡度(457) 高達(7931) 五十五(1419) 度(25018) 較諸(195) 世界(165235) 三(313861) 條(115362) 登山(2895) 鐵路(7088) 阿里山(1074) 森林(14387) 鐵路(7088) 印度(16278) 大吉嶺(56) 登山(2895) 鐵路(7088) 秘魯(357) 安地列斯(7) 登山(2895) 鐵路(7088) 毫不(14921) 遜色(974),"{'Low': 15, 'High': 65}","{'Unknown': 32, '第6級': 5, '第1*級': 10, '第1級': 9, '第3*級': 2, '第4級': 11, '第5級': 6, '第2級': 3, '第3級': 1, '第7級': 1}",13,Y,N,N,Y
火車在蜿蜒曲折的山區盤旋而下，共經過三十一個隧道，才抵達山谷底部，觀光火車上除了有英文播音介紹沿線風光，火車還會在氣勢雄偉的柯斯(Kjosfoss)瀑布暫時停靠，讓遊客下車透透氣、拍照留念。,火車 在 蜿蜒 曲折 的 山區 盤旋 而 下 共 經過 三十一 個 隧道 才 抵達 山谷 底部 觀光 火車 上 除了 有 英文 播音 介紹 沿線 風光 火車 還 會 在 氣勢 雄偉 的 柯斯 Kjosfoss 瀑布 暫時 停靠 讓 遊客 下車 透透氣 拍照 留念,46,火車(13566) 在(3284238) 蜿蜒(2033) 曲折(2769) 的(16029838) 山區(4460) 盤旋(2460) 而(937923) 下(329549) 共(32138) 經過(64617) 三十一(1380) 個(2296574) 隧道(3555) 才(394539) 抵達(16291) 山谷(4906) 底部(3261) 觀光(4478) 火車(13566) 上(1233218) 除了(75964) 有(2217079) 英文(15308) 播音(316) 介紹(26468) 沿線(574) 風光(3236) 火車(13566) 還(625086) 會(1014977) 在(3284238) 氣勢(4177) 雄偉(1443) 的(16029838) 柯斯(11) Kjosfoss(Unknown) 瀑布(2537) 暫時(14976) 停靠(864) 讓(526314) 遊客(4899) 下車(4505) 透透氣(231) 拍照(2914) 留念(413),"{'High': 44, 'Low': 2}","{'第1*級': 9, '第6級': 8, '第1級': 6, 'Unknown': 12, '第5級': 3, '第2級': 3, '第4級': 1, '第3*級': 1, '第4*級': 2, '第3級': 1}",3,Y,Y,N,Y
看看福朗支線的人潮洶湧，再看看世界級的阿里山森林鐵路經營窘況，「他山之石，可以攻錯」，挪威政府發展觀光，心思之細緻，值得國人借鏡。,看看 福朗支線 的 人潮 洶湧 再 看看 世界級 的 阿里山 森林 鐵路 經營 窘況 他 山 之 石 可以 攻錯 挪威 政府 發展 觀光 心思 之 細緻 值得 國人 借鏡,30,看看(46250) 福朗支線(Unknown) 的(16029838) 人潮(2524) 洶湧(2277) 再(326207) 看看(46250) 世界級(866) 的(16029838) 阿里山(1074) 森林(14387) 鐵路(7088) 經營(39913) 窘況(170) 他(2487930) 山(54936) 之(875481) 石(12692) 可以(560531) 攻錯(246) 挪威(1872) 政府(92663) 發展(117494) 觀光(4478) 心思(7932) 之(875481) 細緻(3383) 值得(34362) 國人(4275) 借鏡(873),"{'High': 29, 'Low': 1}","{'Unknown': 9, '第1級': 4, '第5級': 5, '第6級': 2, '第1*級': 2, '第4級': 7, '第7級': 1}",3,Y,N,N,N
抵達福朗後，再搭乘峽灣渡輪經松恩峽灣的分支峽灣——奧蘭德峽灣，便可抵達巴里斯川德。,抵達 福朗 後 再 搭乘 峽灣 渡輪 經 松恩 峽灣 的 分支 峽灣 奧蘭德 峽灣 便 可 抵達 巴里斯川德,19,抵達(16291) 福朗(1) 後(422857) 再(326207) 搭乘(4116) 峽灣(198) 渡輪(556) 經(38471) 松恩(2) 峽灣(198) 的(16029838) 分支(1565) 峽灣(198) 奧蘭德(25) 峽灣(198) 便(220860) 可(307359) 抵達(16291) 巴里斯川德(Unknown),"{'High': 15, 'Low': 4}","{'第6級': 3, 'Unknown': 10, '第1級': 2, '第1*級': 1, '第5級': 1, '第7級': 1, '第4*級': 1}",2,Y,N,N,Y
「曾經滄海難為水，除卻巫山不是雲」，峽灣的美，筆墨難以形容，萬年冰河夾著雷霆萬鈞之勢，切割綿延千里的挪威海岸，鬼斧神工的手筆，造就出一處處集「幽、險、雄、奇」於一身的峽灣，挪威每一處峽灣都是大自然的精心傑作，搭乘峽灣渡輪，兩岸山峰壁立如削，斷崖峭壁如刀砍斧劈，無峰不雄、無壑不幽，「縱得萬管玲瓏筆，難寫峽灣景觀美」，每年夏天旅遊旺季，數以萬計的觀光客湧向峽灣，其來有自。,曾經 滄海 難 為 水 除卻 巫山 不 是 雲 峽灣 的 美 筆墨 難以 形容 萬 年 冰河 夾 著 雷霆萬鈞之勢 切割 綿延 千 里 的 挪威 海岸 鬼斧神工 的 手筆 造就出 一處處 集 幽 險 雄 奇 於 一 身 的 峽灣 挪威 每 一 處 峽灣 都 是 大自然 的 精心傑作 搭乘 峽灣 渡輪 兩岸 山峰 壁立 如 削 斷崖 峭壁 如 刀 砍 斧 劈 無 峰 不 雄 無 壑 不 幽 縱 得 萬 管 玲瓏筆 難 寫 峽灣 景觀 美 每 年 夏天 旅遊 旺季 數以萬計 的 觀光客 湧向 峽灣 其來有自,98,曾經(52970) 滄海(653) 難(75701) 為(761341) 水(86260) 除卻(194) 巫山(244) 不(2282521) 是(4642407) 雲(19452) 峽灣(198) 的(16029838) 美(53380) 筆墨(1307) 難以(30294) 形容(25604) 萬(13178) 年(514736) 冰河(833) 夾(8151) 著(1004687) 雷霆萬鈞之勢(3) 切割(2009) 綿延(1560) 千(19677) 里(23230) 的(16029838) 挪威(1872) 海岸(5612) 鬼斧神工(117) 的(16029838) 手筆(514) 造就出(282) 一處處(Unknown) 集(9895) 幽(1112) 險(3569) 雄(5376) 奇(11637) 於(327210) 一(3701681) 身(122324) 的(16029838) 峽灣(198) 挪威(1872) 每(333357) 一(3701681) 處(84410) 峽灣(198) 都(1125846) 是(4642407) 大自然(10703) 的(16029838) 精心傑作(Unknown) 搭乘(4116) 峽灣(198) 渡輪(556) 兩岸(6984) 山峰(1371) 壁立(70) 如(195069) 削(1702) 斷崖(596) 峭壁(1479) 如(195069) 刀(22629) 砍(6113) 斧(1889) 劈(2080) 無(157858) 峰(1348) 不(2282521) 雄(5376) 無(157858) 壑(159) 不(2282521) 幽(1112) 縱(4597) 得(573721) 萬(13178) 管(22936) 玲瓏筆(Unknown) 難(75701) 寫(113933) 峽灣(198) 景觀(4987) 美(53380) 每(333357) 年(514736) 夏天(11228) 旅遊(8465) 旺季(442) 數以萬計(289) 的(16029838) 觀光客(2140) 湧向(470) 峽灣(198) 其來有自(285),"{'High': 93, 'Low': 5}","{'第4級': 6, 'Unknown': 40, '第1級': 19, '第1*級': 6, '第6級': 9, '第5級': 9, '第4*級': 3, '第7級': 4, '第2*級': 1, '第2級': 1}",10,Y,Y,N,N
大自然的動與靜，冰河之旅展現無遺。,大自然 的 動 與 靜 冰河 之 旅 展現 無遺,10,大自然(10703) 的(16029838) 動(45936) 與(968432) 靜(8398) 冰河(833) 之(875481) 旅(8620) 展現(15289) 無遺(1320),{'High': 10},"{'第4級': 1, '第1級': 1, '第3*級': 1, '第4*級': 2, 'Unknown': 3, '第5級': 1, '第6級': 1}",1,Y,Y,N,N
前往巴里斯川德，除了可欣賞景致不遜於長江三峽的雄偉峽灣，到福來特布林(Flatbreen)冰河體驗北國風情，更是令人終生難忘的經驗。,前往 巴里斯川德 除了 可 欣賞 景致 不遜 於 長江 三峽 的 雄偉 峽灣 到 福來特布林 Flatbreen 冰河 體驗 北國 風情 更 是 令 人 終生 難忘 的 經驗,28,前往(27321) 巴里斯川德(Unknown) 除了(75964) 可(307359) 欣賞(17817) 景致(1617) 不遜(325) 於(327210) 長江(5118) 三峽(963) 的(16029838) 雄偉(1443) 峽灣(198) 到(546906) 福來特布林(Unknown) Flatbreen(Unknown) 冰河(833) 體驗(15945) 北國(653) 風情(1988) 更(361676) 是(4642407) 令(128742) 人(1550512) 終生(2847) 難忘(3374) 的(16029838) 經驗(86997),"{'High': 25, 'Low': 3}","{'第5級': 4, 'Unknown': 10, '第3*級': 1, '第4*級': 3, '第7級': 1, '第1級': 5, '第6級': 3, '第2級': 1}",3,Y,N,N,N
從巴里斯川德搭船沿峽灣到一個峽灣小村落——菲雅蘭德(Fjaerland)，碼頭下船處，便有許多專門招徠觀光客的「冰河旅遊」的遊覽車。,從 巴里斯川德 搭船 沿 峽灣 到 一 個 峽灣 小 村落 菲雅蘭德 Fjaerland 碼頭 下 船 處 便有 許多 專門 招徠 觀光客 的 冰河 旅遊 的 遊覽車,27,從(496546) 巴里斯川德(Unknown) 搭船(804) 沿(19661) 峽灣(198) 到(546906) 一(3701681) 個(2296574) 峽灣(198) 小(318835) 村落(3977) 菲雅蘭德(Unknown) Fjaerland(Unknown) 碼頭(4901) 下(329549) 船(45130) 處(84410) 便有(520) 許多(159791) 專門(13209) 招徠(541) 觀光客(2140) 的(16029838) 冰河(833) 旅遊(8465) 的(16029838) 遊覽車(422),"{'High': 24, 'Low': 3}","{'第1*級': 2, 'Unknown': 11, '第5級': 1, '第1級': 6, '第6級': 2, '第3級': 1, '第3*級': 1, '第4*級': 1, '第4級': 2}",5,Y,N,N,N
冰河旅遊的第一站是諾斯克(Norsk)冰河博物館，這座特殊的冰河博物館，館中除詳細介紹冰河形成原因、挪威的冰河、並有一座冰山模型，一塊不時更換的萬年冰河冰塊，還有一個可測試體力、供來賓模擬攀登冰河的遊戲機。,冰河 旅遊 的 第一 站 是 諾斯克 Norsk 冰河 博物館 這 座 特殊 的 冰河 博物館 館 中 除 詳細 介紹 冰河 形成 原因 挪威 的 冰河 並 有 一 座 冰山 模型 一 塊 不時 更換 的 萬 年 冰河 冰塊 還 有 一 個 可 測試 體力 供 來賓 模擬 攀登 冰河 的 遊戲機,56,冰河(833) 旅遊(8465) 的(16029838) 第一(172544) 站(68488) 是(4642407) 諾斯克(2) Norsk(2) 冰河(833) 博物館(9905) 這(2114032) 座(49959) 特殊(28606) 的(16029838) 冰河(833) 博物館(9905) 館(3995) 中(1011729) 除(15929) 詳細(13379) 介紹(26468) 冰河(833) 形成(47486) 原因(67404) 挪威(1872) 的(16029838) 冰河(833) 並(442790) 有(2217079) 一(3701681) 座(49959) 冰山(949) 模型(9142) 一(3701681) 塊(54148) 不時(10714) 更換(2931) 的(16029838) 萬(13178) 年(514736) 冰河(833) 冰塊(1852) 還(625086) 有(2217079) 一(3701681) 個(2296574) 可(307359) 測試(10686) 體力(6172) 供(17109) 來賓(1384) 模擬(3988) 攀登(1737) 冰河(833) 的(16029838) 遊戲機(341),"{'High': 54, 'Low': 2}","{'Unknown': 16, '第4級': 4, '第1級': 15, '第2級': 1, '第1*級': 3, '第3*級': 4, '第5級': 4, '第4*級': 3, '第6級': 4, '第2*級': 1, '第7級': 1}",5,Y,Y,N,N
此外，冰河博物館內有一間設備完全的視聽室，每隔半小時放映一場精采的多媒體影片，以一支冰河探險隊走訪冰河為主題，播映時間全長十八分鐘的影片，將挪威冰河之美展現無遺，遊客到此，務必觀賞。,此外 冰河 博物館 內 有 一 間 設備 完全 的 視聽室 每隔 半 小時 放映 一 場 精采 的 多媒體 影片 以 一 支 冰河 探險隊 走訪 冰河 為 主題 播映 時間 全 長 十八 分鐘 的 影片 將 挪威 冰河 之 美 展現 無遺 遊客 到 此 務必 觀賞,50,此外(30247) 冰河(833) 博物館(9905) 內(183051) 有(2217079) 一(3701681) 間(115638) 設備(12866) 完全(115744) 的(16029838) 視聽室(47) 每隔(3099) 半(80813) 小時(48521) 放映(3543) 一(3701681) 場(68915) 精采(4673) 的(16029838) 多媒體(1206) 影片(33145) 以(547785) 一(3701681) 支(25666) 冰河(833) 探險隊(705) 走訪(1087) 冰河(833) 為(761341) 主題(28398) 播映(714) 時間(213595) 全(178642) 長(107092) 十八(13604) 分鐘(52479) 的(16029838) 影片(33145) 將(448374) 挪威(1872) 冰河(833) 之(875481) 美(53380) 展現(15289) 無遺(1320) 遊客(4899) 到(546906) 此(288458) 務必(4103) 觀賞(5617),"{'High': 49, 'Low': 1}","{'第5級': 7, 'Unknown': 15, '第4級': 5, '第3級': 1, '第1級': 11, '第3*級': 1, '第7級': 3, '第2級': 3, '第1*級': 2, '第6級': 2}",4,Y,Y,N,N
冰河博物館還有一個販賣咖啡、熱飲、紀念品的攤位，可謂「麻雀雖小，五臟俱全」。,冰河 博物館 還 有 一 個 販賣 咖啡 熱飲 紀念品 的 攤位 可謂 麻雀 雖 小 五臟 俱全,18,冰河(833) 博物館(9905) 還(625086) 有(2217079) 一(3701681) 個(2296574) 販賣(3252) 咖啡(12867) 熱飲(105) 紀念品(1268) 的(16029838) 攤位(1247) 可謂(1921) 麻雀(2271) 雖(48164) 小(318835) 五臟(978) 俱全(479),{'High': 18},"{'Unknown': 5, '第4級': 1, '第1級': 6, '第5級': 2, '第4*級': 1, '第6級': 2, '第2級': 1}",2,Y,Y,N,N
「冰河旅遊」的主要參觀地點是福來特布林冰河和巴雅布林(Bayabreen)冰河，由於「冰河旅遊」觀光巴士在兩處冰河停留的時間有限，遊客只能在冰河邊緣過過乾癮，無緣深入冰河區，親身體驗萬年冰河的神秘景觀，由於冰河區氣候瞬息萬變，晴空萬里的天氣瞬間變天，難以捉摸，當地有關單位為防止觀光客發生意外事故，嚴格規定，凡是攀登冰河的遊客，除必須穿著良好的登山鞋、防風、防雨夾克、頭套、手套、太陽眼鏡，攜帶充裕的食物及飲水，並需具備豐富的冬攀經驗，多數國人由於欠缺冬攀經驗，在冰河邊緣走走、照照相即可，千萬不要貿然嘗試，以免樂極生悲。,冰河 旅遊 的 主要 參觀 地點 是 福來特布林 冰河 和 巴雅布林 Bayabreen 冰河 由於 冰河 旅遊 觀光 巴士 在 兩 處 冰河 停留 的 時間 有限 遊客 只 能 在 冰河 邊緣 過過 乾癮 無緣 深入 冰河區 親身 體驗 萬 年 冰河 的 神秘 景觀 由於 冰河區 氣候 瞬息萬變 晴空萬里 的 天氣 瞬間 變天 難以 捉摸 當地 有關 單位 為 防止 觀光客 發生 意外 事故 嚴格 規定 凡是 攀登 冰河 的 遊客 除 必須 穿著 良好 的 登山鞋 防風 防 雨 夾克 頭套 手套 太陽眼鏡 攜帶 充裕 的 食物 及 飲水 並 需 具備 豐富 的 冬攀 經驗 多數 國人 由於 欠缺 冬攀 經驗 在 冰河 邊緣 走走 照照相 即可 千萬 不要 貿然 嘗試 以免 樂極生悲,116,冰河(833) 旅遊(8465) 的(16029838) 主要(78757) 參觀(9034) 地點(16808) 是(4642407) 福來特布林(Unknown) 冰河(833) 和(1338337) 巴雅布林(Unknown) Bayabreen(Unknown) 冰河(833) 由於(88111) 冰河(833) 旅遊(8465) 觀光(4478) 巴士(3384) 在(3284238) 兩(526190) 處(84410) 冰河(833) 停留(7966) 的(16029838) 時間(213595) 有限(17290) 遊客(4899) 只(436725) 能(582260) 在(3284238) 冰河(833) 邊緣(10706) 過過(190) 乾癮(37) 無緣(1299) 深入(18074) 冰河區(Unknown) 親身(4295) 體驗(15945) 萬(13178) 年(514736) 冰河(833) 的(16029838) 神秘(7052) 景觀(4987) 由於(88111) 冰河區(Unknown) 氣候(6752) 瞬息萬變(555) 晴空萬里(200) 的(16029838) 天氣(11782) 瞬間(9169) 變天(164) 難以(30294) 捉摸(1240) 當地(23011) 有關(69607) 單位(23148) 為(761341) 防止(7775) 觀光客(2140) 發生(129211) 意外(21631) 事故(3476) 嚴格(13417) 規定(24592) 凡是(5571) 攀登(1737) 冰河(833) 的(16029838) 遊客(4899) 除(15929) 必須(170592) 穿著(11114) 良好(16069) 的(16029838) 登山鞋(91) 防風(301) 防(6015) 雨(16736) 夾克(1432) 頭套(71) 手套(3686) 太陽眼鏡(Unknown) 攜帶(5385) 充裕(1386) 的(16029838) 食物(41958) 及(304586) 飲水(1165) 並(442790) 需(27999) 具備(13398) 豐富(24271) 的(16029838) 冬攀(Unknown) 經驗(86997) 多數(13621) 國人(4275) 由於(88111) 欠缺(4246) 冬攀(Unknown) 經驗(86997) 在(3284238) 冰河(833) 邊緣(10706) 走走(2459) 照照相(2) 即可(7563) 千萬(13485) 不要(101931) 貿然(1362) 嘗試(21645) 以免(8342) 樂極生悲(68),"{'High': 103, 'Low': 13}","{'Unknown': 36, '第4級': 12, '第1級': 12, '第3*級': 3, '第4*級': 8, '第2*級': 1, '第1*級': 8, '第5級': 15, '第6級': 9, '第7級': 5, '第3級': 4, '第2級': 3}",12,Y,Y,N,N
視野遼闊的山頂是俯視峽灣的最佳地點，巴里斯川德附近有一條登山步道，體力好的人可沿步道直攻山頂，欣賞松恩峽灣的雄偉景觀及白雪皚皚的Jostedalsbreen冰原，登山步道兩旁，不時可見晶瑩剔透的野生小紅莓、小黃莓及小藍莓，這些野生草莓，風味絕佳，可以品嚐。,視野 遼闊 的 山頂 是 俯視 峽灣 的 最佳 地點 巴里斯川德 附近 有 一 條 登山 步道 體力 好 的 人 可 沿 步道 直 攻 山頂 欣賞 松恩 峽灣 的 雄偉 景觀 及 白雪 皚皚 的 Jostedalsbreen 冰原 登山 步道 兩旁 不時 可 見 晶瑩剔透 的 野生 小紅莓 小黃莓 及 小藍莓 這些 野生 草莓 風味 絕佳 可以 品嚐,59,視野(7815) 遼闊(1885) 的(16029838) 山頂(4697) 是(4642407) 俯視(1082) 峽灣(198) 的(16029838) 最佳(27224) 地點(16808) 巴里斯川德(Unknown) 附近(32204) 有(2217079) 一(3701681) 條(115362) 登山(2895) 步道(2650) 體力(6172) 好(448428) 的(16029838) 人(1550512) 可(307359) 沿(19661) 步道(2650) 直(32801) 攻(7392) 山頂(4697) 欣賞(17817) 松恩(2) 峽灣(198) 的(16029838) 雄偉(1443) 景觀(4987) 及(304586) 白雪(1894) 皚皚(257) 的(16029838) Jostedalsbreen(Unknown) 冰原(110) 登山(2895) 步道(2650) 兩旁(1552) 不時(10714) 可(307359) 見(179113) 晶瑩剔透(221) 的(16029838) 野生(2489) 小紅莓(Unknown) 小黃莓(Unknown) 及(304586) 小藍莓(Unknown) 這些(315113) 野生(2489) 草莓(1420) 風味(3277) 絕佳(2582) 可以(560531) 品嚐(1587),"{'High': 53, 'Low': 6}","{'第5級': 10, '第6級': 8, '第1級': 11, 'Unknown': 19, '第7級': 1, '第3*級': 1, '第1*級': 2, '第2級': 1, '第4級': 2, '第4*級': 3, '第3級': 1}",6,Y,Y,N,Y
體力較差的人，不必硬著頭皮攻頂，隨心所欲選擇一處視野不錯的地方，一樣能欣賞雄偉壯觀的峽灣景致，不喜歡登山的人，則可在小鎮的咖啡屋品嚐北國咖啡，或在清幽的峽灣划船、釣魚，興致高時不妨走訪峽灣小鎮，欣賞家家戶戶花團錦簇的家園，或與當地居民「國民外交」，度過一個悠悠閒閒的假期。,體力 較 差 的 人 不必 硬著頭皮 攻頂 隨心所欲 選擇 一 處 視野 不錯 的 地方 一樣 能 欣賞 雄偉 壯觀 的 峽灣 景致 不 喜歡 登山 的 人 則 可 在 小鎮 的 咖啡屋 品嚐 北國 咖啡 或 在 清幽 的 峽灣 划船 釣魚 興致 高 時 不妨 走訪 峽灣 小鎮 欣賞 家家戶戶 花團錦簇 的 家園 或 與 當地 居民 國民 外交 度過 一 個 悠悠閒閒 的 假期,69,體力(6172) 較(78424) 差(23865) 的(16029838) 人(1550512) 不必(29161) 硬著頭皮(887) 攻頂(46) 隨心所欲(1813) 選擇(75178) 一(3701681) 處(84410) 視野(7815) 不錯(23297) 的(16029838) 地方(139164) 一樣(188109) 能(582260) 欣賞(17817) 雄偉(1443) 壯觀(2401) 的(16029838) 峽灣(198) 景致(1617) 不(2282521) 喜歡(113753) 登山(2895) 的(16029838) 人(1550512) 則(254096) 可(307359) 在(3284238) 小鎮(5758) 的(16029838) 咖啡屋(318) 品嚐(1587) 北國(653) 咖啡(12867) 或(478077) 在(3284238) 清幽(334) 的(16029838) 峽灣(198) 划船(959) 釣魚(2583) 興致(2756) 高(128858) 時(623734) 不妨(9148) 走訪(1087) 峽灣(198) 小鎮(5758) 欣賞(17817) 家家戶戶(934) 花團錦簇(201) 的(16029838) 家園(2887) 或(478077) 與(968432) 當地(23011) 居民(13554) 國民(10927) 外交(8916) 度過(9438) 一(3701681) 個(2296574) 悠悠閒閒(24) 的(16029838) 假期(3080),"{'High': 67, 'Low': 2}","{'第4級': 2, '第2級': 1, 'Unknown': 14, '第1級': 17, '第3級': 3, '第7級': 3, '第6級': 4, '第3*級': 2, '第5級': 9, '第1*級': 6, '第4*級': 8}",6,Y,Y,N,N
度過一個悠悠閒閒的假期。,度過 一 個 悠悠 閒閒 的 假期,7,度過(9438) 一(3701681) 個(2296574) 悠悠(1887) 閒閒(253) 的(16029838) 假期(3080),{'High': 7},"{'第4*級': 1, '第1級': 3, '第7級': 1, 'Unknown': 1, '第4級': 1}",0,Y,N,N,N
帶著對威爾斯依依不捨的田園夢幻，再度整裝奔向英格蘭。,帶 著 對 威爾斯 依依不捨 的 田園 夢幻 再度 整裝 奔向 英格蘭,12,帶(105786) 著(1004687) 對(897964) 威爾斯(1922) 依依不捨(602) 的(16029838) 田園(2108) 夢幻(2720) 再度(22234) 整裝(396) 奔向(1840) 英格蘭(2013),{'High': 12},"{'第1級': 3, 'Unknown': 4, '第7級': 2, '第6級': 2, '第5級': 1}",3,Y,N,N,N
無論是面積、人口，英格蘭都是英國三區中的第一，同時也是英國首都的所在。,無論 是 面積 人口 英格蘭 都 是 英國 三 區 中 的 第一 同時 也 是 英國 首都 的 所在,20,無論(37021) 是(4642407) 面積(6281) 人口(17562) 英格蘭(2013) 都(1125846) 是(4642407) 英國(44248) 三(313861) 區(6652) 中(1011729) 的(16029838) 第一(172544) 同時(115305) 也(1590760) 是(4642407) 英國(44248) 首都(12838) 的(16029838) 所在(13079),{'High': 20},"{'第4級': 4, '第1級': 10, '第5級': 1, 'Unknown': 2, '第2級': 1, '第3*級': 1, '第6級': 1}",1,N,Y,N,N
提起英格蘭，莎士比亞筆下的羅密歐與茱麗葉、機智聰明的福爾摩斯偵探以及電影00七詹姆士龐德的矯健身手，都立即浮現腦際。,提起 英格蘭 莎士比亞 筆下 的 羅密歐 與 茱麗葉 機智 聰明 的 福爾摩斯 偵探 以及 電影 00七 詹姆士龐德 的 矯健 身手 都 立即 浮現 腦際,24,提起(8582) 英格蘭(2013) 莎士比亞(3005) 筆下(3840) 的(16029838) 羅密歐(494) 與(968432) 茱麗葉(1571) 機智(2347) 聰明(27161) 的(16029838) 福爾摩斯(6314) 偵探(6427) 以及(155624) 電影(115295) 00七(Unknown) 詹姆士龐德(Unknown) 的(16029838) 矯健(489) 身手(1466) 都(1125846) 立即(28594) 浮現(6931) 腦際(326),"{'High': 22, 'Low': 2}","{'Unknown': 9, '第6級': 3, '第1級': 4, '第4*級': 1, '第2*級': 1, '第5級': 3, '第1*級': 1, '第7級': 2}",7,Y,Y,N,Y
不過，在穿越英格蘭邊境的第一件事，我們要去探一探英國的另一項文化特色——磁器。,不過 在 穿越 英格蘭 邊境 的 第一 件 事 我們 要 去 探 一 探 英國 的 另 一 項 文化 特色 磁器,23,不過(186226) 在(3284238) 穿越(5408) 英格蘭(2013) 邊境(3055) 的(16029838) 第一(172544) 件(139257) 事(385949) 我們(979260) 要(851264) 去(479993) 探(4424) 一(3701681) 探(4424) 英國(44248) 的(16029838) 另(138369) 一(3701681) 項(88887) 文化(115697) 特色(16060) 磁器(102),{'High': 23},"{'第2級': 3, '第1*級': 3, '第5級': 2, 'Unknown': 4, '第6級': 1, '第1級': 8, '第3級': 1, '第4級': 1}",1,Y,Y,N,N
維爵伍德磁器不聞不如一見英國的磁器聞名全球，製作過程品管相當嚴格。,維爵伍德 磁器 不 聞 不 如 一 見 英國 的 磁器 聞名 全球 製作 過程 品管 相當 嚴格,18,維爵伍德(Unknown) 磁器(102) 不(2282521) 聞(19108) 不(2282521) 如(195069) 一(3701681) 見(179113) 英國(44248) 的(16029838) 磁器(102) 聞名(4406) 全球(21104) 製作(26135) 過程(87889) 品管(469) 相當(66293) 嚴格(13417),"{'Low': 1, 'High': 17}","{'Unknown': 5, '第1級': 5, '第3級': 2, '第1*級': 1, '第6級': 1, '第4級': 2, '第5級': 2}",1,Y,N,N,Y
車子開到維爵伍德(WEDGWOOD)磁器工廠的遊客服務中心，和一般英國的老房子沒什麼兩樣，並不太出色，當導遊人員引領我們參觀磁器的製作過程時，才大開眼界，見識有百餘年歷史的維爵伍德磁器的魅力。,車子 開到 維爵伍德 WEDGWOOD 磁器 工廠 的 遊客 服務 中心 和 一般 英國 的 老 房子 沒 什麼 兩樣 並 不 太 出色 當 導遊 人員 引領 我們 參觀 磁器 的 製作 過程 時 才 大開眼界 見識 有 百餘 年 歷史 的 維爵伍德 磁器 的 魅力,46,車子(15933) 開到(2237) 維爵伍德(Unknown) WEDGWOOD(Unknown) 磁器(102) 工廠(16192) 的(16029838) 遊客(4899) 服務(38055) 中心(46076) 和(1338337) 一般(80732) 英國(44248) 的(16029838) 老(75373) 房子(31430) 沒(306167) 什麼(431321) 兩樣(1086) 並(442790) 不(2282521) 太(181732) 出色(5525) 當(294625) 導遊(1089) 人員(49261) 引領(3267) 我們(979260) 參觀(9034) 磁器(102) 的(16029838) 製作(26135) 過程(87889) 時(623734) 才(394539) 大開眼界(598) 見識(3897) 有(2217079) 百餘(1429) 年(514736) 歷史(96060) 的(16029838) 維爵伍德(Unknown) 磁器(102) 的(16029838) 魅力(8207),"{'High': 43, 'Low': 3}","{'第1級': 15, 'Unknown': 12, '第4級': 1, '第3級': 3, '第3*級': 3, '第1*級': 1, '第4*級': 1, '第5級': 6, '第7級': 1, '第6級': 2, '第2級': 1}",4,Y,N,N,Y
一開始是一位老師傅示範拉胚，其手腳俐落，看起來十分容易，但實際上，沒有累積多年的經驗，是拉不出這樣的功力。,一 開始 是 一 位 老師傅 示範 拉胚 其 手腳 俐落 看起來 十分 容易 但 實際 上 沒有 累積 多 年 的 經驗 是 拉 不 出 這樣 的 功力,30,一(3701681) 開始(245562) 是(4642407) 一(3701681) 位(284809) 老師傅(358) 示範(5441) 拉胚(8) 其(307905) 手腳(4958) 俐落(2238) 看起來(41830) 十分(63196) 容易(80831) 但(597124) 實際(52755) 上(1233218) 沒有(594280) 累積(13742) 多(318992) 年(514736) 的(16029838) 經驗(86997) 是(4642407) 拉(27164) 不(2282521) 出(84457) 這樣(288344) 的(16029838) 功力(2543),"{'High': 29, 'Low': 1}","{'第1級': 13, '第2級': 4, 'Unknown': 3, '第5級': 2, '第6級': 3, '第3級': 2, '第4級': 1, '第4*級': 1, '第1*級': 1}",2,Y,Y,N,N
解說人員詳細地介紹磁器，從拉胚、上釉、烘燒到成品銷售的過程，以及龐大的磁器設計群，我們這才了解，原來該廠牌磁器無論花色的設計、品管和銷售服務的品質，均非浪得虛名，廣受全球人士的喜愛，但它的價錢可會使你掏出信用卡前三思一番，國內已有業者代理進口，有興趣不妨先探探行情。,解說 人員 詳細 地 介紹 磁器 從 拉胚 上釉 烘燒 到 成品 銷售 的 過程 以及 龐大 的 磁器 設計 群 我們 這 才 了解 原來 該 廠牌 磁器 無論 花色 的 設計 品管 和 銷售 服務 的 品質 均 非 浪得虛名 廣受 全球 人士 的 喜愛 但 它 的 價錢 可 會 使 你 掏出 信用卡 前 三思 一 番 國內 已 有 業者 代理 進口 有 興趣 不妨 先 探探 行情,73,解說(5627) 人員(49261) 詳細(13379) 地(754998) 介紹(26468) 磁器(102) 從(496546) 拉胚(8) 上釉(12) 烘燒(Unknown) 到(546906) 成品(1767) 銷售(13314) 的(16029838) 過程(87889) 以及(155624) 龐大(10804) 的(16029838) 磁器(102) 設計(59326) 群(39283) 我們(979260) 這(2114032) 才(394539) 了解(82970) 原來(49649) 該(148369) 廠牌(479) 磁器(102) 無論(37021) 花色(638) 的(16029838) 設計(59326) 品管(469) 和(1338337) 銷售(13314) 服務(38055) 的(16029838) 品質(19388) 均(27783) 非(112415) 浪得虛名(6) 廣受(378) 全球(21104) 人士(27666) 的(16029838) 喜愛(12200) 但(597124) 它(316854) 的(16029838) 價錢(4047) 可(307359) 會(1014977) 使(197544) 你(1414837) 掏出(4326) 信用卡(2180) 前(272709) 三思(810) 一(3701681) 番(30293) 國內(17537) 已(215610) 有(2217079) 業者(6857) 代理(5411) 進口(5751) 有(2217079) 興趣(34215) 不妨(9148) 先(136649) 探探(259) 行情(2386),"{'High': 69, 'Low': 4}","{'第5級': 12, '第4*級': 5, 'Unknown': 16, '第1*級': 5, '第1級': 14, '第6級': 3, '第4級': 8, '第2級': 2, '第3*級': 2, '第7級': 2, '第3級': 3, '第2*級': 1}",2,Y,Y,N,N
搭小船遊運河。,搭 小 船 遊 運河,5,搭(16185) 小(318835) 船(45130) 遊(6316) 運河(2629),{'High': 5},"{'第3級': 2, '第1級': 1, 'Unknown': 2}",0,Y,N,N,N
英設計者巧思倫敦塔橋是觀光必到之處。,英 設計 者 巧思 倫敦 塔橋 是 觀光 必 到 之 處,12,英(12886) 設計(59326) 者(423504) 巧思(767) 倫敦(14516) 塔橋(3) 是(4642407) 觀光(4478) 必(37598) 到(546906) 之(875481) 處(84410),"{'High': 11, 'Low': 1}","{'Unknown': 6, '第4*級': 1, '第7級': 1, '第1級': 2, '第4級': 1, '第5級': 1}",0,Y,N,N,N
在英國流行一種休閒活動，年輕人會存錢買一艘船，在周末時放到運河或溪流裡，享受遊河的樂趣，尤其早期英格蘭的運河也相當發達，現在更是被拿來作為觀光用途。,在 英國 流行 一 種 休閒 活動 年輕人 會 存錢 買 一 艘 船 在 周末 時 放到 運河 或 溪流 裡 享受 遊 河 的 樂趣 尤其 早期 英格蘭 的 運河 也 相當 發達 現在 更 是 被 拿來 作為 觀光 用途,43,在(3284238) 英國(44248) 流行(16740) 一(3701681) 種(701563) 休閒(5416) 活動(85743) 年輕人(25137) 會(1014977) 存錢(659) 買(59736) 一(3701681) 艘(13569) 船(45130) 在(3284238) 周末(849) 時(623734) 放到(6198) 運河(2629) 或(478077) 溪流(1785) 裡(520435) 享受(21312) 遊(6316) 河(25697) 的(16029838) 樂趣(9412) 尤其(50700) 早期(20120) 英格蘭(2013) 的(16029838) 運河(2629) 也(1590760) 相當(66293) 發達(5976) 現在(218744) 更(361676) 是(4642407) 被(540683) 拿來(8521) 作為(58009) 觀光(4478) 用途(4572),{'High': 43},"{'第1*級': 5, '第1級': 9, '第3級': 4, 'Unknown': 11, '第4級': 3, '第2級': 2, '第5級': 4, '第3*級': 2, '第6級': 1, '第2*級': 1, '第4*級': 1}",2,Y,Y,N,N
在抵達英格蘭的第一天晚上，我們繼威爾斯的蒸汽火車晚餐之後，又登上運河上的小船，一面享受美食，一面在夕陽餘暉中欣賞河岸風光。,在 抵達 英格蘭 的 第一 天 晚上 我們 繼 威爾斯 的 蒸汽 火車 晚餐 之後 又 登上 運河 上 的 小 船 一面 享受 美食 一面 在 夕陽 餘暉 中 欣賞 河岸 風光,33,在(3284238) 抵達(16291) 英格蘭(2013) 的(16029838) 第一(172544) 天(330413) 晚上(42206) 我們(979260) 繼(6145) 威爾斯(1922) 的(16029838) 蒸汽(924) 火車(13566) 晚餐(10044) 之後(190467) 又(535555) 登上(6844) 運河(2629) 上(1233218) 的(16029838) 小(318835) 船(45130) 一面(17288) 享受(21312) 美食(3573) 一面(17288) 在(3284238) 夕陽(2668) 餘暉(467) 中(1011729) 欣賞(17817) 河岸(2048) 風光(3236),{'High': 33},"{'第1*級': 5, '第6級': 3, 'Unknown': 10, '第1級': 8, '第2級': 1, '第4級': 3, '第3級': 1, '第5級': 1, '第4*級': 1}",2,Y,N,N,N
搭乘運河遊艇享受精緻美食，是趟浪漫之旅。,搭乘 運河 遊艇 享受 精緻 美食 是 趟 浪漫 之 旅,11,搭乘(4116) 運河(2629) 遊艇(1057) 享受(21312) 精緻(5073) 美食(3573) 是(4642407) 趟(11585) 浪漫(9865) 之(875481) 旅(8620),{'High': 11},"{'第5級': 2, 'Unknown': 2, '第7級': 1, '第4級': 3, '第6級': 1, '第1級': 1, '第4*級': 1}",0,Y,N,N,N
有趣的是，就在航程接近一半的時候，船突然停下來等待某一件事情；原來，由於地形高低落差的關係，船伕必須打開運河的閘門，好讓處於低水位的船，由前方的運河補注成為相同的水位，宛如爬了一道台階一樣，十分神奇，也不由得令人佩服當年運河的設計者有此巧思。,有趣 的 是 就 在 航程 接近 一半 的 時候 船 突然 停下來 等待 某 一 件 事情 原來 由於 地形 高低 落差 的 關係 船伕 必須 打開 運河 的 閘門 好 讓 處於 低 水位 的 船 由 前方 的 運河 補注 成為 相同 的 水位 宛如 爬 了 一 道 台階 一樣 十分 神奇 也 不由得 令 人 佩服 當年 運河 的 設計 者 有 此 巧思,69,有趣(26804) 的(16029838) 是(4642407) 就(1737544) 在(3284238) 航程(837) 接近(24049) 一半(21409) 的(16029838) 時候(199970) 船(45130) 突然(69636) 停下來(8900) 等待(21141) 某(119862) 一(3701681) 件(139257) 事情(112079) 原來(49649) 由於(88111) 地形(3468) 高低(4010) 落差(1917) 的(16029838) 關係(162883) 船伕(228) 必須(170592) 打開(33125) 運河(2629) 的(16029838) 閘門(695) 好(448428) 讓(526314) 處於(15647) 低(32663) 水位(604) 的(16029838) 船(45130) 由(208604) 前方(8907) 的(16029838) 運河(2629) 補注(56) 成為(143834) 相同(33311) 的(16029838) 水位(604) 宛如(5278) 爬(10860) 了(3199291) 一(3701681) 道(141723) 台階(2745) 一樣(188109) 十分(63196) 神奇(8107) 也(1590760) 不由得(3695) 令(128742) 人(1550512) 佩服(4908) 當年(25091) 運河(2629) 的(16029838) 設計(59326) 者(423504) 有(2217079) 此(288458) 巧思(767),"{'High': 68, 'Low': 1}","{'第3級': 5, '第1級': 16, '第1*級': 4, 'Unknown': 16, '第4*級': 6, '第2級': 3, '第4級': 3, '第5級': 7, '第3*級': 2, '第6級': 6, '第7級': 1}",2,Y,Y,N,N
從參觀磁器工廠開始，已慢慢嗅到現代化的味道。,從 參觀 磁器 工廠 開始 已 慢慢 嗅到 現代化 的 味道,11,從(496546) 參觀(9034) 磁器(102) 工廠(16192) 開始(245562) 已(215610) 慢慢(36056) 嗅到(730) 現代化(6049) 的(16029838) 味道(14200),{'High': 11},"{'第1*級': 1, '第3*級': 1, 'Unknown': 3, '第4級': 1, '第2級': 2, '第3級': 1, '第5級': 1, '第1級': 1}",1,Y,N,N,N
如果你有機會攜家帶眷同遊英國時，不妨可以帶著家中的小朋友到此一遊，這裡就是倫敦近郊有名的ALTONTOWERS遊樂場。,如果 你 有 機會 攜家帶眷 同 遊 英國 時 不妨 可以 帶 著 家 中 的 小朋友 到 此 一 遊 這裡 就 是 倫敦 近郊 有名 的 ALTONTOWERS 遊樂場,30,如果(322121) 你(1414837) 有(2217079) 機會(81244) 攜家帶眷(1) 同(102917) 遊(6316) 英國(44248) 時(623734) 不妨(9148) 可以(560531) 帶(105786) 著(1004687) 家(236822) 中(1011729) 的(16029838) 小朋友(9889) 到(546906) 此(288458) 一(3701681) 遊(6316) 這裡(100385) 就(1737544) 是(4642407) 倫敦(14516) 近郊(676) 有名(8977) 的(16029838) ALTONTOWERS(Unknown) 遊樂場(952),"{'High': 28, 'Low': 2}","{'第2級': 3, '第1級': 13, 'Unknown': 9, '第3*級': 1, '第5級': 2, '第7級': 1, '第2*級': 1}",4,Y,Y,N,N
遊樂場撩童心，非假日人擠人，ALTONTOWERS內的各項遊樂設驚險刺激，令人難忘。,遊樂場 撩 童心 非 假日 人 擠 人 ALTONTOWERS 內 的 各 項 遊樂 設 驚險 刺激 令 人 難忘,20,遊樂場(952) 撩(478) 童心(548) 非(112415) 假日(2962) 人(1550512) 擠(7262) 人(1550512) ALTONTOWERS(Unknown) 內(183051) 的(16029838) 各(243023) 項(88887) 遊樂(826) 設(17537) 驚險(1064) 刺激(24326) 令(128742) 人(1550512) 難忘(3374),"{'High': 19, 'Low': 1}","{'Unknown': 6, '第5級': 3, '第3*級': 1, '第1級': 4, '第4級': 1, '第3級': 1, '第2級': 1, '第6級': 1, '第4*級': 2}",2,Y,N,N,N
三百六十度的旋轉雲霄飛車，在高速行駛的情況下，彷佛置身生死邊緣，如果心臟功能不怎麼好，應該三思而後行，不過，一旦你下海嘗試，下車走到出口時，你就可以在電視螢幕上看到自己剛才驚嚇的有趣表情，當然，這也是生意人的點子，螢幕上的停格畫面都可立即轉化成一張張照片，每張約折合台幣三百元左右，帶一張回家作紀念，相信是個有趣而難忘的回憶。,三百六十 度 的 旋轉 雲霄飛車 在 高速 行駛 的 情況 下 彷佛 置身 生死 邊緣 如果 心臟 功能 不 怎麼 好 應該 三思 而 後 行 不過 一旦 你 下海 嘗試 下車 走到 出口 時 你 就 可以 在 電視 螢幕 上 看到 自己 剛才 驚嚇 的 有趣 表情 當然 這 也 是 生意人 的 點子 螢幕 上 的 停格 畫面 都 可 立即 轉化成 一張張 照片 每 張 約 折合 台幣 三百 元 左右 帶 一 張 回家 作 紀念 相信 是 個 有趣 而 難忘 的 回憶,89,三百六十(517) 度(25018) 的(16029838) 旋轉(5986) 雲霄飛車(428) 在(3284238) 高速(4778) 行駛(2413) 的(16029838) 情況(92301) 下(329549) 彷佛(43) 置身(3542) 生死(7032) 邊緣(10706) 如果(322121) 心臟(9522) 功能(38600) 不(2282521) 怎麼(143418) 好(448428) 應該(165478) 三思(810) 而(937923) 後(422857) 行(63474) 不過(186226) 一旦(37557) 你(1414837) 下海(881) 嘗試(21645) 下車(4505) 走到(32033) 出口(10817) 時(623734) 你(1414837) 就(1737544) 可以(560531) 在(3284238) 電視(41289) 螢幕(6582) 上(1233218) 看到(159419) 自己(744739) 剛才(17503) 驚嚇(3617) 的(16029838) 有趣(26804) 表情(25210) 當然(113971) 這(2114032) 也(1590760) 是(4642407) 生意人(1233) 的(16029838) 點子(6558) 螢幕(6582) 上(1233218) 的(16029838) 停格(319) 畫面(17554) 都(1125846) 可(307359) 立即(28594) 轉化成(1860) 一張張(888) 照片(25355) 每(333357) 張(99414) 約(47731) 折合(294) 台幣(1259) 三百(6433) 元(60807) 左右(33714) 帶(105786) 一(3701681) 張(99414) 回家(35375) 作(78184) 紀念(7956) 相信(82200) 是(4642407) 個(2296574) 有趣(26804) 而(937923) 難忘(3374) 的(16029838) 回憶(17740),"{'High': 88, 'Low': 1}","{'Unknown': 14, '第3級': 5, '第1級': 24, '第5級': 10, '第1*級': 10, '第4*級': 5, '第6級': 6, '第4級': 5, '第2級': 5, '第7級': 2, '第3*級': 3}",5,Y,Y,N,N
如果你要到這個有別於法國歐洲迪斯耐的遊樂場一遊，最好挑非假日時間，比較不會人擠人，因為即使是非周末時段，玩一項遊戲都要排個好幾分鐘，而且最好帶個隨身包，將眼鏡、耳環等易掉落物品收好，否則你可能會發現玩一趟「黑洞探險」出來，連眼鏡都被吹走了。,如果 你 要 到 這 個 有別於 法國 歐洲 迪斯耐 的 遊樂場 一 遊 最好 挑 非 假日 時間 比較 不會 人 擠 人 因為 即使 是 非 周末 時段 玩 一 項 遊戲 都 要 排 個 好幾 分鐘 而且 最好 帶 個 隨身包 將 眼鏡 耳環 等 易 掉落 物品 收好 否則 你 可能 會 發現 玩 一 趟 黑洞 探險 出來 連 眼鏡 都 被 吹走 了,70,如果(322121) 你(1414837) 要(851264) 到(546906) 這(2114032) 個(2296574) 有別於(2028) 法國(29029) 歐洲(24026) 迪斯耐(21) 的(16029838) 遊樂場(952) 一(3701681) 遊(6316) 最好(22016) 挑(9378) 非(112415) 假日(2962) 時間(213595) 比較(112212) 不會(173045) 人(1550512) 擠(7262) 人(1550512) 因為(425061) 即使(68376) 是(4642407) 非(112415) 周末(849) 時段(3284) 玩(38177) 一(3701681) 項(88887) 遊戲(31463) 都(1125846) 要(851264) 排(16810) 個(2296574) 好幾(30650) 分鐘(52479) 而且(180402) 最好(22016) 帶(105786) 個(2296574) 隨身包(10) 將(448374) 眼鏡(6629) 耳環(1087) 等(327380) 易(19189) 掉落(2915) 物品(10557) 收好(606) 否則(26547) 你(1414837) 可能(271025) 會(1014977) 發現(175233) 玩(38177) 一(3701681) 趟(11585) 黑洞(1872) 探險(3921) 出來(50336) 連(91153) 眼鏡(6629) 都(1125846) 被(540683) 吹走(287) 了(3199291),"{'High': 68, 'Low': 2}","{'第2級': 4, '第1級': 22, 'Unknown': 14, '第3*級': 4, '第3級': 4, '第5級': 6, '第4級': 3, '第1*級': 6, '第4*級': 2, '第6級': 3, '第2*級': 2}",4,Y,Y,N,Y
收起剛被撩撥的童心，終於要往終點站倫敦出發。,收起 剛 被 撩撥 的 童心 終於 要 往 終點站 倫敦 出發,12,收起(1323) 剛(55049) 被(540683) 撩撥(200) 的(16029838) 童心(548) 終於(59622) 要(851264) 往(95775) 終點站(266) 倫敦(14516) 出發(17257),{'High': 12},"{'Unknown': 5, '第2級': 3, '第1級': 2, '第4級': 2}",1,Y,N,N,N
第二次來倫敦的感覺，比第一次更加興奮，除了幾個觀光客必去的名勝之外，這次有較不同的行程安排。,第二 次 來 倫敦 的 感覺 比 第一 次 更加 興奮 除了 幾 個 觀光客 必 去 的 名勝 之外 這 次 有 較 不同 的 行程 安排,28,第二(98741) 次(331701) 來(742183) 倫敦(14516) 的(16029838) 感覺(91265) 比(170486) 第一(172544) 次(331701) 更加(27604) 興奮(19005) 除了(75964) 幾(229415) 個(2296574) 觀光客(2140) 必(37598) 去(479993) 的(16029838) 名勝(742) 之外(45757) 這(2114032) 次(331701) 有(2217079) 較(78424) 不同(159432) 的(16029838) 行程(5276) 安排(30105),{'High': 28},"{'Unknown': 4, '第2級': 5, '第1級': 9, '第3*級': 2, '第1*級': 1, '第5級': 2, '第4級': 3, '第7級': 1, '第3級': 1}",1,Y,N,N,N
科芬園名店街挑禮物好去處。,科芬園 名店街 挑 禮物 好 去處,6,科芬園(19) 名店街(9) 挑(9378) 禮物(12679) 好(448428) 去處(972),"{'Low': 2, 'High': 4}","{'Unknown': 5, '第3級': 1}",2,Y,N,N,N
趁著午后和煦的陽光，以及下榻的科芬園旅館之便，二度走訪科芬園市集。,趁著 午后 和煦 的 陽光 以及 下榻 的 科芬園 旅館 之 便 二 度 走訪 科芬園 市集,17,趁著(2174) 午后(122) 和煦(366) 的(16029838) 陽光(17239) 以及(155624) 下榻(692) 的(16029838) 科芬園(19) 旅館(12498) 之(875481) 便(220860) 二(152494) 度(25018) 走訪(1087) 科芬園(19) 市集(2223),"{'High': 15, 'Low': 2}","{'Unknown': 6, '第1級': 3, '第4*級': 1, '第5級': 2, '第7級': 2, '第2*級': 1, '第6級': 1, '第3級': 1}",2,Y,Y,N,N
這裡是一座老市場改裝而成的名店街，裡頭有數十家小商店，只要數得出來的流行服飾，幾乎都可以在這裡找得到。,這裡 是 一 座 老 市場 改裝 而 成 的 名店街 裡頭 有 數十 家 小 商店 只要 數 得 出來 的 流行 服飾 幾乎 都 可以 在 這裡 找 得 到,32,這裡(100385) 是(4642407) 一(3701681) 座(49959) 老(75373) 市場(65023) 改裝(954) 而(937923) 成(76470) 的(16029838) 名店街(9) 裡頭(9962) 有(2217079) 數十(9385) 家(236822) 小(318835) 商店(8802) 只要(99140) 數(38654) 得(573721) 出來(50336) 的(16029838) 流行(16740) 服飾(3633) 幾乎(74298) 都(1125846) 可以(560531) 在(3284238) 這裡(100385) 找(108128) 得(573721) 到(546906),"{'High': 31, 'Low': 1}","{'第1級': 14, '第3*級': 2, '第2級': 1, 'Unknown': 7, '第5級': 1, '第4*級': 1, '第2*級': 1, '第3級': 2, '第6級': 1, '第4級': 1, '第1*級': 1}",1,Y,Y,N,N
這裡還有許多街頭藝術家當街表演各種音樂演奏、變魔術和皮影戲等，每逢周末，更是吸引大批遊客來此閒逛。,這裡 還 有 許多 街頭 藝術家 當街 表演 各 種 音樂 演奏 變 魔術 和 皮影戲 等 每逢 周末 更 是 吸引 大 批 遊客 來此 閒逛,27,這裡(100385) 還(625086) 有(2217079) 許多(159791) 街頭(6382) 藝術家(26163) 當街(198) 表演(20601) 各(243023) 種(701563) 音樂(48523) 演奏(6625) 變(80345) 魔術(2243) 和(1338337) 皮影戲(231) 等(327380) 每逢(2021) 周末(849) 更(361676) 是(4642407) 吸引(20619) 大(525780) 批(22121) 遊客(4899) 來此(128) 閒逛(1022),{'High': 27},"{'第1級': 4, 'Unknown': 10, '第3*級': 2, '第5級': 5, '第4級': 2, '第2級': 3, '第1*級': 1}",2,Y,Y,N,N
如果你想挑幾件禮物送給親朋好友，圍繞在市集旁有不少攤販，賣著各式各樣頗具創意的童玩和藝品，有些攤子所賣的女裝，與名牌女裝不相上下，但價格只有名牌的三分之一，就看你識不識貨。,如果 你 想 挑 幾 件 禮物 送給 親朋好友 圍繞 在 市集 旁 有 不少 攤販 賣 著 各式各樣 頗 具 創意 的 童玩 和 藝品 有些 攤子 所 賣 的 女裝 與 名牌 女裝 不相上下 但 價格 只 有 名牌 的 三分之一 就 看 你 識 不 識貨,49,如果(322121) 你(1414837) 想(449884) 挑(9378) 幾(229415) 件(139257) 禮物(12679) 送給(10154) 親朋好友(1375) 圍繞(5686) 在(3284238) 市集(2223) 旁(39478) 有(2217079) 不少(35256) 攤販(935) 賣(27821) 著(1004687) 各式各樣(6542) 頗(22266) 具(41661) 創意(20243) 的(16029838) 童玩(131) 和(1338337) 藝品(544) 有些(6971) 攤子(945) 所(527327) 賣(27821) 的(16029838) 女裝(362) 與(968432) 名牌(2112) 女裝(362) 不相上下(699) 但(597124) 價格(21121) 只(436725) 有(2217079) 名牌(2112) 的(16029838) 三分之一(3691) 就(1737544) 看(444691) 你(1414837) 識(7098) 不(2282521) 識貨(206),{'High': 49},"{'第2級': 5, '第1級': 11, 'Unknown': 15, '第1*級': 4, '第3級': 1, '第5級': 1, '第4*級': 5, '第4級': 3, '第6級': 2, '第7級': 2}",4,Y,Y,N,N
除了購物之外，這裡經常有些節慶活動，下次來倫敦，可千萬不要忘了來喔！,除了 購物 之外 這裡 經常 有些 節慶 活動 下 次 來 倫敦 可 千萬 不要 忘 了 來 喔,19,除了(75964) 購物(5443) 之外(45757) 這裡(100385) 經常(49295) 有些(6971) 節慶(1284) 活動(85743) 下(329549) 次(331701) 來(742183) 倫敦(14516) 可(307359) 千萬(13485) 不要(101931) 忘(24299) 了(3199291) 來(742183) 喔(24771),{'High': 19},"{'第3*級': 2, '第4*級': 4, 'Unknown': 5, '第1級': 3, '第2級': 2, '第1*級': 1, '第2*級': 1, '第4級': 1}",0,Y,N,N,N
歌劇，充分表現英國的文化張力，到了倫敦，即使聽不懂內容，也不免要附庸風雅一番，聽場歌劇，親自感受一下異國文化的內涵，而我們選的是著名的「日落大道」(SUNSETBOULEVARD)。,歌劇 充分 表現 英國 的 文化 張力 到 了 倫敦 即使 聽 不 懂 內容 也 不免 要 附庸風雅 一 番 聽 場 歌劇 親自 感受 一下 異國 文化 的 內涵 而 我們 選 的 是 著名 的 日落 大道 SUNSETBOULEVARD,41,歌劇(3810) 充分(18210) 表現(67272) 英國(44248) 的(16029838) 文化(115697) 張力(3192) 到(546906) 了(3199291) 倫敦(14516) 即使(68376) 聽(138052) 不(2282521) 懂(32301) 內容(55074) 也(1590760) 不免(7191) 要(851264) 附庸風雅(Unknown) 一(3701681) 番(30293) 聽(138052) 場(68915) 歌劇(3810) 親自(19554) 感受(30399) 一下(81077) 異國(2078) 文化(115697) 的(16029838) 內涵(6559) 而(937923) 我們(979260) 選(17378) 的(16029838) 是(4642407) 著名(20279) 的(16029838) 日落(1823) 大道(5693) SUNSETBOULEVARD(Unknown),"{'High': 39, 'Low': 2}","{'第6級': 6, '第5級': 6, '第4級': 2, '第1級': 14, '第2級': 4, 'Unknown': 5, '第4*級': 2, '第1*級': 1, '第3級': 1}",2,Y,Y,N,N
想到英國看歌劇，通常是委由台灣的旅行社代訂座位，但如果你是自助之旅，臨時想看一場歌劇，你也可以到劇院門口試試運氣，通常現場還可以買到幾張票。,想到 英國 看 歌劇 通常 是 委由 台灣 的 旅行社 代訂 座位 但 如果 你 是 自助 之 旅 臨時 想 看 一 場 歌劇 你 也 可以 到 劇院 門口 試試 運氣 通常 現場 還可以 買到 幾 張 票,40,想到(48955) 英國(44248) 看(444691) 歌劇(3810) 通常(56445) 是(4642407) 委由(209) 台灣(130718) 的(16029838) 旅行社(991) 代訂(26) 座位(6821) 但(597124) 如果(322121) 你(1414837) 是(4642407) 自助(1213) 之(875481) 旅(8620) 臨時(7386) 想(449884) 看(444691) 一(3701681) 場(68915) 歌劇(3810) 你(1414837) 也(1590760) 可以(560531) 到(546906) 劇院(3569) 門口(15619) 試試(7675) 運氣(6942) 通常(56445) 現場(15949) 還可以(9751) 買到(3290) 幾(229415) 張(99414) 票(8213),"{'High': 39, 'Low': 1}","{'Unknown': 9, '第1級': 13, '第6級': 3, '第4級': 3, '第5級': 3, '第3*級': 1, '第2級': 4, '第4*級': 2, '第1*級': 2}",2,Y,Y,N,N
英國的花園設計是另一個參觀的重點。,英國 的 花園 設計 是 另 一 個 參觀 的 重點,11,英國(44248) 的(16029838) 花園(11369) 設計(59326) 是(4642407) 另(138369) 一(3701681) 個(2296574) 參觀(9034) 的(16029838) 重點(22761),{'High': 11},"{'第1級': 6, '第4級': 2, '第4*級': 1, '第3級': 1, '第3*級': 1}",0,Y,N,N,N
位於倫敦西南二十公里處，濱臨泰晤士河的漢普頓庭園(HAMPTONCOURT)，這裡曾經是皇室的住宅，現在已開放民眾參觀。,位於 倫敦 西南 二十 公里 處 濱臨 泰晤士河 的 漢普頓 庭園 HAMPTONCOURT 這裡 曾經 是 皇室 的 住宅 現在 已 開放 民眾 參觀,23,位於(19612) 倫敦(14516) 西南(5650) 二十(32739) 公里(16646) 處(84410) 濱臨(39) 泰晤士河(357) 的(16029838) 漢普頓(135) 庭園(2145) HAMPTONCOURT(Unknown) 這裡(100385) 曾經(52970) 是(4642407) 皇室(3151) 的(16029838) 住宅(5250) 現在(218744) 已(215610) 開放(17546) 民眾(17097) 參觀(9034),"{'High': 21, 'Low': 2}","{'第6級': 1, 'Unknown': 8, '第4級': 3, '第1級': 5, '第5級': 2, '第7級': 1, '第3級': 1, '第4*級': 1, '第3*級': 1}",3,Y,N,N,Y
這裡原由樞機主教WOLSEY於一五一四年所建，後來獻給亨利八世，除了本身雄偉的宮殿及美麗的花園、藝術品之外，它的護城河、迷宮也都是吸引遊客的地方。,這裡 原 由 樞機主教 WOLSEY 於 一五一四年 所 建 後來 獻給 亨利 八 世 除了 本身 雄偉 的 宮殿 及 美麗 的 花園 藝術品 之外 它 的 護城河 迷宮 也 都 是 吸引 遊客 的 地方,36,這裡(100385) 原(33852) 由(208604) 樞機主教(Unknown) WOLSEY(Unknown) 於(327210) 一五一四年(32) 所(527327) 建(13839) 後來(95618) 獻給(3162) 亨利(10587) 八(54961) 世(13336) 除了(75964) 本身(44138) 雄偉(1443) 的(16029838) 宮殿(5306) 及(304586) 美麗(24889) 的(16029838) 花園(11369) 藝術品(3153) 之外(45757) 它(316854) 的(16029838) 護城河(805) 迷宮(2272) 也(1590760) 都(1125846) 是(4642407) 吸引(20619) 遊客(4899) 的(16029838) 地方(139164),"{'High': 33, 'Low': 3}","{'第1級': 9, 'Unknown': 12, '第4*級': 1, '第5級': 3, '第2級': 2, '第3*級': 2, '第6級': 2, '第7級': 1, '第4級': 2, '第1*級': 2}",5,Y,Y,N,Y
博物館館藏豐，藝術無所不在。,博物館 館藏 豐 藝術 無所不在,5,博物館(9905) 館藏(491) 豐(2924) 藝術(80645) 無所不在(1710),{'High': 5},"{'第4級': 2, 'Unknown': 2, '第6級': 1}",2,Y,N,N,N
大英博物館的貴館藏值得一看，館前的公共藝術令人印象深刻。,大英 博物館 的 貴 館藏 值得 一 看 館 前 的 公共 藝術 令 人 印象深刻,16,大英(1615) 博物館(9905) 的(16029838) 貴(14034) 館藏(491) 值得(34362) 一(3701681) 看(444691) 館(3995) 前(272709) 的(16029838) 公共(16088) 藝術(80645) 令(128742) 人(1550512) 印象深刻(Unknown),"{'High': 15, 'Low': 1}","{'Unknown': 5, '第4級': 4, '第1級': 5, '第1*級': 1, '第5級': 1}",2,Y,N,N,Y
大英博物館也是不能不去的地方。,大英 博物館 也 是 不能不 去 的 地方,8,大英(1615) 博物館(9905) 也(1590760) 是(4642407) 不能不(2146) 去(479993) 的(16029838) 地方(139164),{'High': 8},"{'Unknown': 2, '第4級': 1, '第1級': 4, '第1*級': 1}",2,Y,N,N,Y
這是世界最大、最好的博物館，收藏有來自埃及、羅馬、中國等具有東方色彩及古文化的古物，其中包括世界上最老的木乃伊，令人歎為觀止。,這 是 世界 最 大 最好 的 博物館 收藏 有 來自 埃及 羅馬 中國 等 具有 東方 色彩 及 古 文化 的 古物 其中 包括 世界 上 最 老 的 木乃伊 令 人 歎為觀止,34,這(2114032) 是(4642407) 世界(165235) 最(421680) 大(525780) 最好(22016) 的(16029838) 博物館(9905) 收藏(6907) 有(2217079) 來自(41811) 埃及(7543) 羅馬(15850) 中國(214840) 等(327380) 具有(60702) 東方(14337) 色彩(16026) 及(304586) 古(21972) 文化(115697) 的(16029838) 古物(867) 其中(95627) 包括(74410) 世界(165235) 上(1233218) 最(421680) 老(75373) 的(16029838) 木乃伊(906) 令(128742) 人(1550512) 歎為觀止(232),{'High': 34},"{'第1級': 11, '第2級': 3, '第1*級': 2, '第3級': 1, '第4級': 2, '第5級': 4, 'Unknown': 5, '第3*級': 4, '第6級': 1, '第4*級': 1}",3,Y,Y,N,N
不過，這些是從前英國人到處「搜刮」而來的他國之寶，現在都引起各國索回的爭議，例如中國、也是全世界最早的報紙也存放在這裡，也引起中國大陸的注意。,不過 這些 是 從前 英國人 到處 搜刮 而 來 的 他國 之 寶 現在 都 引起 各 國 索回 的 爭議 例如 中國 也 是 全 世界 最早 的 報紙 也 存放 在 這裡 也 引起 中國 大陸 的 注意,40,不過(186226) 這些(315113) 是(4642407) 從前(12248) 英國人(4529) 到處(19723) 搜刮(495) 而(937923) 來(742183) 的(16029838) 他國(1030) 之(875481) 寶(9696) 現在(218744) 都(1125846) 引起(36729) 各(243023) 國(73377) 索回(100) 的(16029838) 爭議(7127) 例如(72240) 中國(214840) 也(1590760) 是(4642407) 全(178642) 世界(165235) 最早(9441) 的(16029838) 報紙(22331) 也(1590760) 存放(2003) 在(3284238) 這裡(100385) 也(1590760) 引起(36729) 中國(214840) 大陸(27031) 的(16029838) 注意(49591),"{'High': 39, 'Low': 1}","{'第2級': 5, 'Unknown': 6, '第1級': 16, '第2*級': 2, '第3級': 1, '第7級': 1, '第5級': 3, '第4*級': 3, '第3*級': 2, '第1*級': 1}",1,Y,Y,N,N
除了內部的珍藏之外，如果你稍微留意館外的草坪上，就可以發現英國人的藝術無所不在，一張殘缺不全的臉孔斜立在草坪上，配上後方博物館前巴洛克式的廊柱，展現其公共藝術的創意，值得國內學習。,除了 內部 的 珍藏 之外 如果 你 稍微 留意 館 外 的 草坪 上 就 可以 發現 英國人 的 藝術 無所不在 一 張 殘缺不全 的 臉孔 斜立 在 草坪 上 配上 後方 博物館 前 巴洛克式 的 廊柱 展現 其 公共 藝術 的 創意 值得 國內 學習,46,除了(75964) 內部(20578) 的(16029838) 珍藏(1100) 之外(45757) 如果(322121) 你(1414837) 稍微(10634) 留意(6255) 館(3995) 外(109310) 的(16029838) 草坪(1746) 上(1233218) 就(1737544) 可以(560531) 發現(175233) 英國人(4529) 的(16029838) 藝術(80645) 無所不在(1710) 一(3701681) 張(99414) 殘缺不全(104) 的(16029838) 臉孔(3845) 斜立(8) 在(3284238) 草坪(1746) 上(1233218) 配上(2105) 後方(6281) 博物館(9905) 前(272709) 巴洛克式(196) 的(16029838) 廊柱(138) 展現(15289) 其(307905) 公共(16088) 藝術(80645) 的(16029838) 創意(20243) 值得(34362) 國內(17537) 學習(105345),"{'High': 45, 'Low': 1}","{'第3*級': 1, 'Unknown': 10, '第1級': 14, '第6級': 6, '第2級': 3, '第5級': 3, '第4級': 6, '第1*級': 2, '第4*級': 1}",5,Y,Y,N,N
下次來英國前，可事先向英國觀光局台北辦事處(BTA)購買一張「HERITAGEPASS？,下 次 來 英國 前 可 事先 向 英國 觀光局 台北 辦事處 BTA 購買 一 張 HERITAGEPASS,17,下(329549) 次(331701) 來(742183) 英國(44248) 前(272709) 可(307359) 事先(9723) 向(231672) 英國(44248) 觀光局(144) 台北(22242) 辦事處(1515) BTA(3) 購買(14998) 一(3701681) 張(99414) HERITAGEPASS(Unknown),"{'High': 15, 'Low': 2}","{'第1*級': 2, '第2級': 2, '第1級': 5, '第4*級': 2, '第5級': 1, 'Unknown': 4, '第4級': 1}",4,Y,N,N,N
」，即可暢遊多處古蹟；如果你有遊遍蘇格蘭、威爾斯、英格蘭的構想，建議你向旅行社或BTA洽詢租車及保險事宜，做好事前的各項準備，保證你一定會有一趟難忘的英國之旅。,即可 暢遊 多 處 古蹟 如果 你 有 遊遍 蘇格蘭 威爾斯 英格蘭 的 構想 建議 你 向 旅行社 或 BTA 洽詢 租 車 及 保險 事宜 做好 事 前 的 各 項 準備 保證 你 一定 會 有 一 趟 難忘 的 英國 之 旅,45,即可(7563) 暢遊(203) 多(318992) 處(84410) 古蹟(2555) 如果(322121) 你(1414837) 有(2217079) 遊遍(112) 蘇格蘭(2746) 威爾斯(1922) 英格蘭(2013) 的(16029838) 構想(6562) 建議(45709) 你(1414837) 向(231672) 旅行社(991) 或(478077) BTA(3) 洽詢(142) 租(4836) 車(47590) 及(304586) 保險(11763) 事宜(3374) 做好(11572) 事(385949) 前(272709) 的(16029838) 各(243023) 項(88887) 準備(64901) 保證(17492) 你(1414837) 一定(138695) 會(1014977) 有(2217079) 一(3701681) 趟(11585) 難忘(3374) 的(16029838) 英國(44248) 之(875481) 旅(8620),"{'High': 44, 'Low': 1}","{'第6級': 2, 'Unknown': 10, '第1級': 13, '第5級': 7, '第2級': 4, '第3*級': 1, '第3級': 1, '第2*級': 1, '第1*級': 3, '第4*級': 2, '第4級': 1}",5,Y,Y,N,N
保證你一定會有一趟難忘的英國之旅。,保證 你 一定 會 有 一 趟 難忘 的 英國 之 旅,12,保證(17492) 你(1414837) 一定(138695) 會(1014977) 有(2217079) 一(3701681) 趟(11585) 難忘(3374) 的(16029838) 英國(44248) 之(875481) 旅(8620),{'High': 12},"{'第4*級': 2, '第1級': 5, '第1*級': 2, '第4級': 1, '第5級': 1, 'Unknown': 1}",0,Y,N,N,N
——貨幣與匯率：芬蘭的貨幣單位是芬蘭馬克(FIM)，兌台幣的匯率約為一芬蘭馬克兌六元新台幣，由於芬蘭各銀行在台並沒有分行，因此，要到芬蘭旅遊，只能兌美元現鈔或旅行支票或其他國際主要貨幣，到芬蘭時，再到銀行或郵局、兩替店兌換成芬蘭幣，銀行的營業時間是周一到周五的早上九點十五分到傍晚四點十五分，但各機場、火車站的營業時間會長一些。,貨幣 與 匯率 芬蘭 的 貨幣 單位 是 芬蘭 馬克 FIM 兌 台幣 的 匯率 約為 一 芬蘭 馬克 兌 六 元 新台幣 由於 芬蘭 各 銀行 在 台 並 沒有 分行 因此 要 到 芬蘭 旅遊 只 能 兌 美元 現鈔 或 旅行支票 或 其他 國際 主要 貨幣 到 芬蘭 時 再 到 銀行 或 郵局 兩替店 兌換成 芬蘭幣 銀行 的 營業 時間 是 周一 到 周五 的 早上 九點 十五分 到 傍晚 四點 十五分 但 各 機場 火車站 的 營業 時間 會 長 一些,86,貨幣(16338) 與(968432) 匯率(3618) 芬蘭(3756) 的(16029838) 貨幣(16338) 單位(23148) 是(4642407) 芬蘭(3756) 馬克(4753) FIM(3) 兌(1686) 台幣(1259) 的(16029838) 匯率(3618) 約為(1440) 一(3701681) 芬蘭(3756) 馬克(4753) 兌(1686) 六(77936) 元(60807) 新台幣(1741) 由於(88111) 芬蘭(3756) 各(243023) 銀行(33825) 在(3284238) 台(29325) 並(442790) 沒有(594280) 分行(1082) 因此(184606) 要(851264) 到(546906) 芬蘭(3756) 旅遊(8465) 只(436725) 能(582260) 兌(1686) 美元(27307) 現鈔(138) 或(478077) 旅行支票(95) 或(478077) 其他(189445) 國際(40846) 主要(78757) 貨幣(16338) 到(546906) 芬蘭(3756) 時(623734) 再(326207) 到(546906) 銀行(33825) 或(478077) 郵局(1989) 兩替店(Unknown) 兌換成(124) 芬蘭幣(1) 銀行(33825) 的(16029838) 營業(4800) 時間(213595) 是(4642407) 周一(92) 到(546906) 周五(65) 的(16029838) 早上(22242) 九點(2467) 十五分(405) 到(546906) 傍晚(6389) 四點(1971) 十五分(405) 但(597124) 各(243023) 機場(7570) 火車站(3115) 的(16029838) 營業(4800) 時間(213595) 會(1014977) 長(107092) 一些(156929),"{'High': 80, 'Low': 6}","{'第6級': 3, '第4*級': 4, 'Unknown': 29, '第1級': 20, '第5級': 4, '第4級': 6, '第2級': 8, '第1*級': 6, '第3級': 3, '第3*級': 1, '第2*級': 2}",9,Y,Y,N,N
——支付工具建議：到芬蘭消費，建議以信用卡為主，主要是因台幣無法直接換成芬蘭幣，透過美元的話，會有雙重匯差損失，以信用卡付費相對較划算，各主要國際信用卡大都能暢行無阻，甚至計程車、遊艇上，都可刷卡。,支付 工具 建議 到 芬蘭 消費 建議 以 信用卡 為主 主要 是 因 台幣 無法 直接 換成 芬蘭幣 透過 美元 的 話 會 有 雙重 匯差 損失 以 信用卡 付費 相對 較 划算 各 主要 國際 信用卡 大都 能 暢行無阻 甚至 計程車 遊艇 上 都 可 刷卡,47,支付(6156) 工具(26319) 建議(45709) 到(546906) 芬蘭(3756) 消費(10821) 建議(45709) 以(547785) 信用卡(2180) 為主(12900) 主要(78757) 是(4642407) 因(119364) 台幣(1259) 無法(150606) 直接(54798) 換成(3897) 芬蘭幣(1) 透過(63117) 美元(27307) 的(16029838) 話(148020) 會(1014977) 有(2217079) 雙重(4706) 匯差(18) 損失(10271) 以(547785) 信用卡(2180) 付費(1431) 相對(20694) 較(78424) 划算(824) 各(243023) 主要(78757) 國際(40846) 信用卡(2180) 大都(6626) 能(582260) 暢行無阻(157) 甚至(122502) 計程車(5108) 遊艇(1057) 上(1233218) 都(1125846) 可(307359) 刷卡(233),"{'High': 45, 'Low': 2}","{'第5級': 9, '第4級': 6, '第3*級': 2, '第1級': 7, 'Unknown': 9, '第2*級': 3, '第3級': 2, '第1*級': 3, '第6級': 1, '第2級': 2, '第4*級': 2, '第7級': 1}",6,Y,N,N,N
——消費：一般來說，北歐國家和台灣比較，物價偏高，以一罐375CC的可樂易開罐來說，售價折合常達50元台幣以上，因此，到芬蘭旅遊，建議多玩少花，紀念品以木製品、伏特加或野莓水果酒、水晶製品、紡織品為主。,消費 一般來說 北歐 國家 和 台灣 比較 物價 偏 高 以 一 罐 375 CC 的 可樂 易開罐 來 說 售價 折合 常 達 50 元 台幣 以上 因此 到 芬蘭 旅遊 建議 多 玩 少 花 紀念品 以 木製品 伏特加 或 野莓 水果酒 水晶 製品 紡織品 為主,48,消費(10821) 一般來說(3225) 北歐(1091) 國家(109166) 和(1338337) 台灣(130718) 比較(112212) 物價(3507) 偏(7313) 高(128858) 以(547785) 一(3701681) 罐(3447) 375(136) CC(306) 的(16029838) 可樂(2052) 易開罐(52) 來(742183) 說(1285247) 售價(1651) 折合(294) 常(86207) 達(25383) 50(5884) 元(60807) 台幣(1259) 以上(36569) 因此(184606) 到(546906) 芬蘭(3756) 旅遊(8465) 建議(45709) 多(318992) 玩(38177) 少(50762) 花(72593) 紀念品(1268) 以(547785) 木製品(56) 伏特加(55) 或(478077) 野莓(37) 水果酒(5) 水晶(1985) 製品(2707) 紡織品(425) 為主(12900),"{'High': 43, 'Low': 5}","{'第5級': 6, '第4*級': 2, 'Unknown': 17, '第1*級': 3, '第1級': 10, '第2級': 1, '第2*級': 2, '第6級': 1, '第4級': 2, '第3*級': 2, '第3級': 1, '第7級': 1}",8,Y,Y,N,N
——溫度：以夏季來說，芬蘭南部溫度約在十一度到廿度間，北方溫度則在六度到十九度間，晝夜溫差大，無論何時，禦寒衣物不可少。,溫度 以 夏季 來 說 芬蘭 南部 溫度 約 在 十一 度 到 廿 度 間 北方 溫度 則 在 六 度 到 十九 度 間 晝夜 溫差 大 無論 何時 禦寒 衣物 不可 少,35,溫度(6882) 以(547785) 夏季(4260) 來(742183) 說(1285247) 芬蘭(3756) 南部(5775) 溫度(6882) 約(47731) 在(3284238) 十一(9141) 度(25018) 到(546906) 廿(542) 度(25018) 間(115638) 北方(9626) 溫度(6882) 則(254096) 在(3284238) 六(77936) 度(25018) 到(546906) 十九(5778) 度(25018) 間(115638) 晝夜(1616) 溫差(286) 大(525780) 無論(37021) 何時(9136) 禦寒(383) 衣物(3721) 不可(50808) 少(50762),{'High': 35},"{'第4級': 4, '第5級': 2, 'Unknown': 14, '第1級': 7, '第3*級': 1, '第1*級': 2, '第3級': 4, '第6級': 1}",0,Y,Y,N,N
——電流：二百廿伏特。,電流 二百廿 伏特,3,電流(1964) 二百廿(Unknown) 伏特(1094),"{'High': 2, 'Low': 1}",{'Unknown': 3},1,N,N,N,N
——語文：芬蘭文、瑞典文，多數芬蘭人能通曉英文。,語文 芬蘭文 瑞典文 多數 芬蘭人 能 通曉 英文,8,語文(4693) 芬蘭文(53) 瑞典文(63) 多數(13621) 芬蘭人(866) 能(582260) 通曉(931) 英文(15308),"{'High': 6, 'Low': 2}","{'第5級': 1, 'Unknown': 3, '第4級': 1, '第1*級': 1, '第7級': 1, '第1級': 1}",3,Y,N,N,N
伊勢神宮千年如一日，鬼城奇岩鬼斧神工。,伊勢 神宮 千 年 如 一 日 鬼城 奇岩 鬼斧神工,10,伊勢(1448) 神宮(484) 千(19677) 年(514736) 如(195069) 一(3701681) 日(94041) 鬼城(50) 奇岩(88) 鬼斧神工(117),"{'High': 8, 'Low': 2}","{'Unknown': 6, '第1級': 4}",1,Y,N,N,N
日本的三重縣，可說是一個充滿各種色彩的地方，難描難畫。,日本 的 三重縣 可 說 是 一 個 充滿 各 種 色彩 的 地方 難 描 難 畫,18,日本(105587) 的(16029838) 三重縣(136) 可(307359) 說(1285247) 是(4642407) 一(3701681) 個(2296574) 充滿(43990) 各(243023) 種(701563) 色彩(16026) 的(16029838) 地方(139164) 難(75701) 描(909) 難(75701) 畫(57787),{'High': 18},"{'第1級': 7, 'Unknown': 4, '第4*級': 3, '第2級': 1, '第1*級': 2, '第7級': 1}",1,Y,N,N,N
喜歡美食嗎？,喜歡 美食 嗎,3,喜歡(113753) 美食(3573) 嗎(248249),{'High': 3},"{'第1級': 2, '第4級': 1}",0,Y,N,N,N
這裡有道地的松牛、伊勢牛與伊勢龍蝦。,這裡 有 道地 的 松 牛 伊勢 牛 與 伊勢 龍蝦,11,這裡(100385) 有(2217079) 道地(989) 的(16029838) 松(3704) 牛(22594) 伊勢(1448) 牛(22594) 與(968432) 伊勢(1448) 龍蝦(792),{'High': 11},"{'第1級': 3, '第5級': 1, '第6級': 1, '第1*級': 2, 'Unknown': 3, '第4*級': 1}",0,Y,Y,N,N
喜歡文學嗎？,喜歡 文學 嗎,3,喜歡(113753) 文學(33345) 嗎(248249),{'High': 3},"{'第1級': 2, '第4*級': 1}",0,Y,N,N,N
這裡是俳句始祖荒木田守武與俳聖松尾芭蕉的誕生地。,這裡 是 俳句 始祖 荒木田守武 與 俳聖 松尾芭蕉 的 誕生地,10,這裡(100385) 是(4642407) 俳句(88) 始祖(1147) 荒木田守武(1) 與(968432) 俳聖(6) 松尾芭蕉(Unknown) 的(16029838) 誕生地(98),"{'High': 5, 'Low': 5}","{'第1級': 3, 'Unknown': 5, '第7級': 1, '第4*級': 1}",3,N,Y,N,Y
或者，你喜歡珠寶？,或者 你 喜歡 珠寶,4,或者(63631) 你(1414837) 喜歡(113753) 珠寶(3564),{'High': 4},"{'第3級': 1, '第1級': 2, '第6級': 1}",0,Y,Y,N,N
著名的御木本珍珠就在這裡出產。,著名 的 御木本 珍珠 就 在 這裡 出產,8,著名(20279) 的(16029838) 御木本(3) 珍珠(3968) 就(1737544) 在(3284238) 這裡(100385) 出產(1059),"{'High': 7, 'Low': 1}","{'第6級': 1, '第1級': 3, 'Unknown': 1, '第5級': 1, '第1*級': 1, '第4*級': 1}",1,Y,N,N,Y
想探討日本文化？,想 探討 日本 文化,4,想(449884) 探討(17823) 日本(105587) 文化(115697),{'High': 4},"{'第1級': 2, '第5級': 1, '第2級': 1}",0,Y,N,N,N
這裡有每個日本人一生中都必須朝拜一次的伊勢神宮，同時有伊賀流忍者屋敷滿足你的好奇心。,這裡 有 每 個 日本人 一生 中 都 必須 朝拜 一 次 的 伊勢 神宮 同時 有 伊賀流 忍者 屋敷 滿足 你 的 好奇心,24,這裡(100385) 有(2217079) 每(333357) 個(2296574) 日本人(15735) 一生(25444) 中(1011729) 都(1125846) 必須(170592) 朝拜(608) 一(3701681) 次(331701) 的(16029838) 伊勢(1448) 神宮(484) 同時(115305) 有(2217079) 伊賀流(3) 忍者(1560) 屋敷(Unknown) 滿足(29073) 你(1414837) 的(16029838) 好奇心(4496),"{'High': 22, 'Low': 2}","{'第1級': 9, '第1*級': 1, 'Unknown': 7, '第4*級': 1, '第3級': 1, '第7級': 1, '第2級': 1, '第3*級': 1, '第4級': 1, '第5級': 1}",3,Y,N,N,N
如果以上你都不感興趣，這裡還提供了歐式的西班牙村主題樂園，以及日式的伊勢戰國時代村。,如果 以上 你 都 不 感興趣 這裡 還 提供 了 歐式 的 西班牙 村 主題 樂園 以及 日式 的 伊勢 戰國 時代 村,23,如果(322121) 以上(36569) 你(1414837) 都(1125846) 不(2282521) 感興趣(10107) 這裡(100385) 還(625086) 提供(73097) 了(3199291) 歐式(358) 的(16029838) 西班牙(7097) 村(10979) 主題(28398) 樂園(2531) 以及(155624) 日式(1603) 的(16029838) 伊勢(1448) 戰國(5002) 時代(74034) 村(10979),{'High': 23},"{'第2級': 1, '第3*級': 1, '第1級': 6, 'Unknown': 7, '第4*級': 3, '第5級': 4, '第4級': 1}",2,Y,Y,N,N
總而言之，此地集結了一切旅遊所需，就看你如何去玩了，此外，號稱「日本第一」的鳥羽水族館還有美人魚在等著你，旅遊途中，不妨多增廣一些見聞。,總而言之 此 地 集結 了 一切 旅遊 所 需 就 看 你 如何 去 玩 了 此外 號稱 日本 第一 的 鳥羽 水族館 還 有 美人魚 在 等 著 你 旅遊 途中 不妨 多 增廣 一些 見聞,37,總而言之(2486) 此(288458) 地(754998) 集結(3640) 了(3199291) 一切(95523) 旅遊(8465) 所(527327) 需(27999) 就(1737544) 看(444691) 你(1414837) 如何(148068) 去(479993) 玩(38177) 了(3199291) 此外(30247) 號稱(3257) 日本(105587) 第一(172544) 的(16029838) 鳥羽(456) 水族館(268) 還(625086) 有(2217079) 美人魚(414) 在(3284238) 等(327380) 著(1004687) 你(1414837) 旅遊(8465) 途中(8114) 不妨(9148) 多(318992) 增廣(328) 一些(156929) 見聞(1469),{'High': 37},"{'第5級': 5, 'Unknown': 11, '第6級': 3, '第3*級': 2, '第4級': 2, '第2級': 3, '第1級': 8, '第1*級': 3}",3,Y,Y,N,N
伊勢神宮，日本人參拜聖地伊勢神宮內河流清可見底。,伊勢 神宮 日本人 參拜 聖地 伊勢 神宮 內 河流 清 可 見 底,13,伊勢(1448) 神宮(484) 日本人(15735) 參拜(1476) 聖地(1236) 伊勢(1448) 神宮(484) 內(183051) 河流(4762) 清(31773) 可(307359) 見(179113) 底(37174),{'High': 13},"{'Unknown': 5, '第7級': 2, '第3級': 1, '第5級': 1, '第4*級': 2, '第1*級': 1, '第3*級': 1}",1,Y,N,N,N
廣義的伊勢神宮，包含了外宮(豐受大神宮)與內宮(皇大神宮)，如果你真的感興趣，從外宮參拜起，可見到十四個別宮、四十三座攝社、二十四座末社和四十二座所管社，這一百二十三座的神宮群統稱為伊勢神宮。,廣義 的 伊勢 神宮 包含 了 外宮 豐受 大 神宮 與 內宮 皇 大 神宮 如果 你 真的 感興趣 從 外宮 參拜 起 可 見到 十四 個 別宮 四十三 座 攝社 二十 四座 末社 和 四十二 座 所管社 這 一百二十三 座 的 神宮群 統稱為 伊勢 神宮,46,廣義(1783) 的(16029838) 伊勢(1448) 神宮(484) 包含(17285) 了(3199291) 外宮(22) 豐受(3) 大(525780) 神宮(484) 與(968432) 內宮(311) 皇(504) 大(525780) 神宮(484) 如果(322121) 你(1414837) 真的(88001) 感興趣(10107) 從(496546) 外宮(22) 參拜(1476) 起(96746) 可(307359) 見到(30619) 十四(9837) 個(2296574) 別宮(21) 四十三(1068) 座(49959) 攝社(3) 二十(32739) 四座(14) 末社(1) 和(1338337) 四十二(1874) 座(49959) 所管社(1) 這(2114032) 一百二十三(71) 座(49959) 的(16029838) 神宮群(Unknown) 統稱為(498) 伊勢(1448) 神宮(484),"{'High': 36, 'Low': 10}","{'第6級': 1, '第1級': 7, 'Unknown': 26, '第4*級': 3, '第2級': 1, '第1*級': 2, '第7級': 1, '第3*級': 4, '第4級': 1}",7,Y,Y,N,Y
不過從外宮到內宮有六公里的距離，一般遊客都是直接從內宮參拜。,不過 從 外宮 到 內宮 有 六 公里 的 距離 一般 遊客 都 是 直接 從 內宮 參拜,18,不過(186226) 從(496546) 外宮(22) 到(546906) 內宮(311) 有(2217079) 六(77936) 公里(16646) 的(16029838) 距離(27644) 一般(80732) 遊客(4899) 都(1125846) 是(4642407) 直接(54798) 從(496546) 內宮(311) 參拜(1476),"{'High': 17, 'Low': 1}","{'第2級': 1, '第1*級': 2, 'Unknown': 4, '第1級': 6, '第4級': 2, '第3*級': 1, '第3級': 1, '第7級': 1}",0,Y,Y,N,N
宇治橋是通往神宮必經之路。,宇治橋 是 通往 神宮 必 經 之 路,8,宇治橋(15) 是(4642407) 通往(6681) 神宮(484) 必(37598) 經(38471) 之(875481) 路(74635),"{'Low': 1, 'High': 7}","{'Unknown': 4, '第1級': 2, '第5級': 2}",1,Y,N,N,N
日本一般神宮，祭拜的都是天皇，唯獨伊勢神宮祭祀的天照大神是皇室的祖先，神住的地方當然和人羽化成仙的住所不同，因此，你會發現整個伊勢神宮格外樸素肅穆。,日本 一般 神宮 祭拜 的 都 是 天皇 唯獨 伊勢 神宮 祭祀 的 天照 大神 是 皇室 的 祖先 神 住 的 地方 當然 和 人 羽化成仙 的 住所 不同 因此 你 會 發現 整個 伊勢 神宮 格外 樸素 肅穆,40,日本(105587) 一般(80732) 神宮(484) 祭拜(1512) 的(16029838) 都(1125846) 是(4642407) 天皇(9145) 唯獨(2174) 伊勢(1448) 神宮(484) 祭祀(5334) 的(16029838) 天照(174) 大神(14) 是(4642407) 皇室(3151) 的(16029838) 祖先(9405) 神(46495) 住(69815) 的(16029838) 地方(139164) 當然(113971) 和(1338337) 人(1550512) 羽化成仙(Unknown) 的(16029838) 住所(2091) 不同(159432) 因此(184606) 你(1414837) 會(1014977) 發現(175233) 整個(Unknown) 伊勢(1448) 神宮(484) 格外(4592) 樸素(1522) 肅穆(927),"{'High': 37, 'Low': 3}","{'第1級': 11, '第3*級': 1, 'Unknown': 11, '第5級': 3, '第7級': 3, '第6級': 3, '第4級': 1, '第1*級': 3, '第2級': 2, '第3級': 1, '第4*級': 1}",1,Y,Y,N,Y
內宮位於五十鈴川旁的神路山山麓，(據說，五十鈴川沿岸為了維護水質純淨，絲毫未受任何化學藥品的汙染)。,內宮 位於 五十鈴川 旁 的 神路山 山麓 據說 五十鈴川 沿岸 為了 維護 水質 純淨 絲毫 未 受 任何 化學 藥品 的 汙染,22,內宮(311) 位於(19612) 五十鈴川(1) 旁(39478) 的(16029838) 神路山(Unknown) 山麓(919) 據說(16336) 五十鈴川(1) 沿岸(1979) 為了(Unknown) 維護(8695) 水質(728) 純淨(1575) 絲毫(8166) 未(101927) 受(109982) 任何(131795) 化學(12491) 藥品(2129) 的(16029838) 汙染(2022),"{'High': 18, 'Low': 4}","{'Unknown': 7, '第6級': 4, '第1*級': 1, '第1級': 2, '第7級': 1, '第4*級': 2, '第5級': 3, '第4級': 1, '第3*級': 1}",3,Y,N,N,N
遊客登上長一百零二公尺的宇治橋，即可來到內宮的神苑。,遊客 登上 長 一百零二 公尺 的 宇治橋 即可 來到 內宮 的 神苑,12,遊客(4899) 登上(6844) 長(107092) 一百零二(86) 公尺(19233) 的(16029838) 宇治橋(15) 即可(7563) 來到(45261) 內宮(311) 的(16029838) 神苑(9),"{'High': 9, 'Low': 3}","{'Unknown': 8, '第4級': 1, '第1級': 2, '第6級': 1}",2,Y,N,N,N
也許你會感到驚奇，這個古老的神宮為什麼有嶄新的鳥居及建材？,也許 你 會 感到 驚奇 這 個 古老 的 神宮 為什麼 有 嶄新 的 鳥居 及 建材,17,也許(68286) 你(1414837) 會(1014977) 感到(74094) 驚奇(5322) 這(2114032) 個(2296574) 古老(10197) 的(16029838) 神宮(484) 為什麼(106142) 有(2217079) 嶄新(3532) 的(16029838) 鳥居(1574) 及(304586) 建材(842),{'High': 17},"{'第3*級': 1, '第1級': 6, '第1*級': 2, '第4級': 1, '第5級': 3, 'Unknown': 3, '第6級': 1}",1,Y,Y,N,N
這個永保青春的祕密不在「歐蕾」，而是每二十年舉辦一次的遷宮儀式。,這 個 永保 青春 的 祕密 不 在 歐蕾 而是 每 二十 年 舉辦 一 次 的 遷 宮 儀式,20,這(2114032) 個(2296574) 永保(266) 青春(6277) 的(16029838) 祕密(12045) 不(2282521) 在(3284238) 歐蕾(17) 而是(74258) 每(333357) 二十(32739) 年(514736) 舉辦(12070) 一(3701681) 次(331701) 的(16029838) 遷(3078) 宮(16012) 儀式(13945),"{'High': 19, 'Low': 1}","{'第1級': 7, 'Unknown': 6, '第5級': 2, '第1*級': 2, '第4級': 1, '第2級': 1, '第6級': 1}",0,Y,Y,N,N
每次遷宮，就會重新裝潢」，而舊有的鳥居，則分贈給其他神社。,每 次 遷 宮 就 會 重新 裝潢 而 舊有 的 鳥居 則 分 贈給 其他 神社,17,每(333357) 次(331701) 遷(3078) 宮(16012) 就(1737544) 會(1014977) 重新(44668) 裝潢(2051) 而(937923) 舊有(1870) 的(16029838) 鳥居(1574) 則(254096) 分(62224) 贈給(442) 其他(189445) 神社(2849),{'High': 17},"{'第1*級': 2, '第2級': 2, 'Unknown': 6, '第1級': 3, '第5級': 3, '第6級': 1}",0,Y,Y,N,N
上一次也是第六十一次的遷宮，在一九九三年舉行。,上 一 次 也 是 第六十一 次 的 遷 宮 在 一九九三年 舉行,13,上(1233218) 一(3701681) 次(331701) 也(1590760) 是(4642407) 第六十一(56) 次(331701) 的(16029838) 遷(3078) 宮(16012) 在(3284238) 一九九三年(2119) 舉行(17660),"{'High': 12, 'Low': 1}","{'第1級': 5, '第2級': 2, 'Unknown': 4, '第1*級': 1, '第4級': 1}",2,Y,N,N,N
不過進入內宮後，你的視線所及，似乎都是一連串的圍籬與參天古木，經過一段碎石子路後，便可到內宮的御正殿參拜，一般的遊客到此便不能再前進了。,不過 進入 內宮 後 你 的 視線 所及 似乎 都 是 一連串 的 圍籬 與 參天 古木 經過 一 段 碎石子路 後 便 可 到 內宮 的 御正殿 參拜 一般 的 遊客 到 此 便 不能 再 前進 了,39,不過(186226) 進入(66885) 內宮(311) 後(422857) 你(1414837) 的(16029838) 視線(7353) 所及(1846) 似乎(85481) 都(1125846) 是(4642407) 一連串(8700) 的(16029838) 圍籬(822) 與(968432) 參天(444) 古木(207) 經過(64617) 一(3701681) 段(95980) 碎石子路(69) 後(422857) 便(220860) 可(307359) 到(546906) 內宮(311) 的(16029838) 御正殿(Unknown) 參拜(1476) 一般(80732) 的(16029838) 遊客(4899) 到(546906) 此(288458) 便(220860) 不能(162852) 再(326207) 前進(17569) 了(3199291),"{'High': 37, 'Low': 2}","{'第2級': 2, '第4級': 2, 'Unknown': 10, '第1級': 12, '第5級': 4, '第4*級': 3, '第7級': 2, '第6級': 2, '第3*級': 1, '第1*級': 1}",3,Y,Y,N,N
神宮外的「橫丁」，有人力車可乘坐。,神宮 外 的 橫丁 有 人力車 可 乘坐,8,神宮(484) 外(109310) 的(16029838) 橫丁(2) 有(2217079) 人力車(72) 可(307359) 乘坐(1975),"{'High': 6, 'Low': 2}","{'Unknown': 3, '第1級': 3, '第4*級': 1, '第5級': 1}",1,Y,N,N,N
在內宮外圍，也就是尚未登上宇治橋前的左側，是極著名的(音歐卡給)橫丁，此處完全是明治時代建築的再現，遊客可一覽昔日日本的街道風光。,在 內宮 外圍 也 就 是 尚未 登上 宇治橋 前 的 左側 是 極 著名 的 音 歐卡給 橫丁 此 處 完全 是 明治 時代 建築 的 再現 遊客 可 一 覽 昔日 日本 的 街道 風光,37,在(3284238) 內宮(311) 外圍(2080) 也(1590760) 就(1737544) 是(4642407) 尚未(16593) 登上(6844) 宇治橋(15) 前(272709) 的(16029838) 左側(1950) 是(4642407) 極(61390) 著名(20279) 的(16029838) 音(14215) 歐卡給(Unknown) 橫丁(2) 此(288458) 處(84410) 完全(115744) 是(4642407) 明治(7224) 時代(74034) 建築(31065) 的(16029838) 再現(4275) 遊客(4899) 可(307359) 一(3701681) 覽(1106) 昔日(4668) 日本(105587) 的(16029838) 街道(8031) 風光(3236),"{'High': 34, 'Low': 3}","{'第1*級': 1, 'Unknown': 13, '第6級': 4, '第1級': 12, '第3*級': 2, '第5級': 1, '第4*級': 4}",2,Y,N,N,Y
到此一遊，當然要一嘗當地土產，最有名的是「赤福餅」，這是一種類似糬的食物，只不過把豆沙餡裹在外面，甜而不膩、清爽可口。,到 此 一 遊 當然 要 一 嘗 當地 土產 最 有名 的 是 赤福餅 這 是 一 種 類似 糬 的 食物 只不過 把 豆沙餡 裹 在 外面 甜 而 不 膩 清爽 可口,35,到(546906) 此(288458) 一(3701681) 遊(6316) 當然(113971) 要(851264) 一(3701681) 嘗(3206) 當地(23011) 土產(453) 最(421680) 有名(8977) 的(16029838) 是(4642407) 赤福餅(Unknown) 這(2114032) 是(4642407) 一(3701681) 種(701563) 類似(29985) 糬(28) 的(16029838) 食物(41958) 只不過(11028) 把(617773) 豆沙餡(9) 裹(3397) 在(3284238) 外面(20486) 甜(6593) 而(937923) 不(2282521) 膩(1495) 清爽(1265) 可口(1756),"{'High': 32, 'Low': 3}","{'第1級': 11, '第5級': 5, 'Unknown': 8, '第2級': 2, '第4*級': 2, '第1*級': 3, '第2*級': 1, '第3級': 1, '第6級': 2}",3,Y,Y,N,N
附帶說明的是，今年適逢內宮鎮座兩千年，有心的遊客不妨趕一下熱潮。,附帶 說明 的 是 今年 適逢 內宮 鎮 座 兩千 年 有心 的 遊客 不妨 趕 一下 熱潮,18,附帶(1956) 說明(52918) 的(16029838) 是(4642407) 今年(10836) 適逢(705) 內宮(311) 鎮(7171) 座(49959) 兩千(3010) 年(514736) 有心(3762) 的(16029838) 遊客(4899) 不妨(9148) 趕(6168) 一下(81077) 熱潮(1537),{'High': 18},"{'第6級': 2, '第4級': 1, '第1級': 5, 'Unknown': 4, '第5級': 3, '第3*級': 1, '第4*級': 1, '第2級': 1}",0,Y,N,N,N
鬼城奇岩絕壁賞不盡，鬼城的峭壁氣勢磅礡。,鬼城 奇岩 絕壁 賞 不盡 鬼城 的 峭壁 氣勢 磅礡,10,鬼城(50) 奇岩(88) 絕壁(316) 賞(8511) 不盡(3716) 鬼城(50) 的(16029838) 峭壁(1479) 氣勢(4177) 磅礡(274),"{'Low': 3, 'High': 7}","{'Unknown': 6, '第5級': 1, '第1級': 1, '第7級': 1, '第6級': 1}",0,Y,N,N,N
看了古蹟，賞賞美景吧！,看 了 古蹟 賞 賞 美景 吧,7,看(444691) 了(3199291) 古蹟(2555) 賞(8511) 賞(8511) 美景(2063) 吧(184477),{'High': 7},"{'Unknown': 2, '第5級': 4, '第1級': 1}",0,Y,N,N,N
熊野灘邊的鬼城，住的並不是鬼，而是一長串因長期的海蝕作用與地震，而形成的奇岩絕壁，前後曲折綿延有一公里長，氣勢雄偉磅薄，相傳在桓武天皇(西元七三七到八六年)時代，曾命上田村麻呂征伐海賊，在此激戰。,熊野灘 邊 的 鬼城 住 的 並 不 是 鬼 而是 一 長 串 因 長期 的 海蝕 作用 與 地震 而 形成 的 奇岩 絕壁 前後 曲折 綿延 有 一 公里 長 氣勢 雄偉 磅薄 相傳 在 桓武 天皇 西元 七三七 到 八六年 時代 曾 命 上田村麻呂 征伐 海賊 在 此 激戰,53,熊野灘(5) 邊(123152) 的(16029838) 鬼城(50) 住(69815) 的(16029838) 並(442790) 不(2282521) 是(4642407) 鬼(17921) 而是(74258) 一(3701681) 長(107092) 串(5561) 因(119364) 長期(28592) 的(16029838) 海蝕(97) 作用(37837) 與(968432) 地震(4869) 而(937923) 形成(47486) 的(16029838) 奇岩(88) 絕壁(316) 前後(12443) 曲折(2769) 綿延(1560) 有(2217079) 一(3701681) 公里(16646) 長(107092) 氣勢(4177) 雄偉(1443) 磅薄(1) 相傳(4515) 在(3284238) 桓武(172) 天皇(9145) 西元(19393) 七三七(32) 到(546906) 八六年(154) 時代(74034) 曾(132981) 命(32484) 上田村麻呂(Unknown) 征伐(969) 海賊(49) 在(3284238) 此(288458) 激戰(1168),"{'Low': 8, 'High': 45}","{'Unknown': 18, '第1*級': 4, '第1級': 10, '第4*級': 5, '第5級': 5, '第4級': 3, '第6級': 5, '第7級': 3}",4,Y,Y,N,Y
不過這些裨官野史早已隨歲月淘洗，淡了色彩，如今眼前的是美景如畫。,不過 這些 裨官 野史 早已 隨 歲月 淘洗 淡 了 色彩 如今 眼前 的 是 美景 如 畫,18,不過(186226) 這些(315113) 裨官(5) 野史(790) 早已(21910) 隨(28011) 歲月(8803) 淘洗(111) 淡(5148) 了(3199291) 色彩(16026) 如今(29812) 眼前(26163) 的(16029838) 是(4642407) 美景(2063) 如(195069) 畫(57787),"{'High': 17, 'Low': 1}","{'第2級': 1, 'Unknown': 8, '第5級': 2, '第4級': 1, '第4*級': 3, '第1級': 2, '第1*級': 1}",0,Y,Y,N,N
鬼城附近有一座獅子岩，顧名思義，的確像極了一頭獅子，這塊奇岩高二十五公尺，遠遠望去，好比猛獅對著太平洋怒吼，頗有「雖千萬人吾往矣」的氣魄。,鬼城 附近 有 一 座 獅子岩 顧名思義 的確 像 極了 一頭 獅子 這 塊 奇岩 高 二十五 公尺 遠遠 望去 好比 猛獅 對著 太平洋 怒吼 頗 有 雖 千萬 人 吾 往 矣 的 氣魄,35,鬼城(50) 附近(32204) 有(2217079) 一(3701681) 座(49959) 獅子岩(1) 顧名思義(774) 的確(33471) 像(289494) 極了(6936) 一頭(Unknown) 獅子(5309) 這(2114032) 塊(54148) 奇岩(88) 高(128858) 二十五(7894) 公尺(19233) 遠遠(9899) 望去(3269) 好比(5236) 猛獅(Unknown) 對著(Unknown) 太平洋(4964) 怒吼(1801) 頗(22266) 有(2217079) 雖(48164) 千萬(13485) 人(1550512) 吾(12349) 往(95775) 矣(16205) 的(16029838) 氣魄(842),"{'Low': 6, 'High': 29}","{'Unknown': 10, '第1*級': 2, '第1級': 8, '第3*級': 1, '第7級': 3, '第4*級': 2, '第5級': 3, '第4級': 1, '第6級': 3, '第2級': 2}",4,Y,Y,N,N
御木本真珠島英國女王也光臨。,御木本 真珠島 英國 女王 也 光臨,6,御木本(3) 真珠島(Unknown) 英國(44248) 女王(3971) 也(1590760) 光臨(1656),"{'Low': 2, 'High': 4}","{'Unknown': 3, '第1級': 2, '第5級': 1}",2,Y,N,N,Y
專人示範養珠過程。,專人 示範 養珠 過程,4,專人(890) 示範(5441) 養珠(12) 過程(87889),"{'High': 3, 'Low': 1}","{'第5級': 3, 'Unknown': 1}",0,Y,N,N,N
記得幾年前布希夫人頸上那串引領時尚風潮的珍珠嗎？,記得 幾 年 前 布希 夫人 頸 上 那 串 引領 時尚 風潮 的 珍珠 嗎,16,記得(47506) 幾(229415) 年(514736) 前(272709) 布希(1770) 夫人(45792) 頸(3518) 上(1233218) 那(754138) 串(5561) 引領(3267) 時尚(3143) 風潮(3018) 的(16029838) 珍珠(3968) 嗎(248249),{'High': 16},"{'第2級': 1, '第1級': 7, 'Unknown': 1, '第5級': 3, '第6級': 4}",0,Y,N,N,Y
到了三重縣，你可得好好瞧瞧養珠之父御木本幸吉的真珠島。,到 了 三重縣 你 可 得 好好 瞧瞧 養珠 之 父 御木本幸吉 的 真珠島,14,到(546906) 了(3199291) 三重縣(136) 你(1414837) 可(307359) 得(573721) 好好(30522) 瞧瞧(2875) 養珠(12) 之(875481) 父(12251) 御木本幸吉(Unknown) 的(16029838) 真珠島(Unknown),"{'High': 11, 'Low': 3}","{'第1級': 3, 'Unknown': 9, '第4*級': 1, '第5級': 1}",3,Y,N,N,Y
御木本幸吉的家原本是開麵店的，店名喚作「阿波幸」，現在島上御木本的紀念館中，仍保有該店當年的原貌，如果更有興趣，你可以到二樓的「阿波幸」餐廳，一嘗真珠定食。,御木本幸吉 的 家 原本 是 開 麵店 的 店名 喚作 阿波幸 現在 島 上 御木本 的 紀念館 中 仍 保有 該 店 當年 的 原貌 如果 更 有 興趣 你 可以 到 二樓 的 阿波幸 餐廳 一 嘗 真珠 定食,40,御木本幸吉(Unknown) 的(16029838) 家(236822) 原本(35765) 是(4642407) 開(62807) 麵店(394) 的(16029838) 店名(440) 喚作(134) 阿波幸(Unknown) 現在(218744) 島(19160) 上(1233218) 御木本(3) 的(16029838) 紀念館(1101) 中(1011729) 仍(92056) 保有(4661) 該(148369) 店(17690) 當年(25091) 的(16029838) 原貌(827) 如果(322121) 更(361676) 有(2217079) 興趣(34215) 你(1414837) 可以(560531) 到(546906) 二樓(4026) 的(16029838) 阿波幸(Unknown) 餐廳(13613) 一(3701681) 嘗(3206) 真珠(68) 定食(25),"{'Low': 6, 'High': 34}","{'Unknown': 14, '第1級': 14, '第4*級': 3, '第1*級': 3, '第4級': 2, '第7級': 1, '第2級': 1, '第3級': 1, '第5級': 1}",5,Y,Y,N,Y
整個真珠島上，你可以從御木本幸吉的銅像開始遊覽，到真珠博物館內，看看整個養珠的技術與過程，欣賞一下真珠飾物，(其中的「夢殿」是三年前才完成的工藝品。,整個 真珠島 上 你 可以 從 御木本幸吉 的 銅像 開始 遊覽 到 真珠 博物館 內 看看 整個 養珠 的 技術 與 過程 欣賞 一下 真珠 飾物 其中 的 夢殿 是 三 年 前 才 完成 的 工藝品,37,整個(Unknown) 真珠島(Unknown) 上(1233218) 你(1414837) 可以(560531) 從(496546) 御木本幸吉(Unknown) 的(16029838) 銅像(790) 開始(245562) 遊覽(1311) 到(546906) 真珠(68) 博物館(9905) 內(183051) 看看(46250) 整個(Unknown) 養珠(12) 的(16029838) 技術(47691) 與(968432) 過程(87889) 欣賞(17817) 一下(81077) 真珠(68) 飾物(632) 其中(95627) 的(16029838) 夢殿(Unknown) 是(4642407) 三(313861) 年(514736) 前(272709) 才(394539) 完成(60471) 的(16029838) 工藝品(711),"{'Low': 8, 'High': 29}","{'Unknown': 12, '第1級': 12, '第1*級': 1, '第2級': 3, '第5級': 2, '第4級': 2, '第3級': 1, '第4*級': 3, '第3*級': 1}",4,Y,Y,N,Y
)到海邊親眼目睹海女採珠的實況，在紀念館中一覽御木本幸吉的成名史，當然，更別忘了到真珠廣場買個真珠飾物回家，從價廉的紀念品到高檔的真珠項鍊，應有盡有，包君滿意。,到 海邊 親眼 目睹 海女 採珠 的 實況 在 紀念館 中 一 覽 御木本幸吉 的 成名 史 當然 更 別 忘 了 到 真珠 廣場 買 個 真珠 飾物 回家 從 價廉 的 紀念品 到 高檔 的 真珠 項鍊 應有盡有 包君滿意,41,到(546906) 海邊(2132) 親眼(5085) 目睹(5437) 海女(94) 採珠(40) 的(16029838) 實況(1140) 在(3284238) 紀念館(1101) 中(1011729) 一(3701681) 覽(1106) 御木本幸吉(Unknown) 的(16029838) 成名(1727) 史(6356) 當然(113971) 更(361676) 別(78082) 忘(24299) 了(3199291) 到(546906) 真珠(68) 廣場(8418) 買(59736) 個(2296574) 真珠(68) 飾物(632) 回家(35375) 從(496546) 價廉(189) 的(16029838) 紀念品(1268) 到(546906) 高檔(720) 的(16029838) 真珠(68) 項鍊(2187) 應有盡有(598) 包君滿意(14),"{'High': 34, 'Low': 7}","{'第1級': 10, 'Unknown': 17, '第5級': 6, '第6級': 2, '第1*級': 3, '第2級': 1, '第2*級': 1, '第7級': 1}",5,Y,N,N,Y
真珠島上曾有不少名流政要造訪，其中包括英國女王伊莉莎白二世與葛麗絲凱莉王妃。,真珠島 上 曾 有 不少 名流 政要 造訪 其中 包括 英國 女王 伊莉莎白 二 世 與 葛麗絲凱莉 王妃,18,真珠島(Unknown) 上(1233218) 曾(132981) 有(2217079) 不少(35256) 名流(1172) 政要(509) 造訪(3905) 其中(95627) 包括(74410) 英國(44248) 女王(3971) 伊莉莎白(2137) 二(152494) 世(13336) 與(968432) 葛麗絲凱莉(Unknown) 王妃(1535),"{'Low': 2, 'High': 16}","{'Unknown': 8, '第1級': 4, '第4級': 1, '第7級': 1, '第6級': 1, '第3*級': 2, '第4*級': 1}",3,Y,Y,N,Y
真珠藝品極盡華麗之能事。,真珠 藝品 極盡 華麗 之 能事,6,真珠(68) 藝品(544) 極盡(1314) 華麗(4798) 之(875481) 能事(658),"{'Low': 1, 'High': 5}","{'Unknown': 2, '第7級': 2, '第6級': 1, '第5級': 1}",0,Y,N,N,N
俳聖松尾芭蕉的紀念館和伊賀流忍者屋敷，都在伊賀上野，喜好舞文弄墨及愛看日本電影的遊客，不妨前往「朝聖」一番。,俳聖 松尾芭蕉 的 紀念館 和 伊賀流 忍者 屋敷 都 在 伊賀 上野 喜好 舞文弄墨 及 愛 看 日本 電影 的 遊客 不妨 前往 朝聖 一 番,26,俳聖(6) 松尾芭蕉(Unknown) 的(16029838) 紀念館(1101) 和(1338337) 伊賀流(3) 忍者(1560) 屋敷(Unknown) 都(1125846) 在(3284238) 伊賀(330) 上野(925) 喜好(4045) 舞文弄墨(100) 及(304586) 愛(124337) 看(444691) 日本(105587) 電影(115295) 的(16029838) 遊客(4899) 不妨(9148) 前往(27321) 朝聖(1292) 一(3701681) 番(30293),"{'Low': 5, 'High': 21}","{'Unknown': 12, '第1級': 6, '第1*級': 2, '第5級': 5, '第7級': 1}",4,Y,Y,N,Y
鳥羽水族館美人魚等你來，鳥羽水族館起始於一九五五年，在一九九0年改建後，號稱是全日本最大的水族館，每年參觀人數約有一百七十萬人，今年五月四日更締下一天入場三萬一千人的紀錄。,鳥羽 水族館 美人魚 等 你 來 鳥羽 水族館 起始 於 一九五五年 在 一九九0年 改建 後 號稱 是 全 日本 最 大 的 水族館 每 年 參觀 人數 約 有 一百七十萬 人 今年 五月 四日 更 締下 一 天 入場 三萬一千 人 的 紀錄,43,鳥羽(456) 水族館(268) 美人魚(414) 等(327380) 你(1414837) 來(742183) 鳥羽(456) 水族館(268) 起始(1036) 於(327210) 一九五五年(888) 在(3284238) 一九九0年(Unknown) 改建(1135) 後(422857) 號稱(3257) 是(4642407) 全(178642) 日本(105587) 最(421680) 大(525780) 的(16029838) 水族館(268) 每(333357) 年(514736) 參觀(9034) 人數(11834) 約(47731) 有(2217079) 一百七十萬(53) 人(1550512) 今年(10836) 五月(15682) 四日(3242) 更(361676) 締下(1) 一(3701681) 天(330413) 入場(626) 三萬一千(19) 人(1550512) 的(16029838) 紀錄(14233),"{'High': 39, 'Low': 4}","{'Unknown': 16, '第3*級': 3, '第1級': 15, '第5級': 1, '第1*級': 3, '第7級': 1, '第6級': 1, '第2級': 1, '第4級': 2}",8,Y,N,N,Y
館內收藏豐富，最特殊的是兩頭在柯拉蓉時代，從菲律賓空運而來的「美人魚」，館內並有紀錄片放映當時實況。,館 內 收藏 豐富 最 特殊 的 是 兩 頭 在 柯拉蓉 時代 從 菲律賓 空運 而 來 的 美人魚 館 內 並 有 紀錄片 放映 當時 實況,28,館(3995) 內(183051) 收藏(6907) 豐富(24271) 最(421680) 特殊(28606) 的(16029838) 是(4642407) 兩(526190) 頭(112925) 在(3284238) 柯拉蓉(24) 時代(74034) 從(496546) 菲律賓(4052) 空運(314) 而(937923) 來(742183) 的(16029838) 美人魚(414) 館(3995) 內(183051) 並(442790) 有(2217079) 紀錄片(6953) 放映(3543) 當時(126214) 實況(1140),"{'High': 27, 'Low': 1}","{'Unknown': 5, '第3級': 2, '第5級': 4, '第4級': 1, '第1*級': 4, '第1級': 6, '第4*級': 2, '第6級': 2, '第7級': 1, '第3*級': 1}",4,Y,Y,N,Y
此處並且舉辦過水中婚禮，不過這對新人是貨真價實的潛水員，參加喜宴的顧客，可是好好的在水族箱外祝賀呢。,此 處 並且 舉辦 過 水 中 婚禮 不過 這 對 新人 是 貨真價實 的 潛水員 參加 喜宴 的 顧客 可是 好好 的 在 水族箱 外 祝賀 呢,28,此(288458) 處(84410) 並且(60996) 舉辦(12070) 過(412878) 水(86260) 中(1011729) 婚禮(5476) 不過(186226) 這(2114032) 對(897964) 新人(3079) 是(4642407) 貨真價實(601) 的(16029838) 潛水員(107) 參加(42962) 喜宴(413) 的(16029838) 顧客(25096) 可是(125487) 好好(30522) 的(16029838) 在(3284238) 水族箱(253) 外(109310) 祝賀(1833) 呢(204566),{'High': 28},"{'第5級': 2, 'Unknown': 7, '第4級': 4, '第1*級': 3, '第1級': 9, '第2級': 2, '第6級': 1}",3,Y,Y,N,N
可是好好的在水族箱外祝賀呢。,可是 好好 的 在 水族箱 外 祝賀 呢,8,可是(125487) 好好(30522) 的(16029838) 在(3284238) 水族箱(253) 外(109310) 祝賀(1833) 呢(204566),{'High': 8},"{'第1*級': 2, 'Unknown': 2, '第1級': 3, '第5級': 1}",1,Y,Y,N,N
搭乘纜車，穿越雪，觀賞冰河，清涼有勁！,搭乘 纜車 穿越 雪 觀賞 冰河 清涼 有勁,8,搭乘(4116) 纜車(382) 穿越(5408) 雪(12104) 觀賞(5617) 冰河(833) 清涼(1467) 有勁(379),{'High': 8},"{'第5級': 4, 'Unknown': 2, '第2*級': 1, '第7級': 1}",0,Y,N,N,N
惠斯勒是加拿大著名的滑雪勝地。,惠斯勒 是 加拿大 著名 的 滑雪 勝地,7,惠斯勒(97) 是(4642407) 加拿大(5370) 著名(20279) 的(16029838) 滑雪(1280) 勝地(934),"{'Low': 1, 'High': 6}","{'Unknown': 1, '第1級': 2, '第4級': 2, '第6級': 1, '第7級': 1}",2,Y,N,N,N
它曾兩度被「雪國雜誌」評為北美最佳滑雪場。,它 曾 兩 度 被 雪國 雜誌 評為 北美 最佳 滑雪場,11,它(316854) 曾(132981) 兩(526190) 度(25018) 被(540683) 雪國(167) 雜誌(22563) 評為(565) 北美(1970) 最佳(27224) 滑雪場(98),"{'High': 10, 'Low': 1}","{'第1*級': 1, '第4級': 1, '第1級': 1, '第3級': 1, '第2級': 1, 'Unknown': 5, '第3*級': 1}",1,Y,N,N,N
冬日，世界各地的滑雪好手多會於此，在惠斯勒和黑梳(Blackcomp)兩山之間的兩百個滑雪道上盡情滑行衝刺。,冬日 世界 各 地 的 滑雪 好手 多 會 於 此 在 惠斯勒 和 黑梳 Blackcomp 兩 山 之間 的 兩百 個 滑雪 道上 盡情 滑行 衝刺,27,冬日(800) 世界(165235) 各(243023) 地(754998) 的(16029838) 滑雪(1280) 好手(1279) 多(318992) 會(1014977) 於(327210) 此(288458) 在(3284238) 惠斯勒(97) 和(1338337) 黑梳(Unknown) Blackcomp(Unknown) 兩(526190) 山(54936) 之間(117932) 的(16029838) 兩百(3908) 個(2296574) 滑雪(1280) 道上(245) 盡情(3709) 滑行(756) 衝刺(1339),"{'High': 24, 'Low': 3}","{'Unknown': 8, '第2級': 2, '第1級': 5, '第4級': 3, '第5級': 3, '第1*級': 3, '第6級': 2, '第7級': 1}",2,Y,Y,N,N
夏天，惠斯勒也不寂寞，依舊是很好的度假場所。,夏天 惠斯勒 也 不 寂寞 依舊 是 很 好 的 度假 場所,12,夏天(11228) 惠斯勒(97) 也(1590760) 不(2282521) 寂寞(8212) 依舊(10984) 是(4642407) 很(715675) 好(448428) 的(16029838) 度假(3488) 場所(8263),"{'High': 11, 'Low': 1}","{'第2級': 1, 'Unknown': 2, '第1級': 5, '第5級': 3, '第4*級': 1}",1,Y,N,N,N
這個阿爾卑斯式小鎮就在溫哥華市的東北邊，彼此相距約一百二十公里。,這 個 阿爾卑斯式 小鎮 就 在 溫哥華市 的 東北 邊 彼此 相距 約 一百二十 公里,15,這(2114032) 個(2296574) 阿爾卑斯式(11) 小鎮(5758) 就(1737544) 在(3284238) 溫哥華市(10) 的(16029838) 東北(6927) 邊(123152) 彼此(39449) 相距(1255) 約(47731) 一百二十(1452) 公里(16646),"{'High': 13, 'Low': 2}","{'第1級': 4, 'Unknown': 5, '第1*級': 2, '第5級': 1, '第7級': 1, '第3*級': 1, '第4級': 1}",3,Y,N,N,N
交通很方便，從溫哥華開車，沿著兩旁風光明媚的海天公路，大約一個半鐘頭就可到那裡。,交通 很 方便 從 溫哥華 開車 沿著 兩旁 風光明媚 的 海天 公路 大約 一 個 半 鐘頭 就 可 到 那裡,21,交通(11639) 很(715675) 方便(14172) 從(496546) 溫哥華(586) 開車(10401) 沿著(Unknown) 兩旁(1552) 風光明媚(120) 的(16029838) 海天(7) 公路(7300) 大約(27064) 一(3701681) 個(2296574) 半(80813) 鐘頭(3367) 就(1737544) 可(307359) 到(546906) 那裡(55755),"{'High': 19, 'Low': 2}","{'第3級': 1, '第1級': 8, '第1*級': 4, 'Unknown': 5, '第3*級': 1, '第4*級': 2}",2,Y,N,N,Y
夏天在惠斯勒度假，至少有三種玩法。,夏天 在 惠斯勒 度假 至少 有 三 種 玩法,9,夏天(11228) 在(3284238) 惠斯勒(97) 度假(3488) 至少(41964) 有(2217079) 三(313861) 種(701563) 玩法(463),"{'High': 8, 'Low': 1}","{'第2級': 1, '第1*級': 1, 'Unknown': 3, '第4*級': 1, '第4級': 1, '第1級': 2}",1,Y,N,N,N
一是坐纜車(gondola)；二是穿雪地越野鞋去踏雪；三是搭直升機看冰河。,一 是 坐 纜車 gondola 二 是 穿 雪地 越野鞋 去 踏雪 三 是 搭 直升機 看 冰河,18,一(3701681) 是(4642407) 坐(93873) 纜車(382) gondola(7) 二(152494) 是(4642407) 穿(46113) 雪地(1788) 越野鞋(3) 去(479993) 踏雪(24) 三(313861) 是(4642407) 搭(16185) 直升機(1747) 看(444691) 冰河(833),"{'High': 15, 'Low': 3}","{'第1級': 8, 'Unknown': 8, '第1*級': 1, '第3級': 1}",3,Y,N,N,N
你可任擇其一，或擇其二，或擇其三。,你 可 任 擇 其 一 或 擇 其 二 或 擇 其 三,14,你(1414837) 可(307359) 任(37811) 擇(3011) 其(307905) 一(3701681) 或(478077) 擇(3011) 其(307905) 二(152494) 或(478077) 擇(3011) 其(307905) 三(313861),{'High': 14},"{'第1級': 4, '第4*級': 1, '第5級': 1, 'Unknown': 3, '第6級': 3, '第3級': 2}",0,Y,Y,N,N
搭直升機可俯瞰冰河景色。,搭 直升機 可 俯瞰 冰河 景色,6,搭(16185) 直升機(1747) 可(307359) 俯瞰(1650) 冰河(833) 景色(3529),{'High': 6},"{'第3級': 1, 'Unknown': 2, '第4*級': 2, '第7級': 1}",1,Y,N,N,N
惠斯勒山上的雪地越野中心。,惠斯勒山 上 的 雪地 越野 中心,6,惠斯勒山(Unknown) 上(1233218) 的(16029838) 雪地(1788) 越野(409) 中心(46076),"{'Low': 1, 'High': 5}","{'Unknown': 3, '第1級': 2, '第3級': 1}",1,N,N,N,N
穿雪地越野鞋行走，別有一番滋味。,穿 雪地 越野鞋 行走 別有 一 番 滋味,8,穿(46113) 雪地(1788) 越野鞋(3) 行走(5800) 別有(1020) 一(3701681) 番(30293) 滋味(6876),"{'High': 7, 'Low': 1}","{'第1*級': 1, 'Unknown': 3, '第5級': 3, '第1級': 1}",1,Y,N,N,N
夏天在惠斯勒坐纜車，只要三十元加幣，折合台幣是六百元左右，比冬天便宜得多。,夏天 在 惠斯勒 坐 纜車 只要 三十 元 加幣 折合 台幣 是 六百 元 左右 比 冬天 便宜 得多,19,夏天(11228) 在(3284238) 惠斯勒(97) 坐(93873) 纜車(382) 只要(99140) 三十(24336) 元(60807) 加幣(68) 折合(294) 台幣(1259) 是(4642407) 六百(1929) 元(60807) 左右(33714) 比(170486) 冬天(8241) 便宜(8506) 得多(2027),"{'High': 17, 'Low': 2}","{'第2級': 2, '第1*級': 3, 'Unknown': 6, '第1級': 4, '第3級': 1, '第6級': 1, '第4級': 1, '第3*級': 1}",1,Y,Y,N,N
冬天要五十元加幣。,冬天 要 五十 元 加幣,5,冬天(8241) 要(851264) 五十(17500) 元(60807) 加幣(68),"{'High': 4, 'Low': 1}","{'第2級': 1, '第1級': 2, 'Unknown': 2}",0,Y,N,N,N
因為冬天還得供應另外一種叫chairlift的纜車，以方便滑雪者滑雪用。,因為 冬天 還 得 供應 另外 一 種 叫 chairlift 的 纜車 以 方便 滑雪 者 滑雪用,17,因為(425061) 冬天(8241) 還(625086) 得(573721) 供應(8826) 另外(48233) 一(3701681) 種(701563) 叫(111645) chairlift(Unknown) 的(16029838) 纜車(382) 以(547785) 方便(14172) 滑雪(1280) 者(423504) 滑雪用(1),"{'High': 15, 'Low': 2}","{'第1*級': 2, '第2級': 1, 'Unknown': 7, '第5級': 2, '第3級': 1, '第1級': 3, '第4級': 1}",2,Y,Y,N,N
然一張票可用一整天。,然 一 張 票 可 用 一 整 天,9,然(6771) 一(3701681) 張(99414) 票(8213) 可(307359) 用(377038) 一(3701681) 整(105785) 天(330413),{'High': 9},"{'Unknown': 1, '第1級': 4, '第1*級': 1, '第2級': 1, '第4*級': 1, '第3*級': 1}",0,Y,Y,N,N
只要你高興搭乘，可來回無數次。,只要 你 高興 搭乘 可 來回 無數 次,8,只要(99140) 你(1414837) 高興(38552) 搭乘(4116) 可(307359) 來回(5129) 無數(12002) 次(331701),{'High': 8},"{'第3級': 1, '第1級': 1, '第2級': 2, '第5級': 2, '第4*級': 2}",0,Y,Y,N,N
搭乘這種跟威尼斯運河平底輕舟同名的纜車，可俯瞰滿是杉木的山坡。,搭乘 這 種 跟 威尼斯 運河 平底 輕舟 同 名 的 纜車 可 俯瞰 滿 是 杉木 的 山坡,19,搭乘(4116) 這(2114032) 種(701563) 跟(260280) 威尼斯(2092) 運河(2629) 平底(328) 輕舟(174) 同(102917) 名(136287) 的(16029838) 纜車(382) 可(307359) 俯瞰(1650) 滿(46727) 是(4642407) 杉木(345) 的(16029838) 山坡(4314),{'High': 19},"{'第5級': 2, '第1級': 4, 'Unknown': 8, '第1*級': 1, '第2級': 1, '第4*級': 1, '第7級': 1, '第3級': 1}",1,Y,N,N,N
現在夏日時刻，你可以看到山坡上的殘雪。,現在 夏日 時刻 你 可以 看到 山坡 上 的 殘 雪,11,現在(218744) 夏日(2447) 時刻(19508) 你(1414837) 可以(560531) 看到(159419) 山坡(4314) 上(1233218) 的(16029838) 殘(2016) 雪(12104),{'High': 11},"{'第1級': 5, '第5級': 3, '第1*級': 1, 'Unknown': 1, '第2*級': 1}",0,Y,N,N,N
運氣好的話，你還可看到黑熊。,運氣 好 的 話 你 還 可 看到 黑熊,9,運氣(6942) 好(448428) 的(16029838) 話(148020) 你(1414837) 還(625086) 可(307359) 看到(159419) 黑熊(1428),{'High': 9},"{'第4級': 1, 'Unknown': 3, '第1級': 3, '第4*級': 1, '第1*級': 1}",0,Y,N,N,N
在惠斯勒山上，穿著雪地越野鞋踏雪，走來可不輕便，但是滿有趣的。,在 惠斯勒山 上 穿著 雪地 越野鞋 踏雪 走來 可 不 輕便 但是 滿 有趣 的,15,在(3284238) 惠斯勒山(Unknown) 上(1233218) 穿著(11114) 雪地(1788) 越野鞋(3) 踏雪(24) 走來(5182) 可(307359) 不(2282521) 輕便(875) 但是(247988) 滿(46727) 有趣(26804) 的(16029838),"{'High': 12, 'Low': 3}","{'第1*級': 1, 'Unknown': 6, '第1級': 3, '第5級': 1, '第4*級': 1, '第2級': 1, '第3級': 2}",2,Y,Y,N,N
因為一路上有嚮導為你解說。,因為 一路 上 有 嚮導 為 你 解說,8,因為(425061) 一路(14840) 上(1233218) 有(2217079) 嚮導(1725) 為(761341) 你(1414837) 解說(5627),{'High': 8},"{'第1*級': 1, '第6級': 2, '第1級': 3, 'Unknown': 1, '第5級': 1}",0,Y,Y,N,N
目前在這裡服務的雪地越野專家肯華生(KenWatson)，今年五十七歲了，他做起嚮導來便很老到。,目前 在 這裡 服務 的 雪地 越野 專家 肯華生 KenWatson 今年 五十七 歲 了 他 做 起 嚮導 來 便 很 老到,22,目前(48695) 在(3284238) 這裡(100385) 服務(38055) 的(16029838) 雪地(1788) 越野(409) 專家(26090) 肯華生(Unknown) KenWatson(Unknown) 今年(10836) 五十七(619) 歲(130085) 了(3199291) 他(2487930) 做(411649) 起(96746) 嚮導(1725) 來(742183) 便(220860) 很(715675) 老到(499),"{'High': 20, 'Low': 2}","{'第4級': 2, '第1*級': 1, '第1級': 8, '第3級': 1, 'Unknown': 7, '第3*級': 1, '第6級': 2}",3,Y,N,N,Y
教旅客穿雪地越野鞋時，他就講述這種鞋的歷史。,教 旅客 穿 雪地 越野鞋 時 他 就 講述 這 種 鞋 的 歷史,14,教(42322) 旅客(3355) 穿(46113) 雪地(1788) 越野鞋(3) 時(623734) 他(2487930) 就(1737544) 講述(4407) 這(2114032) 種(701563) 鞋(5886) 的(16029838) 歷史(96060),"{'High': 13, 'Low': 1}","{'Unknown': 5, '第1*級': 2, '第3*級': 1, '第1級': 4, '第6級': 1, '第3級': 1}",1,Y,N,N,N
大夥兒走了一段路，停下來，他就拿出隨身帶的講義夾，翻出熊的圖片，講述熊的故事。,大夥兒 走 了 一 段 路 停下來 他 就 拿出 隨身 帶 的 講義夾 翻出 熊 的 圖片 講述 熊 的 故事,22,大夥兒(2758) 走(128453) 了(3199291) 一(3701681) 段(95980) 路(74635) 停下來(8900) 他(2487930) 就(1737544) 拿出(14551) 隨身(3376) 帶(105786) 的(16029838) 講義夾(Unknown) 翻出(642) 熊(12554) 的(16029838) 圖片(4811) 講述(4407) 熊(12554) 的(16029838) 故事(101316),"{'High': 21, 'Low': 1}","{'第6級': 2, '第1級': 9, 'Unknown': 5, '第4級': 2, '第5級': 1, '第4*級': 2, '第2級': 1}",3,Y,N,N,N
再走一段路，停下來，他又講述鳥的故事。,再 走 一 段 路 停下來 他 又 講述 鳥 的 故事,12,再(326207) 走(128453) 一(3701681) 段(95980) 路(74635) 停下來(8900) 他(2487930) 又(535555) 講述(4407) 鳥(18798) 的(16029838) 故事(101316),{'High': 12},"{'第1*級': 2, '第1級': 5, '第4級': 1, 'Unknown': 1, '第6級': 1, '第2級': 2}",1,Y,N,N,N
又走一段路，停下來，他又講述土撥鼠的故事。,又 走 一 段 路 停下來 他 又 講述 土撥鼠 的 故事,12,又(535555) 走(128453) 一(3701681) 段(95980) 路(74635) 停下來(8900) 他(2487930) 又(535555) 講述(4407) 土撥鼠(205) 的(16029838) 故事(101316),{'High': 12},"{'第1*級': 2, '第1級': 5, '第4級': 1, 'Unknown': 2, '第6級': 1, '第2級': 1}",2,Y,N,N,N
他說Whistler在英文中的原意就是「吹口哨者」。,他 說 Whistler 在 英文 中 的 原意 就 是 吹口哨 者,12,他(2487930) 說(1285247) Whistler(31) 在(3284238) 英文(15308) 中(1011729) 的(16029838) 原意(1441) 就(1737544) 是(4642407) 吹口哨(554) 者(423504),"{'High': 11, 'Low': 1}","{'第1級': 6, 'Unknown': 4, '第1*級': 1, '第7級': 1}",2,Y,N,N,N
誰是吹口哨者呢？,誰 是 吹口哨 者 呢,5,誰(110452) 是(4642407) 吹口哨(554) 者(423504) 呢(204566),{'High': 5},"{'第1級': 3, '第7級': 1, 'Unknown': 1}",1,Y,N,N,N
指的就是土撥鼠。,指 的 就 是 土撥鼠,5,指(84264) 的(16029838) 就(1737544) 是(4642407) 土撥鼠(205),{'High': 5},"{'第4級': 1, '第1級': 3, 'Unknown': 1}",1,Y,N,N,N
經他這麼一解說，大夥兒才恍然大悟，原來當初惠斯勒的命名竟是這麼樣的好玩。,經 他 這麼 一 解說 大夥兒 才 恍然大悟 原來 當初 惠斯勒 的 命名 竟是 這麼樣 的 好玩,17,經(38471) 他(2487930) 這麼(116973) 一(3701681) 解說(5627) 大夥兒(2758) 才(394539) 恍然大悟(2445) 原來(49649) 當初(14449) 惠斯勒(97) 的(16029838) 命名(4271) 竟是(3909) 這麼樣(181) 的(16029838) 好玩(6656),"{'High': 16, 'Low': 1}","{'Unknown': 5, '第1級': 4, '第2級': 2, '第5級': 2, '第6級': 2, '第3*級': 1, '第4*級': 1}",4,Y,N,N,N
就因為有這樣的好嚮導，原本相當乏味的雪地越野，就一變而為生趣盎然了。,就 因為 有 這樣 的 好 嚮導 原本 相當 乏味 的 雪地 越野 就 一 變 而 為 生趣 盎然 了,21,就(1737544) 因為(425061) 有(2217079) 這樣(288344) 的(16029838) 好(448428) 嚮導(1725) 原本(35765) 相當(66293) 乏味(2388) 的(16029838) 雪地(1788) 越野(409) 就(1737544) 一(3701681) 變(80345) 而(937923) 為(761341) 生趣(283) 盎然(1421) 了(3199291),{'High': 21},"{'第1級': 6, '第1*級': 1, '第3級': 2, 'Unknown': 6, '第6級': 2, '第4*級': 1, '第2級': 1, '第5級': 1, '第7級': 1}",0,Y,Y,N,N
搭直升機看冰河，可飽覽冰河的壯麗景色。,搭 直升機 看 冰河 可 飽覽 冰河 的 壯麗 景色,10,搭(16185) 直升機(1747) 看(444691) 冰河(833) 可(307359) 飽覽(198) 冰河(833) 的(16029838) 壯麗(1364) 景色(3529),{'High': 10},"{'第3級': 1, 'Unknown': 6, '第4*級': 2, '第1級': 1}",1,Y,N,N,N
因為光是雪地越野，走不了多遠就累了，所見非常有限，沒辦法像從直升機上一路俯瞰那麼樣的「宏觀」。,因為 光 是 雪地 越野 走不了 多 遠 就 累 了 所 見 非常 有限 沒辦法 像 從 直升機 上 一路 俯瞰 那麼樣 的 宏觀,25,因為(425061) 光(42738) 是(4642407) 雪地(1788) 越野(409) 走不了(231) 多(318992) 遠(57546) 就(1737544) 累(12878) 了(3199291) 所(527327) 見(179113) 非常(152032) 有限(17290) 沒辦法(16992) 像(289494) 從(496546) 直升機(1747) 上(1233218) 一路(14840) 俯瞰(1650) 那麼樣(93) 的(16029838) 宏觀(1875),"{'High': 24, 'Low': 1}","{'第1*級': 5, '第3*級': 1, '第1級': 5, 'Unknown': 9, '第2級': 2, '第5級': 1, '第6級': 1, '第7級': 1}",4,Y,Y,N,N
在惠斯勒山上搭直升機，除了可以看到冰河，還可看到清泉、細流和湖泊，景色層出不窮，在在令人驚喜。,在 惠斯勒山 上 搭 直升機 除了 可以 看到 冰河 還 可 看到 清泉 細流 和 湖泊 景色 層出不窮 在在 令 人 驚喜,22,在(3284238) 惠斯勒山(Unknown) 上(1233218) 搭(16185) 直升機(1747) 除了(75964) 可以(560531) 看到(159419) 冰河(833) 還(625086) 可(307359) 看到(159419) 清泉(582) 細流(214) 和(1338337) 湖泊(1394) 景色(3529) 層出不窮(1159) 在在(1953) 令(128742) 人(1550512) 驚喜(4528),"{'High': 21, 'Low': 1}","{'第1*級': 3, 'Unknown': 7, '第1級': 3, '第3級': 1, '第3*級': 1, '第4*級': 2, '第7級': 2, '第6級': 1, '第5級': 2}",3,Y,Y,N,N
在惠斯勒山上的這項活動，目前收費方式分為兩種。,在 惠斯勒山 上 的 這 項 活動 目前 收費 方式 分為 兩 種,13,在(3284238) 惠斯勒山(Unknown) 上(1233218) 的(16029838) 這(2114032) 項(88887) 活動(85743) 目前(48695) 收費(1810) 方式(133407) 分為(11069) 兩(526190) 種(701563),"{'High': 12, 'Low': 1}","{'第1*級': 1, 'Unknown': 3, '第1級': 4, '第5級': 1, '第2級': 1, '第4級': 1, '第4*級': 2}",1,Y,N,N,N
八分鐘到十分鐘是四十元加幣，折合台幣是八百元左右。,八 分鐘 到 十 分鐘 是 四十 元 加幣 折合 台幣 是 八百 元 左右,15,八(54961) 分鐘(52479) 到(546906) 十(77415) 分鐘(52479) 是(4642407) 四十(15256) 元(60807) 加幣(68) 折合(294) 台幣(1259) 是(4642407) 八百(2164) 元(60807) 左右(33714),"{'High': 14, 'Low': 1}","{'第1級': 7, '第1*級': 2, 'Unknown': 3, '第6級': 1, '第4級': 1, '第3*級': 1}",0,Y,Y,N,N
十二分鐘到十五分鐘是七十元加幣，折合台幣是一千四百元左右。,十二 分鐘 到 十五 分鐘 是 七十 元 加幣 折合 台幣 是 一千四百 元 左右,15,十二(22310) 分鐘(52479) 到(546906) 十五(19907) 分鐘(52479) 是(4642407) 七十(4970) 元(60807) 加幣(68) 折合(294) 台幣(1259) 是(4642407) 一千四百(239) 元(60807) 左右(33714),"{'High': 14, 'Low': 1}","{'Unknown': 5, '第1*級': 2, '第1級': 5, '第6級': 1, '第4級': 1, '第3*級': 1}",1,Y,Y,N,N
夏天在惠斯勒度假，說是有三種玩法，那是很保守的說法。,夏天 在 惠斯勒 度假 說 是 有 三 種 玩法 那 是 很 保守 的 說法,16,夏天(11228) 在(3284238) 惠斯勒(97) 度假(3488) 說(1285247) 是(4642407) 有(2217079) 三(313861) 種(701563) 玩法(463) 那(754138) 是(4642407) 很(715675) 保守(6702) 的(16029838) 說法(32457),"{'High': 15, 'Low': 1}","{'第2級': 1, '第1*級': 1, 'Unknown': 3, '第4*級': 1, '第1級': 8, '第5級': 1, '第4級': 1}",1,Y,N,N,N
至少在惠斯勒度假村附近，就有一條自行車專用道，有柏油的路面就長達三十五公里。,至少 在 惠斯勒 度假村 附近 就 有 一 條 自行車 專用 道 有 柏油 的 路面 就 長達 三十五 公里,20,至少(41964) 在(3284238) 惠斯勒(97) 度假村(140) 附近(32204) 就(1737544) 有(2217079) 一(3701681) 條(115362) 自行車(2986) 專用(2795) 道(141723) 有(2217079) 柏油(650) 的(16029838) 路面(1702) 就(1737544) 長達(6188) 三十五(3498) 公里(16646),"{'High': 19, 'Low': 1}","{'第4級': 2, '第1*級': 2, 'Unknown': 7, '第1級': 6, '第2級': 1, '第3級': 1, '第6級': 1}",4,Y,N,N,N
路的兩旁若非田園就是球場，若非水色就是山光。,路 的 兩旁 若非 田園 就 是 球場 若非 水色 就 是 山光,13,路(74635) 的(16029838) 兩旁(1552) 若非(2240) 田園(2108) 就(1737544) 是(4642407) 球場(3296) 若非(2240) 水色(149) 就(1737544) 是(4642407) 山光(17),"{'High': 12, 'Low': 1}","{'第1級': 6, 'Unknown': 4, '第6級': 3}",0,N,Y,N,N
你若是對騎腳踏車有興趣，對這樣的景致也喜歡，只要問一問度假村的任何一家腳踏車出租店，他們都會告訴你這條專用道在那裡。,你 若是 對 騎 腳踏車 有 興趣 對 這樣 的 景致 也 喜歡 只要 問 一 問 度假村 的 任何 一 家 腳踏車 出租店 他們 都 會 告訴 你 這 條 專用 道 在 那裡,35,你(1414837) 若是(17210) 對(897964) 騎(20953) 腳踏車(5459) 有(2217079) 興趣(34215) 對(897964) 這樣(288344) 的(16029838) 景致(1617) 也(1590760) 喜歡(113753) 只要(99140) 問(165473) 一(3701681) 問(165473) 度假村(140) 的(16029838) 任何(131795) 一(3701681) 家(236822) 腳踏車(5459) 出租店(141) 他們(716752) 都(1125846) 會(1014977) 告訴(122898) 你(1414837) 這(2114032) 條(115362) 專用(2795) 道(141723) 在(3284238) 那裡(55755),{'High': 35},"{'第1級': 18, '第4*級': 2, '第2級': 2, '第2*級': 2, '第3級': 3, '第7級': 1, 'Unknown': 4, '第1*級': 2, '第6級': 1}",4,Y,Y,N,N
惠斯勒附近的這條自行車專用道，兩旁一派田園風光。,惠斯勒 附近 的 這 條 自行車 專用 道 兩旁 一 派 田園 風光,13,惠斯勒(97) 附近(32204) 的(16029838) 這(2114032) 條(115362) 自行車(2986) 專用(2795) 道(141723) 兩旁(1552) 一(3701681) 派(45750) 田園(2108) 風光(3236),"{'Low': 1, 'High': 12}","{'Unknown': 3, '第1*級': 1, '第1級': 3, '第2級': 1, '第3級': 1, '第6級': 3, '第4級': 1}",2,Y,N,N,N
台灣地狹人稠，有馬的地方並不多。,台灣 地 狹 人 稠 有 馬 的 地方 並 不 多,12,台灣(130718) 地(754998) 狹(1465) 人(1550512) 稠(493) 有(2217079) 馬(49895) 的(16029838) 地方(139164) 並(442790) 不(2282521) 多(318992),{'High': 12},"{'第1級': 6, 'Unknown': 2, '第7級': 1, '第2級': 1, '第1*級': 1, '第4*級': 1}",0,Y,N,N,N
加拿大地廣人稀，可騎馬的地方可就多了。,加拿大 地廣人稀 可 騎 馬 的 地方 可就 多 了,10,加拿大(5370) 地廣人稀(27) 可(307359) 騎(20953) 馬(49895) 的(16029838) 地方(139164) 可就(3211) 多(318992) 了(3199291),"{'High': 9, 'Low': 1}","{'第4級': 1, 'Unknown': 3, '第4*級': 1, '第2級': 2, '第1級': 2, '第1*級': 1}",2,Y,N,N,N
高地區域更是如此。,高地 區域 更 是 如此,5,高地(1502) 區域(14982) 更(361676) 是(4642407) 如此(133083),{'High': 5},"{'Unknown': 2, '第4*級': 1, '第1級': 1, '第5級': 1}",0,Y,N,N,N
且舉當地的愛林谷地騎馬場(ErinValleyRidingStable)為例。,且 舉 當地 的 愛林 谷地 騎馬場 ErinValleyRidingStable 為 例,10,且(67015) 舉(21400) 當地(23011) 的(16029838) 愛林(1) 谷地(579) 騎馬場(Unknown) ErinValleyRidingStable(Unknown) 為(761341) 例(56688),"{'High': 7, 'Low': 3}","{'第3級': 2, '第4級': 1, '第4*級': 1, '第1級': 1, 'Unknown': 5}",2,Y,Y,N,Y
這個騎馬場服務的項目不少。,這 個 騎馬場 服務 的 項目 不少,7,這(2114032) 個(2296574) 騎馬場(Unknown) 服務(38055) 的(16029838) 項目(12387) 不少(35256),"{'High': 6, 'Low': 1}","{'第1級': 3, 'Unknown': 2, '第3級': 1, '第5級': 1}",1,Y,N,N,N
有馬匹或傳統馬車出租，有騎馬營，有按鐘點計費的騎馬訓練等等。,有 馬匹 或 傳統 馬車 出租 有 騎馬營 有 按 鐘點 計費 的 騎 馬 訓練 等等,17,有(2217079) 馬匹(2310) 或(478077) 傳統(60517) 馬車(6969) 出租(1639) 有(2217079) 騎馬營(Unknown) 有(2217079) 按(31532) 鐘點(204) 計費(144) 的(16029838) 騎(20953) 馬(49895) 訓練(39436) 等等(38274),"{'High': 16, 'Low': 1}","{'第1級': 4, '第6級': 1, '第3級': 2, 'Unknown': 4, '第4級': 3, '第2級': 2, '第3*級': 1}",1,Y,Y,N,N
旅客來這裡騎馬，目前是一小時十八元加幣，折合台幣約三百六十元左右。,旅客 來 這裡 騎 馬 目前 是 一 小時 十八 元 加幣 折合 台幣 約 三百六十 元 左右,18,旅客(3355) 來(742183) 這裡(100385) 騎(20953) 馬(49895) 目前(48695) 是(4642407) 一(3701681) 小時(48521) 十八(13604) 元(60807) 加幣(68) 折合(294) 台幣(1259) 約(47731) 三百六十(517) 元(60807) 左右(33714),"{'High': 17, 'Low': 1}","{'Unknown': 4, '第1級': 7, '第2級': 2, '第4級': 2, '第6級': 1, '第3*級': 2}",1,Y,N,N,N
兩小時是三十元；三小時是四十二元；四小時是五十二元元。,兩 小時 是 三十 元 三 小時 是 四十二 元 四 小時 是 五十二元 元,15,兩(526190) 小時(48521) 是(4642407) 三十(24336) 元(60807) 三(313861) 小時(48521) 是(4642407) 四十二(1874) 元(60807) 四(141667) 小時(48521) 是(4642407) 五十二元(Unknown) 元(60807),"{'High': 14, 'Low': 1}","{'第1級': 12, 'Unknown': 3}",2,N,N,N,N
但只要在這裡接受過一小時騎馬訓練之後，每小時的騎馬費用就降為十二元元加幣。,但 只要 在 這裡 接受 過 一 小時 騎 馬 訓練 之後 每 小時 的 騎 馬 費用 就 降為 十二元 元 加幣,23,但(597124) 只要(99140) 在(3284238) 這裡(100385) 接受(84729) 過(412878) 一(3701681) 小時(48521) 騎(20953) 馬(49895) 訓練(39436) 之後(190467) 每(333357) 小時(48521) 的(16029838) 騎(20953) 馬(49895) 費用(10652) 就(1737544) 降為(779) 十二元(Unknown) 元(60807) 加幣(68),"{'High': 21, 'Low': 2}","{'第2級': 5, '第3級': 1, '第1*級': 3, '第1級': 7, '第4級': 4, 'Unknown': 3}",1,Y,Y,N,N
旅客初次騎馬，第一個要學的就是上馬。,旅客 初次 騎 馬 第一 個 要 學 的 就 是 上馬,12,旅客(3355) 初次(3559) 騎(20953) 馬(49895) 第一(172544) 個(2296574) 要(851264) 學(48982) 的(16029838) 就(1737544) 是(4642407) 上馬(765),{'High': 12},"{'Unknown': 3, '第2級': 3, '第1級': 6}",0,Y,N,N,N
因為馬匹比人要高大，所以騎馬場通常都會做有高度適中的平台，可讓人先上到平台，再踩上馬蹬，而後騎上馬背。,因為 馬匹 比 人 要 高大 所以 騎馬場 通常 都 會 做 有 高度 適中 的 平台 可 讓 人 先 上到 平台 再 踩上 馬蹬 而後 騎上 馬背,29,因為(425061) 馬匹(2310) 比(170486) 人(1550512) 要(851264) 高大(6295) 所以(239080) 騎馬場(Unknown) 通常(56445) 都(1125846) 會(1014977) 做(411649) 有(2217079) 高度(20229) 適中(675) 的(16029838) 平台(5518) 可(307359) 讓(526314) 人(1550512) 先(136649) 上到(503) 平台(5518) 再(326207) 踩上(197) 馬蹬(10) 而後(7307) 騎上(1194) 馬背(1345),"{'High': 27, 'Low': 2}","{'第1*級': 6, '第6級': 4, '第1級': 7, '第4*級': 2, 'Unknown': 8, '第4級': 1, '第2級': 1}",1,Y,Y,N,N
當然，下馬時，還是得靠這個平台。,當然 下馬 時 還是 得 靠 這 個 平台,9,當然(113971) 下馬(1225) 時(623734) 還是(155231) 得(573721) 靠(51323) 這(2114032) 個(2296574) 平台(5518),{'High': 9},"{'第2級': 1, 'Unknown': 2, '第3*級': 1, '第1*級': 1, '第4級': 1, '第1級': 2, '第6級': 1}",0,Y,N,N,N
旅客若是大夥兒去騎馬，騎馬場就會調個馬隊來支應。,旅客 若是 大夥兒 去 騎 馬 騎馬場 就 會 調 個 馬隊 來 支應,14,旅客(3355) 若是(17210) 大夥兒(2758) 去(479993) 騎(20953) 馬(49895) 騎馬場(Unknown) 就(1737544) 會(1014977) 調(6657) 個(2296574) 馬隊(259) 來(742183) 支應(292),"{'High': 13, 'Low': 1}","{'Unknown': 5, '第4*級': 1, '第6級': 1, '第1級': 4, '第2級': 2, '第1*級': 1}",2,Y,Y,N,N
大家都上馬了，馬也一匹接一匹出發了。,大家 都 上馬 了 馬 也 一 匹 接 一 匹 出發 了,13,大家(109692) 都(1125846) 上馬(765) 了(3199291) 馬(49895) 也(1590760) 一(3701681) 匹(10062) 接(19549) 一(3701681) 匹(10062) 出發(17257) 了(3199291),{'High': 13},"{'第1級': 5, 'Unknown': 5, '第2級': 2, '第4級': 1}",0,Y,N,N,N
馬排著隊伍走在山坡上、松林間，有的馬發覺自己落後了，就會跑得快一點。,馬 排 著 隊伍 走 在 山坡 上 松林 間 有的 馬 發覺 自己 落後 了 就 會 跑 得 快 一點,22,馬(49895) 排(16810) 著(1004687) 隊伍(7975) 走(128453) 在(3284238) 山坡(4314) 上(1233218) 松林(638) 間(115638) 有的(31553) 馬(49895) 發覺(8019) 自己(744739) 落後(5281) 了(3199291) 就(1737544) 會(1014977) 跑(35326) 得(573721) 快(116207) 一點(90745),{'High': 22},"{'第2級': 4, '第4級': 1, 'Unknown': 4, '第5級': 4, '第1級': 3, '第1*級': 5, '第7級': 1}",0,Y,N,N,N
這時騎馬的人就不能不講究騎馬的要領了。,這時 騎 馬 的 人 就 不能不 講究 騎 馬 的 要領 了,13,這時(49464) 騎(20953) 馬(49895) 的(16029838) 人(1550512) 就(1737544) 不能不(2146) 講究(5187) 騎(20953) 馬(49895) 的(16029838) 要領(1570) 了(3199291),{'High': 13},"{'Unknown': 3, '第2級': 4, '第1級': 4, '第5級': 1, '第6級': 1}",1,Y,N,N,N
如果不得要領，臀部就會被馬震得受不了。,如果 不得要領 臀部 就 會 被 馬 震 得 受不了,10,如果(322121) 不得要領(Unknown) 臀部(2756) 就(1737544) 會(1014977) 被(540683) 馬(49895) 震(3078) 得(573721) 受不了(6124),"{'High': 9, 'Low': 1}","{'第2級': 3, 'Unknown': 4, '第1級': 1, '第1*級': 1, '第4級': 1}",2,Y,Y,N,N
最重要的一個觀念是，騎馬並不是坐馬。,最 重要 的 一 個 觀念 是 騎 馬 並 不 是 坐 馬,14,最(421680) 重要(154863) 的(16029838) 一(3701681) 個(2296574) 觀念(39915) 是(4642407) 騎(20953) 馬(49895) 並(442790) 不(2282521) 是(4642407) 坐(93873) 馬(49895),{'High': 14},"{'第1*級': 1, '第2級': 4, '第1級': 7, '第4級': 1, '第4*級': 1}",0,Y,N,N,N
馬跑得快時，騎馬的人兩腳就得緊踩住兩個馬蹬，並以此為支點，讓自己的身體向前傾，並使臀部不要再貼住馬背。,馬 跑 得 快 時 騎 馬 的 人 兩 腳 就 得 緊 踩住 兩 個 馬蹬 並 以 此 為 支點 讓 自己 的 身體 向 前傾 並 使 臀部 不要 再 貼住 馬背,36,馬(49895) 跑(35326) 得(573721) 快(116207) 時(623734) 騎(20953) 馬(49895) 的(16029838) 人(1550512) 兩(526190) 腳(47795) 就(1737544) 得(573721) 緊(12748) 踩住(135) 兩(526190) 個(2296574) 馬蹬(10) 並(442790) 以(547785) 此(288458) 為(761341) 支點(306) 讓(526314) 自己(744739) 的(16029838) 身體(97873) 向(231672) 前傾(1389) 並(442790) 使(197544) 臀部(2756) 不要(101931) 再(326207) 貼住(147) 馬背(1345),"{'High': 35, 'Low': 1}","{'第2級': 6, 'Unknown': 10, '第1*級': 4, '第3*級': 1, '第1級': 8, '第4級': 1, '第4*級': 2, '第5級': 3, '第6級': 1}",0,Y,Y,N,N
從來不曾騎過馬的人來這裡騎過一次馬，那就是心理上的一大突破。,從來 不 曾 騎 過 馬 的 人 來 這裡 騎 過 一 次 馬 那 就 是 心理 上 的 一 大 突破,24,從來(35243) 不(2282521) 曾(132981) 騎(20953) 過(412878) 馬(49895) 的(16029838) 人(1550512) 來(742183) 這裡(100385) 騎(20953) 過(412878) 一(3701681) 次(331701) 馬(49895) 那(754138) 就(1737544) 是(4642407) 心理(59538) 上(1233218) 的(16029838) 一(3701681) 大(525780) 突破(10583),{'High': 24},"{'第3*級': 1, '第1級': 13, '第4級': 1, '第2級': 5, '第1*級': 2, '第5級': 2}",0,Y,N,N,N
那種快樂，是難以言喻的。,那 種 快樂 是 難以言喻 的,6,那(754138) 種(701563) 快樂(45366) 是(4642407) 難以言喻(424) 的(16029838),{'High': 6},"{'第1級': 3, 'Unknown': 2, '第1*級': 1}",1,Y,N,N,N
也許你過去讀木蘭詩，想像過「燕山胡騎聲啾啾」的氣勢；也許你過去讀王維詩，向往過「雪盡馬蹄輕」的風光。,也許 你 過去 讀 木蘭詩 想像 過 燕山 胡騎 聲 啾啾 的 氣勢 也許 你 過去 讀 王維 詩 向 往 過 雪 盡 馬蹄 輕 的 風光,28,也許(68286) 你(1414837) 過去(88758) 讀(46218) 木蘭詩(Unknown) 想像(45673) 過(412878) 燕山(180) 胡騎(46) 聲(54182) 啾啾(361) 的(16029838) 氣勢(4177) 也許(68286) 你(1414837) 過去(88758) 讀(46218) 王維(557) 詩(38349) 向(231672) 往(95775) 過(412878) 雪(12104) 盡(22391) 馬蹄(657) 輕(18944) 的(16029838) 風光(3236),"{'High': 26, 'Low': 2}","{'第3*級': 2, '第1級': 4, '第4級': 3, '第1*級': 4, 'Unknown': 7, '第6級': 2, '第5級': 2, '第2級': 2, '第2*級': 2}",1,Y,N,N,Y
而今騎過馬後，你會突然覺得「有為者亦若是」，覺得前人其實也不怎麼樣。,而今 騎 過 馬 後 你 會 突然 覺得 有為 者 亦 若是 覺得 前人 其實 也 不 怎麼樣,19,而今(3331) 騎(20953) 過(412878) 馬(49895) 後(422857) 你(1414837) 會(1014977) 突然(69636) 覺得(183034) 有為(507) 者(423504) 亦(68507) 若是(17210) 覺得(183034) 前人(2072) 其實(109290) 也(1590760) 不(2282521) 怎麼樣(15527),{'High': 19},"{'Unknown': 3, '第2級': 2, '第1*級': 5, '第1級': 4, '第4級': 1, '第6級': 2, '第4*級': 1, '第3*級': 1}",1,Y,Y,N,N
不錯，初次騎馬，就是這麼神氣！,不錯 初次 騎 馬 就是 這麼 神氣,7,不錯(23297) 初次(3559) 騎(20953) 馬(49895) 就是(2943) 這麼(116973) 神氣(1272),{'High': 7},"{'第1*級': 1, 'Unknown': 2, '第2級': 3, '第7級': 1}",0,Y,Y,N,N
就是這麼神氣！,就是 這麼 神氣,3,就是(2943) 這麼(116973) 神氣(1272),{'High': 3},"{'Unknown': 1, '第2級': 1, '第7級': 1}",0,Y,Y,N,N
日本地區冰釣，主要盛行於一些高山地區的湖泊。,日本 地區 冰釣 主要 盛行 於 一些 高山 地區 的 湖泊,11,日本(105587) 地區(40339) 冰釣(6) 主要(78757) 盛行(3489) 於(327210) 一些(156929) 高山(5393) 地區(40339) 的(16029838) 湖泊(1394),"{'High': 10, 'Low': 1}","{'第1級': 2, '第4級': 3, 'Unknown': 2, '第6級': 1, '第5級': 1, '第1*級': 1, '第7級': 1}",0,Y,N,N,N
每年進入十二月中旬以後，這些湖泊湖面會凍結上一層厚厚的堅冰，當地政府會視結冰的厚度，適時宣布解禁的日子，允許民眾到湖上垂釣，每每吸引許多喜好垂釣而不懼嚴寒的釣友前往下竿，成為當地冬天吸引觀光客的遊憩特色之一。,每 年 進入 十二月 中旬 以後 這些 湖泊 湖面 會 凍結 上 一 層 厚厚 的 堅 冰 當地 政府 會 視 結冰 的 厚度 適時 宣布 解禁 的 日子 允許 民眾 到 湖 上 垂釣 每每 吸引 許多 喜好 垂釣 而 不懼 嚴寒 的 釣友 前往 下竿 成為 當地 冬天 吸引 觀光客 的 遊憩 特色 之 一,58,每(333357) 年(514736) 進入(66885) 十二月(13715) 中旬(1756) 以後(71883) 這些(315113) 湖泊(1394) 湖面(1254) 會(1014977) 凍結(1443) 上(1233218) 一(3701681) 層(36369) 厚厚(2706) 的(16029838) 堅(3451) 冰(8585) 當地(23011) 政府(92663) 會(1014977) 視(15590) 結冰(801) 的(16029838) 厚度(1219) 適時(3359) 宣布(10219) 解禁(315) 的(16029838) 日子(28378) 允許(13099) 民眾(17097) 到(546906) 湖(8772) 上(1233218) 垂釣(442) 每每(2357) 吸引(20619) 許多(159791) 喜好(4045) 垂釣(442) 而(937923) 不懼(266) 嚴寒(820) 的(16029838) 釣友(25) 前往(27321) 下竿(2) 成為(143834) 當地(23011) 冬天(8241) 吸引(20619) 觀光客(2140) 的(16029838) 遊憩(195) 特色(16060) 之(875481) 一(3701681),"{'High': 56, 'Low': 2}","{'第1*級': 5, '第1級': 11, '第4級': 6, 'Unknown': 15, '第7級': 3, '第3*級': 3, '第4*級': 5, '第6級': 3, '第5級': 6, '第2級': 1}",2,Y,Y,N,N
日本松原湖上冬天冰釣的釣客。,日本 松原湖 上 冬天 冰釣 的 釣客,7,日本(105587) 松原湖(Unknown) 上(1233218) 冬天(8241) 冰釣(6) 的(16029838) 釣客(163),"{'High': 5, 'Low': 2}","{'第1級': 3, 'Unknown': 3, '第2級': 1}",1,Y,N,N,N
日本地區冬天湖上冰釣，主要對象魚是一種長僅六、七公分，體色銀白，外型酷似台灣俗稱「車栓仔」小銀魚。,日本 地區 冬天 湖 上 冰釣 主要 對象魚 是 一 種 長 僅 六 七 公分 體色 銀白 外型 酷似 台灣 俗稱 車栓仔 小銀魚,24,日本(105587) 地區(40339) 冬天(8241) 湖(8772) 上(1233218) 冰釣(6) 主要(78757) 對象魚(Unknown) 是(4642407) 一(3701681) 種(701563) 長(107092) 僅(30739) 六(77936) 七(59385) 公分(9876) 體色(725) 銀白(335) 外型(1543) 酷似(777) 台灣(130718) 俗稱(3316) 車栓仔(Unknown) 小銀魚(Unknown),"{'High': 20, 'Low': 4}","{'第1級': 7, '第4級': 3, '第2級': 1, '第4*級': 1, 'Unknown': 8, '第5級': 2, '第7級': 1, '第6級': 1}",3,Y,N,N,Y
這種小魚當地叫「公魚」，雖然體型不大，但是數量極多，同時索餌貪饞，特別在冬天體內飽孕了一層厚厚的脂肪，十分鮮美，是老饕眼中不可多得的珍品。,這 種 小 魚 當地 叫 公魚 雖然 體型 不 大 但是 數量 極 多 同時 索餌 貪饞 特別 在 冬天 體 內 飽孕 了 一 層 厚厚 的 脂肪 十分 鮮美 是 老饕 眼 中 不可多得 的 珍品,39,這(2114032) 種(701563) 小(318835) 魚(34923) 當地(23011) 叫(111645) 公魚(48) 雖然(152988) 體型(3277) 不(2282521) 大(525780) 但是(247988) 數量(14605) 極(61390) 多(318992) 同時(115305) 索餌(1) 貪饞(18) 特別(91212) 在(3284238) 冬天(8241) 體(15460) 內(183051) 飽孕(1) 了(3199291) 一(3701681) 層(36369) 厚厚(2706) 的(16029838) 脂肪(7200) 十分(63196) 鮮美(819) 是(4642407) 老饕(232) 眼(71964) 中(1011729) 不可多得(384) 的(16029838) 珍品(739),"{'High': 35, 'Low': 4}","{'第1級': 10, 'Unknown': 11, '第1*級': 2, '第4*級': 1, '第2級': 4, '第5級': 1, '第4級': 2, '第3*級': 4, '第3級': 1, '第6級': 2, '第7級': 1}",1,Y,Y,N,N
冬天冰釣公魚，通常使用長僅卅公分，竿尾極為纖細敏感的特製釣竿，一次綁上十多枚勾子，掛上紅蚯蚓餌，置於冰穴中稍稍晃動，經常可以一次拉上一整串魚來；一般釣友一天通常可釣兩、三百尾，擅釣者更常有千尾收穫。,冬天 冰釣 公魚 通常 使用 長 僅 卅 公分 竿尾 極為 纖細 敏感 的 特製 釣竿 一 次 綁上 十多 枚 勾子 掛上 紅蚯蚓 餌 置於 冰 穴 中 稍稍 晃動 經常 可以 一 次 拉上 一 整 串 魚 來 一般 釣友 一 天 通常 可 釣 兩 三百 尾 擅 釣 者 更 常 有 千 尾 收穫,60,冬天(8241) 冰釣(6) 公魚(48) 通常(56445) 使用(99640) 長(107092) 僅(30739) 卅(333) 公分(9876) 竿尾(1) 極為(16223) 纖細(1576) 敏感(12359) 的(16029838) 特製(1000) 釣竿(603) 一(3701681) 次(331701) 綁上(467) 十多(4849) 枚(6310) 勾子(44) 掛上(1806) 紅蚯蚓(Unknown) 餌(836) 置於(4198) 冰(8585) 穴(2039) 中(1011729) 稍稍(3365) 晃動(2243) 經常(49295) 可以(560531) 一(3701681) 次(331701) 拉上(1147) 一(3701681) 整(105785) 串(5561) 魚(34923) 來(742183) 一般(80732) 釣友(25) 一(3701681) 天(330413) 通常(56445) 可(307359) 釣(1298) 兩(526190) 三百(6433) 尾(7034) 擅(2181) 釣(1298) 者(423504) 更(361676) 常(86207) 有(2217079) 千(19677) 尾(7034) 收穫(5747),"{'High': 54, 'Low': 6}","{'第2級': 3, 'Unknown': 23, '第4級': 4, '第5級': 8, '第7級': 3, '第1級': 11, '第6級': 1, '第1*級': 3, '第3*級': 3, '第4*級': 1}",1,Y,N,N,N
因此每年解禁期間，湖上經常會出現相當熱鬧的場面。,因此 每 年 解禁 期間 湖 上 經常 會 出現 相當 熱鬧 的 場面,14,因此(184606) 每(333357) 年(514736) 解禁(315) 期間(32981) 湖(8772) 上(1233218) 經常(49295) 會(1014977) 出現(124694) 相當(66293) 熱鬧(6537) 的(16029838) 場面(8744),{'High': 14},"{'第4*級': 3, '第1*級': 2, '第1級': 3, 'Unknown': 1, '第3*級': 2, '第4級': 1, '第3級': 1, '第6級': 1}",0,Y,Y,N,N
釣獲的魚現烹現吃最富野趣。,釣 獲 的 魚 現 烹 現 吃 最 富 野趣,11,釣(1298) 獲(11610) 的(16029838) 魚(34923) 現(9910) 烹(754) 現(9910) 吃(141660) 最(421680) 富(9312) 野趣(102),{'High': 11},"{'第5級': 2, '第1級': 2, '第1*級': 2, 'Unknown': 5}",0,Y,N,N,N
一些資深釣友，垂釣時多會預備一只內盛炭火的鐵罐，隨時烘烤凍僵的手；更有人攜帶了全套烤架，一邊垂釣一邊將釣上來的魚現烤來吃，享受最新鮮的美味。,一些 資深 釣友 垂釣 時 多 會 預備 一 只 內 盛 炭火 的 鐵罐 隨時 烘烤 凍僵 的 手 更 有 人 攜帶 了 全 套 烤架 一邊 垂釣 一邊 將 釣 上來 的 魚 現 烤 來 吃 享受 最 新鮮 的 美味,45,一些(156929) 資深(4975) 釣友(25) 垂釣(442) 時(623734) 多(318992) 會(1014977) 預備(3142) 一(3701681) 只(436725) 內(183051) 盛(7752) 炭火(453) 的(16029838) 鐵罐(145) 隨時(21195) 烘烤(472) 凍僵(347) 的(16029838) 手(146361) 更(361676) 有(2217079) 人(1550512) 攜帶(5385) 了(3199291) 全(178642) 套(37180) 烤架(15) 一邊(33635) 垂釣(442) 一邊(33635) 將(448374) 釣(1298) 上來(4632) 的(16029838) 魚(34923) 現(9910) 烤(7883) 來(742183) 吃(141660) 享受(21312) 最(421680) 新鮮(9966) 的(16029838) 美味(4825),"{'High': 43, 'Low': 2}","{'第1*級': 6, '第5級': 5, 'Unknown': 14, '第3*級': 1, '第1級': 10, '第3級': 3, '第6級': 1, '第4級': 2, '第2級': 1, '第2*級': 1, '第4*級': 1}",0,Y,N,N,N
這種冰釣不僅釣法簡單，安全性也高，適合全家同遊。,這 種 冰釣 不僅 釣法 簡單 安全性 也 高 適合 全 家 同 遊,14,這(2114032) 種(701563) 冰釣(6) 不僅(43138) 釣法(21) 簡單(52683) 安全性(1120) 也(1590760) 高(128858) 適合(25592) 全(178642) 家(236822) 同(102917) 遊(6316),"{'High': 12, 'Low': 2}","{'第1級': 4, 'Unknown': 7, '第2級': 2, '第3級': 1}",1,Y,Y,N,N
適合全家同遊。,適合 全家 同 遊,4,適合(25592) 全家(3316) 同(102917) 遊(6316),{'High': 4},"{'第3級': 1, '第4級': 1, 'Unknown': 2}",0,Y,N,N,N
平塔型山天氣多變，觀景得看老天臉色。,平塔型山 天氣 多變 觀 景 得 看 老天 臉色,9,平塔型山(Unknown) 天氣(11782) 多變(1603) 觀(12845) 景(12183) 得(573721) 看(444691) 老天(4067) 臉色(10744),"{'Low': 1, 'High': 8}","{'Unknown': 5, '第1*級': 1, '第6級': 1, '第5級': 1, '第3*級': 1}",1,Y,N,N,N
雲霧籠罩山頂彷彿鋪了桌布。,雲霧 籠罩 山頂 彷彿 鋪 了 桌布,7,雲霧(1382) 籠罩(3849) 山頂(4697) 彷彿(35009) 鋪(6440) 了(3199291) 桌布(463),{'High': 7},"{'Unknown': 5, '第6級': 2}",0,Y,N,N,N
到南非旅行，不要錯過開普敦，到了開普敦，就一定要去登上桌山，因為桌山不僅是開普敦著名的地標，也是眺望開普敦與開普半島最好的地方。,到 南非 旅行 不要 錯過 開普敦 到 了 開普敦 就 一定 要 去 登上 桌山 因為 桌山 不僅 是 開普敦 著名 的 地標 也 是 眺望 開普敦 與 開普半島 最好 的 地方,32,到(546906) 南非(2714) 旅行(18643) 不要(101931) 錯過(4695) 開普敦(331) 到(546906) 了(3199291) 開普敦(331) 就(1737544) 一定(138695) 要(851264) 去(479993) 登上(6844) 桌山(3) 因為(425061) 桌山(3) 不僅(43138) 是(4642407) 開普敦(331) 著名(20279) 的(16029838) 地標(888) 也(1590760) 是(4642407) 眺望(2306) 開普敦(331) 與(968432) 開普半島(3) 最好(22016) 的(16029838) 地方(139164),"{'High': 29, 'Low': 3}","{'第1級': 10, 'Unknown': 12, '第2級': 1, '第5級': 1, '第1*級': 3, '第6級': 2, '第7級': 1, '第4*級': 1, '第3級': 1}",5,Y,Y,N,N
桌山是南非開普敦著名的地標。,桌山 是 南非 開普敦 著名 的 地標,7,桌山(3) 是(4642407) 南非(2714) 開普敦(331) 著名(20279) 的(16029838) 地標(888),"{'Low': 1, 'High': 6}","{'Unknown': 3, '第1級': 2, '第6級': 1, '第7級': 1}",1,Y,N,N,N
桌山海拔1087公尺，以斷崖峭壁的山型聳立在開普敦市南郊，開普敦市其實就是在桌山與鄰旁的獅子頭山圍繞的山谷中所建立的城市，因此在開普敦市區只要一抬頭，都可以看得到桌山，而市區內的豪華旅館更是以觀賞桌山的風景，做為吸引旅客的號召項目之一。,桌山 海拔 1087 公尺 以 斷崖 峭壁 的 山型 聳立 在 開普敦市 南郊 開普敦市 其實 就 是 在 桌山 與 鄰旁 的 獅子頭山 圍繞 的 山谷 中 所 建立 的 城市 因此 在 開普敦 市區 只要 一 抬頭 都 可以 看 得 到 桌山 而 市區 內 的 豪華 旅館 更 是 以 觀賞 桌山 的 風景 做為 吸引 旅客 的 號召 項目 之 一,65,桌山(3) 海拔(2509) 1087(22) 公尺(19233) 以(547785) 斷崖(596) 峭壁(1479) 的(16029838) 山型(12) 聳立(1205) 在(3284238) 開普敦市(6) 南郊(327) 開普敦市(6) 其實(109290) 就(1737544) 是(4642407) 在(3284238) 桌山(3) 與(968432) 鄰旁(1) 的(16029838) 獅子頭山(3) 圍繞(5686) 的(16029838) 山谷(4906) 中(1011729) 所(527327) 建立(52946) 的(16029838) 城市(32018) 因此(184606) 在(3284238) 開普敦(331) 市區(3749) 只要(99140) 一(3701681) 抬頭(8747) 都(1125846) 可以(560531) 看(444691) 得(573721) 到(546906) 桌山(3) 而(937923) 市區(3749) 內(183051) 的(16029838) 豪華(4119) 旅館(12498) 更(361676) 是(4642407) 以(547785) 觀賞(5617) 桌山(3) 的(16029838) 風景(7771) 做為(19421) 吸引(20619) 旅客(3355) 的(16029838) 號召(2588) 項目(12387) 之(875481) 一(3701681),"{'Low': 10, 'High': 55}","{'Unknown': 19, '第6級': 3, '第4級': 2, '第5級': 10, '第7級': 2, '第1級': 15, '第1*級': 3, '第3*級': 3, '第4*級': 2, '第2級': 1, '第3級': 3, '第2*級': 2}",5,Y,Y,N,N
桌山整體而言是砂岩構造的平塔型山地，平坦的山頂地區橫長約三公里，從海上遠望桌山就像是一個桌台的形狀，最絕妙的是山頂地區的雲層，有時候會像白色的桌布那樣，平舖覆蓋在桌山頂上，使得桌山看起來更為名副其實。,桌山 整體 而言 是 砂岩 構造 的 平塔型 山地 平坦 的 山頂 地區 橫長 約 三 公里 從 海 上 遠望 桌山 就 像 是 一 個 桌台 的 形狀 最 絕妙 的 是 山頂 地區 的 雲層 有時候 會 像 白色 的 桌布 那樣 平 舖 覆蓋 在 桌山 頂上 使得 桌山 看起來 更為 名副其實,56,桌山(3) 整體(19788) 而言(Unknown) 是(4642407) 砂岩(152) 構造(4531) 的(16029838) 平塔型(Unknown) 山地(1919) 平坦(2430) 的(16029838) 山頂(4697) 地區(40339) 橫長(27) 約(47731) 三(313861) 公里(16646) 從(496546) 海(33696) 上(1233218) 遠望(545) 桌山(3) 就(1737544) 像(289494) 是(4642407) 一(3701681) 個(2296574) 桌台(Unknown) 的(16029838) 形狀(12003) 最(421680) 絕妙(1219) 的(16029838) 是(4642407) 山頂(4697) 地區(40339) 的(16029838) 雲層(1525) 有時候(24296) 會(1014977) 像(289494) 白色(16196) 的(16029838) 桌布(463) 那樣(45633) 平(10908) 舖(1306) 覆蓋(4177) 在(3284238) 桌山(3) 頂上(1725) 使得(30960) 桌山(3) 看起來(41830) 更為(14896) 名副其實(1020),"{'Low': 8, 'High': 48}","{'Unknown': 19, '第4*級': 3, '第1級': 14, '第5級': 2, '第6級': 3, '第4級': 3, '第3*級': 1, '第1*級': 7, '第2級': 1, '第3級': 2, '第7級': 1}",4,Y,N,N,N
開普敦是在桌山下建立的城市。,開普敦 是 在 桌山 下 建立 的 城市,8,開普敦(331) 是(4642407) 在(3284238) 桌山(3) 下(329549) 建立(52946) 的(16029838) 城市(32018),"{'High': 7, 'Low': 1}","{'Unknown': 2, '第1級': 2, '第1*級': 2, '第5級': 1, '第3級': 1}",1,Y,N,N,N
這塊桌布的形成，是因為大西洋與印度洋上不同溫度的冷熱空氣與雲層，在桌山附近產生快速的海風對流作用而產生的，最快的風速可以達到每小時一百公里，有如颱風的暴風，在這種天氣的時候，桌山的纜車會停開，所有旅遊活動就要全部停止，遊客只能在山腳下遠望桌山的奇景。,這 塊 桌布 的 形成 是 因為 大西洋 與 印度洋 上 不同 溫度 的 冷 熱 空氣 與 雲層 在 桌山 附近 產生 快速 的 海風 對流 作用 而 產生 的 最 快 的 風速 可以 達到 每 小時 一百 公里 有如 颱風 的 暴風 在 這 種 天氣 的 時候 桌山 的 纜車 會 停開 所有 旅遊 活動 就 要 全部 停止 遊客 只 能 在 山腳 下 遠望 桌山 的 奇景,73,這(2114032) 塊(54148) 桌布(463) 的(16029838) 形成(47486) 是(4642407) 因為(425061) 大西洋(1757) 與(968432) 印度洋(800) 上(1233218) 不同(159432) 溫度(6882) 的(16029838) 冷(17629) 熱(19720) 空氣(18137) 與(968432) 雲層(1525) 在(3284238) 桌山(3) 附近(32204) 產生(82753) 快速(20632) 的(16029838) 海風(1124) 對流(226) 作用(37837) 而(937923) 產生(82753) 的(16029838) 最(421680) 快(116207) 的(16029838) 風速(347) 可以(560531) 達到(35670) 每(333357) 小時(48521) 一百(17093) 公里(16646) 有如(10689) 颱風(3385) 的(16029838) 暴風(974) 在(3284238) 這(2114032) 種(701563) 天氣(11782) 的(16029838) 時候(199970) 桌山(3) 的(16029838) 纜車(382) 會(1014977) 停開(26) 所有(146771) 旅遊(8465) 活動(85743) 就(1737544) 要(851264) 全部(34039) 停止(18904) 遊客(4899) 只(436725) 能(582260) 在(3284238) 山腳(1939) 下(329549) 遠望(545) 桌山(3) 的(16029838) 奇景(515),"{'High': 69, 'Low': 4}","{'第1級': 21, 'Unknown': 15, '第6級': 3, '第1*級': 14, '第5級': 4, '第4*級': 5, '第3級': 2, '第4級': 5, '第2級': 3, '第7級': 1}",2,Y,Y,N,N
要等到雲霧散開，桌布掀去之後，才能登上桌山去遊玩。,要 等到 雲霧 散開 桌布 掀去 之後 才 能 登上 桌山 去 遊玩,13,要(851264) 等到(21150) 雲霧(1382) 散開(986) 桌布(463) 掀去(26) 之後(190467) 才(394539) 能(582260) 登上(6844) 桌山(3) 去(479993) 遊玩(1503),"{'High': 11, 'Low': 2}","{'第1級': 2, '第3*級': 1, 'Unknown': 6, '第4級': 1, '第2級': 1, '第1*級': 1, '第5級': 1}",0,Y,N,N,N
南非人笑說這是上帝用餐完畢離去了，才輪到凡人上山去，因此如果在開普敦看到桌山覆蓋著桌布，就無法安排上山去觀賞風景的遊程了。,南非人 笑說 這 是 上帝 用餐 完畢 離去 了 才 輪到 凡人 上山 去 因此 如果 在 開普敦 看到 桌山 覆蓋 著 桌布 就 無法 安排 上山 去 觀賞 風景 的 遊程 了,33,南非人(58) 笑說(1121) 這(2114032) 是(4642407) 上帝(22403) 用餐(4482) 完畢(4550) 離去(8931) 了(3199291) 才(394539) 輪到(3813) 凡人(2875) 上山(4033) 去(479993) 因此(184606) 如果(322121) 在(3284238) 開普敦(331) 看到(159419) 桌山(3) 覆蓋(4177) 著(1004687) 桌布(463) 就(1737544) 無法(150606) 安排(30105) 上山(4033) 去(479993) 觀賞(5617) 風景(7771) 的(16029838) 遊程(16) 了(3199291),"{'Low': 3, 'High': 30}","{'Unknown': 14, '第1級': 6, '第4*級': 3, '第6級': 2, '第2級': 2, '第1*級': 2, '第5級': 2, '第4級': 1, '第2*級': 1}",2,Y,Y,N,N
南非共有十八個國家公園，桌山是其中一個沒有設立國家公園管理處，而直接由位於開普敦隸屬國家公園委員會的南方公園管理部所經管的公園，遊客可以在開普敦長街的南方公園管理部取得有關桌山國家公園的各種相關資訊。,南非 共有 十八 個 國家 公園 桌山 是 其中 一 個 沒有 設立 國家 公園 管理處 而 直接 由 位於 開普敦 隸屬 國家 公園 委員會 的 南方 公園 管理 部 所 經管 的 公園 遊客 可以 在 開普敦 長街 的 南方 公園 管理 部 取得 有關 桌山 國家 公園 的 各 種 相關 資訊,54,南非(2714) 共有(692) 十八(13604) 個(2296574) 國家(109166) 公園(13910) 桌山(3) 是(4642407) 其中(95627) 一(3701681) 個(2296574) 沒有(594280) 設立(12114) 國家(109166) 公園(13910) 管理處(506) 而(937923) 直接(54798) 由(208604) 位於(19612) 開普敦(331) 隸屬(1299) 國家(109166) 公園(13910) 委員會(19419) 的(16029838) 南方(9043) 公園(13910) 管理(54484) 部(71567) 所(527327) 經管(113) 的(16029838) 公園(13910) 遊客(4899) 可以(560531) 在(3284238) 開普敦(331) 長街(5) 的(16029838) 南方(9043) 公園(13910) 管理(54484) 部(71567) 取得(25649) 有關(69607) 桌山(3) 國家(109166) 公園(13910) 的(16029838) 各(243023) 種(701563) 相關(41599) 資訊(37848),"{'High': 51, 'Low': 3}","{'Unknown': 15, '第1級': 10, '第1*級': 12, '第3*級': 1, '第5級': 3, '第3級': 1, '第4*級': 4, '第6級': 2, '第2級': 4, '第4級': 2}",4,Y,Y,N,N
遊客可以在開普敦長街的南方公園管理部取得有關桌山國家公園的各種相關資訊。,遊客 可以 在 開普敦 長街 的 南方 公園 管理 部 取得 有關 桌山 國家 公園 的 各 種 相關 資訊,20,遊客(4899) 可以(560531) 在(3284238) 開普敦(331) 長街(5) 的(16029838) 南方(9043) 公園(13910) 管理(54484) 部(71567) 取得(25649) 有關(69607) 桌山(3) 國家(109166) 公園(13910) 的(16029838) 各(243023) 種(701563) 相關(41599) 資訊(37848),"{'High': 18, 'Low': 2}","{'Unknown': 6, '第1級': 3, '第1*級': 4, '第4*級': 2, '第2級': 2, '第5級': 1, '第4級': 2}",1,Y,N,N,N
形容敦煌是戈壁內，最耀眼的一顆明珠，一也不為過。,形容 敦煌 是 戈壁 內 最 耀眼 的 一 顆 明珠 一 也 不為過,14,形容(25604) 敦煌(3935) 是(4642407) 戈壁(291) 內(183051) 最(421680) 耀眼(2484) 的(16029838) 一(3701681) 顆(32006) 明珠(1313) 一(3701681) 也(1590760) 不為過(832),{'High': 14},"{'第4*級': 1, 'Unknown': 3, '第1級': 5, '第3級': 2, '第1*級': 1, '第6級': 1, '第7級': 1}",1,Y,N,N,N
沒有人可以否定敦煌在歷史上的地位；走一趟敦煌之後，更讓人深深體會身為中國人的驕傲與悲哀。,沒有 人 可以 否定 敦煌 在 歷史 上 的 地位 走 一 趟 敦煌 之後 更 讓 人 深深 體會 身為 中國人 的 驕傲 與 悲哀,26,沒有(594280) 人(1550512) 可以(560531) 否定(9670) 敦煌(3935) 在(3284238) 歷史(96060) 上(1233218) 的(16029838) 地位(36831) 走(128453) 一(3701681) 趟(11585) 敦煌(3935) 之後(190467) 更(361676) 讓(526314) 人(1550512) 深深(13764) 體會(9519) 身為(18072) 中國人(22060) 的(16029838) 驕傲(7909) 與(968432) 悲哀(5068),{'High': 26},"{'第1級': 9, '第5級': 4, 'Unknown': 5, '第1*級': 1, '第3級': 1, '第4級': 3, '第2級': 1, '第6級': 1, '第4*級': 1}",1,Y,Y,N,N
這一切，正如戈壁灘上一望無垠的沙丘，無法一一細數，卻又如此真實的存在。,這 一切 正 如 戈壁灘 上 一望無垠 的 沙丘 無法 一一 細數 卻 又 如此 真實 的 存在,18,這(2114032) 一切(95523) 正(179334) 如(195069) 戈壁灘(38) 上(1233218) 一望無垠(59) 的(16029838) 沙丘(1043) 無法(150606) 一一(11524) 細數(535) 卻(333007) 又(535555) 如此(133083) 真實(36892) 的(16029838) 存在(75197),"{'High': 16, 'Low': 2}","{'第1級': 4, '第3*級': 2, 'Unknown': 5, '第5級': 3, '第7級': 1, '第4級': 1, '第1*級': 1, '第4*級': 1}",2,Y,N,N,N
正因為敦煌同時兼具自然與人文、知性與感性的豐富內涵，使它的觀光事業歷久不衰。,正 因為 敦煌 同時 兼具 自然 與 人文 知性 與 感性 的 豐富 內涵 使 它 的 觀光 事業 歷久不衰,20,正(179334) 因為(425061) 敦煌(3935) 同時(115305) 兼具(2204) 自然(91995) 與(968432) 人文(6474) 知性(2107) 與(968432) 感性(3960) 的(16029838) 豐富(24271) 內涵(6559) 使(197544) 它(316854) 的(16029838) 觀光(4478) 事業(32957) 歷久不衰(364),{'High': 20},"{'第3*級': 3, '第1*級': 2, 'Unknown': 1, '第6級': 5, '第4*級': 3, '第1級': 2, '第4級': 2, '第5級': 1, '第7級': 1}",1,Y,Y,N,N
敦煌位於甘肅省境內河西走廊的最西端，是一個古老的沙漠綠洲城市。,敦煌 位於 甘肅省 境 內 河西走廊 的 最 西端 是 一 個 古老 的 沙漠 綠洲 城市,17,敦煌(3935) 位於(19612) 甘肅省(3327) 境(15223) 內(183051) 河西走廊(Unknown) 的(16029838) 最(421680) 西端(187) 是(4642407) 一(3701681) 個(2296574) 古老(10197) 的(16029838) 沙漠(5582) 綠洲(637) 城市(32018),"{'High': 16, 'Low': 1}","{'Unknown': 6, '第6級': 1, '第3級': 2, '第1級': 5, '第1*級': 1, '第5級': 2}",2,Y,N,N,N
它的地理環境異常奇特，面向茫茫的戈壁，巍巍的崑崙山在其背後，西邊是浩瀚的塔克拉瑪干大沙漠，綿延的祈連山，則盤踞在它的東面。,它 的 地理 環境 異常 奇特 面向 茫茫 的 戈壁 巍巍 的 崑崙山 在 其 背後 西邊 是 浩瀚 的 塔克拉瑪干 大 沙漠 綿延 的 祈連山 則 盤踞 在 它 的 東面,32,它(316854) 的(16029838) 地理(7072) 環境(71054) 異常(10789) 奇特(5281) 面向(7743) 茫茫(1620) 的(16029838) 戈壁(291) 巍巍(228) 的(16029838) 崑崙山(246) 在(3284238) 其(307905) 背後(22697) 西邊(2495) 是(4642407) 浩瀚(1458) 的(16029838) 塔克拉瑪干(61) 大(525780) 沙漠(5582) 綿延(1560) 的(16029838) 祈連山(Unknown) 則(254096) 盤踞(600) 在(3284238) 它(316854) 的(16029838) 東面(622),"{'High': 30, 'Low': 2}","{'第1*級': 4, '第1級': 8, '第4*級': 2, '第3級': 1, '第5級': 5, '第6級': 2, 'Unknown': 7, '第7級': 3}",3,Y,N,N,Y
如此多變的地貌，孕育出敦煌的靈秀、神奇與不凡。,如此 多變 的 地貌 孕育出 敦煌 的 靈秀 神奇 與 不凡,11,如此(133083) 多變(1603) 的(16029838) 地貌(365) 孕育出(464) 敦煌(3935) 的(16029838) 靈秀(141) 神奇(8107) 與(968432) 不凡(1771),{'High': 11},"{'第5級': 2, 'Unknown': 5, '第1級': 2, '第4*級': 1, '第6級': 1}",1,Y,Y,N,N
敦煌的海拔有一千一百三十八公尺，總面積達三萬一千二百平方公里，只比台灣小一些。,敦煌 的 海拔 有 一千一百三十八 公尺 總面積 達 三萬一千二百 平方公里 只 比 台灣 小 一些,15,敦煌(3935) 的(16029838) 海拔(2509) 有(2217079) 一千一百三十八(3) 公尺(19233) 總面積(332) 達(25383) 三萬一千二百(3) 平方公里(1294) 只(436725) 比(170486) 台灣(130718) 小(318835) 一些(156929),"{'High': 13, 'Low': 2}","{'Unknown': 6, '第1級': 4, '第6級': 1, '第4級': 1, '第1*級': 3}",4,Y,N,N,N
不過，綠洲只占總面積的百分之三不到，登高放眼四處，多是茫茫無邊的沙漠。,不過 綠洲 只 占 總面積 的 百分之三 不 到 登高 放眼 四 處 多 是 茫茫 無邊 的 沙漠,19,不過(186226) 綠洲(637) 只(436725) 占(14546) 總面積(332) 的(16029838) 百分之三(292) 不(2282521) 到(546906) 登高(659) 放眼(1800) 四(141667) 處(84410) 多(318992) 是(4642407) 茫茫(1620) 無邊(1764) 的(16029838) 沙漠(5582),{'High': 19},"{'第2級': 1, 'Unknown': 6, '第1*級': 1, '第5級': 2, '第1級': 7, '第6級': 2}",2,Y,Y,N,N
多虧有了高原和雪峰上的雪水滋潤，才使得這片綠洲，得以留下代代中國人的文明。,多虧 有 了 高原 和 雪峰 上 的 雪水 滋潤 才 使得 這 片 綠洲 得以 留下 代代 中國人 的 文明,21,多虧(1506) 有(2217079) 了(3199291) 高原(1557) 和(1338337) 雪峰(183) 上(1233218) 的(16029838) 雪水(211) 滋潤(1252) 才(394539) 使得(30960) 這(2114032) 片(71870) 綠洲(637) 得以(20774) 留下(29992) 代代(1416) 中國人(22060) 的(16029838) 文明(17878),{'High': 21},"{'第6級': 3, '第1級': 5, 'Unknown': 7, '第7級': 1, '第2級': 2, '第5級': 2, '第3*級': 1}",1,Y,Y,N,N
敦煌的光芒，之所以能夠吸引世人的目光，在於它擁有佛教藝術寶庫莫高窟、名震漢唐，獨領風騷數千年的陽剛、玉門關。,敦煌 的 光芒 之所以 能夠 吸引 世人 的 目光 在於 它 擁有 佛教 藝術 寶庫 莫高窟 名 震 漢唐 獨領 風騷 數千 年 的 陽剛 玉門關,26,敦煌(3935) 的(16029838) 光芒(6405) 之所以(21602) 能夠(96422) 吸引(20619) 世人(7330) 的(16029838) 目光(12698) 在於(37953) 它(316854) 擁有(55809) 佛教(12456) 藝術(80645) 寶庫(982) 莫高窟(379) 名(136287) 震(3078) 漢唐(406) 獨領(202) 風騷(637) 數千(4849) 年(514736) 的(16029838) 陽剛(977) 玉門關(141),{'High': 26},"{'Unknown': 10, '第1級': 4, '第5級': 5, '第4級': 2, '第6級': 2, '第1*級': 1, '第2級': 1, '第7級': 1}",3,Y,Y,N,Y
另外，境內的自然景觀的鳴沙山、月牙泉，更只能用「美絕人寰」四個字來形容。,另外 境 內 的 自然 景觀 的 鳴沙山 月牙泉 更 只 能 用 美絕人寰 四 個 字 來 形容,19,另外(48233) 境(15223) 內(183051) 的(16029838) 自然(91995) 景觀(4987) 的(16029838) 鳴沙山(14) 月牙泉(44) 更(361676) 只(436725) 能(582260) 用(377038) 美絕人寰(Unknown) 四(141667) 個(2296574) 字(75654) 來(742183) 形容(25604),"{'High': 16, 'Low': 3}","{'第3級': 2, 'Unknown': 5, '第1級': 7, '第3*級': 1, '第6級': 1, '第1*級': 2, '第4*級': 1}",3,Y,Y,N,N
莫高窟美名揚。,莫高窟 美名 揚,3,莫高窟(379) 美名(779) 揚(3134),{'High': 3},"{'Unknown': 2, '第7級': 1}",1,Y,N,N,N
佛教藝術總匯敦煌莫高窟，俗稱千佛洞，位於敦煌城東南二十五公里鳴沙山東麓的崖壁上，南北綿延一千六百公尺。,佛教 藝術 總匯 敦煌 莫高窟 俗稱 千佛洞 位於 敦煌城 東南 二十五 公里 鳴沙山 東麓 的 崖壁 上 南北 綿延 一千六百 公尺,21,佛教(12456) 藝術(80645) 總匯(56) 敦煌(3935) 莫高窟(379) 俗稱(3316) 千佛洞(36) 位於(19612) 敦煌城(8) 東南(4826) 二十五(7894) 公里(16646) 鳴沙山(14) 東麓(65) 的(16029838) 崖壁(230) 上(1233218) 南北(4305) 綿延(1560) 一千六百(293) 公尺(19233),"{'High': 16, 'Low': 5}","{'第5級': 1, '第4級': 3, 'Unknown': 12, '第6級': 2, '第1級': 2, '第7級': 1}",6,Y,N,N,Y
根據唐代碑文記載，莫高窟建於前秦建元二年(西元三百六十六年)，到唐代武則天時期，已有一千多個窟龕。,根據 唐代 碑文 記載 莫高窟 建 於 前秦 建元 二年 西元 三百六十六年 到 唐代 武則天 時期 已 有 一千多 個 窟龕,21,根據(51908) 唐代(3772) 碑文(1032) 記載(18376) 莫高窟(379) 建(13839) 於(327210) 前秦(9) 建元(188) 二年(2650) 西元(19393) 三百六十六年(Unknown) 到(546906) 唐代(3772) 武則天(2331) 時期(47839) 已(215610) 有(2217079) 一千多(1368) 個(2296574) 窟龕(4),"{'High': 18, 'Low': 3}","{'第4*級': 3, 'Unknown': 12, '第5級': 2, '第1級': 3, '第3級': 1}",4,Y,N,N,Y
雖經長期自然與人為的破壞，至今仍保留十六國、北魏、西魏、北周、隋、唐、五代、宋、西夏、元等十個朝代，共四百九十四個洞窟。,雖 經 長期 自然 與 人為 的 破壞 至今 仍 保留 十六 國 北魏 西魏 北周 隋 唐 五代 宋 西夏 元 等 十 個 朝代 共 四百九十四 個 洞窟,30,雖(48164) 經(38471) 長期(28592) 自然(91995) 與(968432) 人為(3154) 的(16029838) 破壞(18326) 至今(14540) 仍(92056) 保留(11400) 十六(10564) 國(73377) 北魏(2579) 西魏(338) 北周(578) 隋(3449) 唐(11933) 五代(1073) 宋(13341) 西夏(650) 元(60807) 等(327380) 十(77415) 個(2296574) 朝代(1630) 共(32138) 四百九十四(5) 個(2296574) 洞窟(673),"{'High': 29, 'Low': 1}","{'第2級': 1, 'Unknown': 14, '第3*級': 2, '第4*級': 1, '第6級': 2, '第1級': 6, '第4級': 2, '第5級': 1, '第1*級': 1}",1,Y,Y,N,N
莫高窟擁有當今世界最豐富的佛教藝術遺產。,莫高窟 擁有 當今 世界 最 豐富 的 佛教 藝術 遺產,10,莫高窟(379) 擁有(55809) 當今(5534) 世界(165235) 最(421680) 豐富(24271) 的(16029838) 佛教(12456) 藝術(80645) 遺產(4520),{'High': 10},"{'Unknown': 1, '第5級': 4, '第2級': 1, '第1*級': 1, '第4級': 2, '第1級': 1}",1,Y,N,N,Y
莫高窟的威名遠播，在於它保留了長達四萬五千多平方公尺的中國歷代壁畫、彩塑二千四百多身，唐宋木構窟檐五座，是中國也是世界現存規模最大、保存也完整的佛教藝術寶庫，(如果把窟內所有的壁畫展開、排列，將長達三十公里)。,莫高窟 的 威名 遠播 在於 它 保留 了 長達 四萬五千多 平方公尺 的 中國 歷代 壁畫 彩塑 二千四百多 身 唐 宋 木構 窟檐 五 座 是 中國 也 是 世界 現存 規模 最 大 保存 也 完整 的 佛教 藝術 寶庫 如果 把 窟 內 所有 的 壁畫 展開 排列 將 長達 三十 公里,53,莫高窟(379) 的(16029838) 威名(613) 遠播(671) 在於(37953) 它(316854) 保留(11400) 了(3199291) 長達(6188) 四萬五千多(11) 平方公尺(820) 的(16029838) 中國(214840) 歷代(4542) 壁畫(2990) 彩塑(79) 二千四百多(9) 身(122324) 唐(11933) 宋(13341) 木構(141) 窟檐(1) 五(112649) 座(49959) 是(4642407) 中國(214840) 也(1590760) 是(4642407) 世界(165235) 現存(2653) 規模(17762) 最(421680) 大(525780) 保存(10152) 也(1590760) 完整(19201) 的(16029838) 佛教(12456) 藝術(80645) 寶庫(982) 如果(322121) 把(617773) 窟(542) 內(183051) 所有(146771) 的(16029838) 壁畫(2990) 展開(17154) 排列(6361) 將(448374) 長達(6188) 三十(24336) 公里(16646),"{'High': 49, 'Low': 4}","{'Unknown': 19, '第1級': 12, '第7級': 1, '第6級': 2, '第1*級': 2, '第5級': 6, '第4*級': 3, '第3*級': 1, '第2級': 4, '第4級': 2, '第3級': 1}",4,Y,Y,N,Y
值得一提的是，這些先人遺留下來的壁畫，記錄了古代狩獵、打漁、耕作、收割、蓋房子等生動的勞動場面；也有婚喪、嫁娶、作戰、行醫以及酒肆等社會生活的描繪，讓現代人得以藉由壁畫的欣賞，輕易地回到從前。,值得 一 提 的 是 這些 先人 遺留下來 的 壁畫 記錄 了 古代 狩獵 打漁 耕作 收割 蓋 房子 等 生動 的 勞動 場面 也 有 婚喪 嫁娶 作戰 行醫 以及 酒肆 等 社會 生活 的 描繪 讓 現代人 得以 藉由 壁畫 的 欣賞 輕易 地 回到 從前,48,值得(34362) 一(3701681) 提(33635) 的(16029838) 是(4642407) 這些(315113) 先人(1061) 遺留下來(767) 的(16029838) 壁畫(2990) 記錄(18871) 了(3199291) 古代(18507) 狩獵(2902) 打漁(40) 耕作(1603) 收割(1330) 蓋(21495) 房子(31430) 等(327380) 生動(5889) 的(16029838) 勞動(10802) 場面(8744) 也(1590760) 有(2217079) 婚喪(113) 嫁娶(342) 作戰(13636) 行醫(819) 以及(155624) 酒肆(213) 等(327380) 社會(176660) 生活(213189) 的(16029838) 描繪(9235) 讓(526314) 現代人(6277) 得以(20774) 藉由(15664) 壁畫(2990) 的(16029838) 欣賞(17817) 輕易(10800) 地(754998) 回到(60084) 從前(12248),"{'High': 47, 'Low': 1}","{'第4級': 3, '第1級': 9, '第3級': 2, 'Unknown': 12, '第7級': 3, '第4*級': 2, '第6級': 6, '第1*級': 1, '第3*級': 3, '第5級': 4, '第2級': 2, '第2*級': 1}",2,Y,Y,N,Y
除此之外，壁畫還保留了歷代各族人的衣冠服飾、裝飾圖案以及音樂、舞蹈、雜技等古代藝術活動。,除此之外 壁畫 還 保留 了 歷代 各 族人 的 衣冠 服飾 裝飾 圖案 以及 音樂 舞蹈 雜技 等 古代 藝術 活動,21,除此之外(6309) 壁畫(2990) 還(625086) 保留(11400) 了(3199291) 歷代(4542) 各(243023) 族人(4691) 的(16029838) 衣冠(785) 服飾(3633) 裝飾(8122) 圖案(6460) 以及(155624) 音樂(48523) 舞蹈(6633) 雜技(342) 等(327380) 古代(18507) 藝術(80645) 活動(85743),{'High': 21},"{'第5級': 6, 'Unknown': 5, '第6級': 2, '第2級': 3, '第1級': 1, '第7級': 1, '第3*級': 1, '第4*級': 1, '第4級': 1}",1,Y,Y,N,N
令人雀躍的是，目前包括飛天、反彈琵琶等具有代表性的壁畫，都已開放供外界參觀，敦煌迷將可大飽眼福。,令 人 雀躍 的 是 目前 包括 飛天 反彈 琵琶 等 具有 代表性 的 壁畫 都 已 開放 供 外界 參觀 敦煌迷 將 可 大飽眼福,25,令(128742) 人(1550512) 雀躍(1454) 的(16029838) 是(4642407) 目前(48695) 包括(74410) 飛天(506) 反彈(2045) 琵琶(1574) 等(327380) 具有(60702) 代表性(3248) 的(16029838) 壁畫(2990) 都(1125846) 已(215610) 開放(17546) 供(17109) 外界(9618) 參觀(9034) 敦煌迷(Unknown) 將(448374) 可(307359) 大飽眼福(38),"{'High': 23, 'Low': 2}","{'第5級': 3, '第1級': 5, '第7級': 1, '第4級': 2, '第3*級': 3, 'Unknown': 7, '第6級': 2, '第3級': 1, '第4*級': 1}",3,Y,Y,N,N
壁畫經書遭竊折損令人心碎，到莫高窟參觀，固然可以滿足中國人的驕傲及虛榮心，但是面對一塊塊被外國考古學家竊取、不完整的壁畫，則讓人心情無比沈重。,壁畫 經書 遭竊 折損 令 人 心碎 到 莫高窟 參觀 固然 可以 滿足 中國人 的 驕傲 及 虛榮心 但是 面對 一塊塊 被 外國 考古學家 竊取 不 完整 的 壁畫 則 讓 人 心情 無比 沈重,35,壁畫(2990) 經書(1389) 遭竊(197) 折損(495) 令(128742) 人(1550512) 心碎(1063) 到(546906) 莫高窟(379) 參觀(9034) 固然(8462) 可以(560531) 滿足(29073) 中國人(22060) 的(16029838) 驕傲(7909) 及(304586) 虛榮心(650) 但是(247988) 面對(62914) 一塊塊(741) 被(540683) 外國(13057) 考古學家(1115) 竊取(778) 不(2282521) 完整(19201) 的(16029838) 壁畫(2990) 則(254096) 讓(526314) 人(1550512) 心情(33611) 無比(9025) 沈重(1167),{'High': 35},"{'Unknown': 10, '第7級': 1, '第5級': 5, '第1級': 7, '第6級': 3, '第3*級': 2, '第4級': 1, '第2級': 3, '第4*級': 2, '第1*級': 1}",5,Y,Y,N,N
其中尤以藏經洞的故事，最令人喟嘆與心痛。,其中 尤以 藏經洞 的 故事 最 令 人 喟嘆 與 心痛,11,其中(95627) 尤以(706) 藏經洞(95) 的(16029838) 故事(101316) 最(421680) 令(128742) 人(1550512) 喟嘆(156) 與(968432) 心痛(1590),"{'High': 10, 'Low': 1}","{'第3*級': 1, 'Unknown': 3, '第1級': 2, '第2級': 1, '第1*級': 1, '第5級': 2, '第4*級': 1}",1,Y,Y,N,N
整修過的莫高石窟。,整修 過 的 莫高 石窟,5,整修(1502) 過(412878) 的(16029838) 莫高(1) 石窟(670),"{'High': 4, 'Low': 1}","{'第6級': 1, '第1*級': 1, '第1級': 1, 'Unknown': 2}",0,Y,N,N,N
西元一九00年，道士王圓籙在莫高窟的第十七號洞窟，發現藏經洞，洞裡藏有從西元四世紀到十世紀近十個朝代的各種歷史文書、文物五萬多件。,西元 一九00年 道士 王圓籙 在 莫高窟 的 第十七 號 洞窟 發現 藏經洞 洞 裡 藏有 從 西元 四世紀 到 十世紀 近 十 個 朝代 的 各 種 歷史 文書 文物 五萬多 件,32,西元(19393) 一九00年(Unknown) 道士(2972) 王圓籙(3) 在(3284238) 莫高窟(379) 的(16029838) 第十七(942) 號(26108) 洞窟(673) 發現(175233) 藏經洞(95) 洞(18212) 裡(520435) 藏有(1096) 從(496546) 西元(19393) 四世紀(355) 到(546906) 十世紀(267) 近(43555) 十(77415) 個(2296574) 朝代(1630) 的(16029838) 各(243023) 種(701563) 歷史(96060) 文書(3630) 文物(5405) 五萬多(96) 件(139257),"{'High': 28, 'Low': 4}","{'第4*級': 2, 'Unknown': 13, '第6級': 3, '第1*級': 4, '第1級': 5, '第2級': 3, '第4級': 1, '第3級': 1}",8,Y,N,N,Y
除了漢文寫本外，還有古藏文、梵文、回鶻文、龜茲文等，極具考古價值，此為日後敦煌學的起源。,除了 漢文 寫本 外 還 有 古 藏文 梵文 回鶻文 龜茲文 等 極 具 考古 價值 此 為 日後 敦煌學 的 起源,22,除了(75964) 漢文(1965) 寫本(1101) 外(109310) 還(625086) 有(2217079) 古(21972) 藏文(209) 梵文(1136) 回鶻文(15) 龜茲文(3) 等(327380) 極(61390) 具(41661) 考古(2073) 價值(58784) 此(288458) 為(761341) 日後(12851) 敦煌學(143) 的(16029838) 起源(4068),"{'High': 20, 'Low': 2}","{'第3*級': 3, '第7級': 2, 'Unknown': 10, '第1級': 3, '第6級': 2, '第4*級': 1, '第5級': 1}",3,Y,Y,N,N
然而藏經洞被發現之後，先後遭到英國斯坦因、法國伯希和、美國華爾納等人的竊盜、掠奪。,然而 藏經洞 被 發現 之後 先後 遭到 英國 斯坦因 法國 伯希和 美國 華爾納 等 人 的 竊盜 掠奪,18,然而(94482) 藏經洞(95) 被(540683) 發現(175233) 之後(190467) 先後(8709) 遭到(16228) 英國(44248) 斯坦因(19) 法國(29029) 伯希和(38) 美國(148299) 華爾納(167) 等(327380) 人(1550512) 的(16029838) 竊盜(429) 掠奪(2091),"{'High': 15, 'Low': 3}","{'第5級': 2, 'Unknown': 6, '第2級': 2, '第4級': 1, '第1級': 5, '第3*級': 1, '第7級': 1}",4,Y,Y,N,Y
其中斯坦因更在連哄帶騙，外加收買的情況下，一次就劫走寫本、文物二十九大箱。,其中 斯坦因 更 在 連哄帶騙 外加 收買 的 情況 下 一 次 就 劫走 寫本 文物 二十九 大 箱,19,其中(95627) 斯坦因(19) 更(361676) 在(3284238) 連哄帶騙(Unknown) 外加(2016) 收買(1609) 的(16029838) 情況(92301) 下(329549) 一(3701681) 次(331701) 就(1737544) 劫走(185) 寫本(1101) 文物(5405) 二十九(1658) 大(525780) 箱(3893),"{'High': 17, 'Low': 2}","{'第3*級': 2, 'Unknown': 8, '第1*級': 2, '第6級': 1, '第1級': 4, '第4級': 1, '第2級': 1}",3,Y,N,N,Y
就這樣敦煌遺書遭受到極大的破壞和損失。,就 這樣 敦煌 遺書 遭受到 極 大 的 破壞 和 損失,11,就(1737544) 這樣(288344) 敦煌(3935) 遺書(1281) 遭受到(730) 極(61390) 大(525780) 的(16029838) 破壞(18326) 和(1338337) 損失(10271),{'High': 11},"{'第1級': 3, '第3級': 1, 'Unknown': 4, '第3*級': 1, '第4級': 1, '第5級': 1}",1,Y,Y,N,N
正因為大部分流落國外，曾有人形容「敦煌在中國，敦煌學在國外」，真是何等的悲哀。,正 因為 大部分 流落 國外 曾 有 人 形容 敦煌 在 中國 敦煌學 在 國外 真是 何等 的 悲哀,19,正(179334) 因為(425061) 大部分(32534) 流落(1074) 國外(8646) 曾(132981) 有(2217079) 人(1550512) 形容(25604) 敦煌(3935) 在(3284238) 中國(214840) 敦煌學(143) 在(3284238) 國外(8646) 真是(17243) 何等(2931) 的(16029838) 悲哀(5068),{'High': 19},"{'第3*級': 1, '第1*級': 3, 'Unknown': 4, '第7級': 1, '第4級': 3, '第1級': 4, '第4*級': 1, '第6級': 1, '第5級': 1}",2,Y,Y,N,N
關於第十七窟之謎，日本人還特別搬上銀幕，劇名就叫「敦煌」。,關於 第十七 窟 之 謎 日本人 還 特別 搬上 銀幕 劇名 就 叫 敦煌,14,關於(45000) 第十七(942) 窟(542) 之(875481) 謎(4807) 日本人(15735) 還(625086) 特別(91212) 搬上(1093) 銀幕(5298) 劇名(114) 就(1737544) 叫(111645) 敦煌(3935),{'High': 14},"{'第4*級': 1, 'Unknown': 7, '第5級': 2, '第2級': 1, '第6級': 1, '第1級': 2}",2,Y,N,N,N
敦煌國際馳名日本人尤其愛一九八七年十二月，莫高窟被聯合國教科文組織列為世界文化遺產，一有風吹草動，很容易就引起世界的關注。,敦煌 國際 馳名 日本人 尤其 愛 一九八七年 十二月 莫高窟 被 聯合國 教科文 組織 列為 世界 文化 遺產 一 有 風吹草動 很 容易 就 引起 世界 的 關注,27,敦煌(3935) 國際(40846) 馳名(350) 日本人(15735) 尤其(50700) 愛(124337) 一九八七年(1819) 十二月(13715) 莫高窟(379) 被(540683) 聯合國(4377) 教科文(697) 組織(69485) 列為(3260) 世界(165235) 文化(115697) 遺產(4520) 一(3701681) 有(2217079) 風吹草動(413) 很(715675) 容易(80831) 就(1737544) 引起(36729) 世界(165235) 的(16029838) 關注(11722),{'High': 27},"{'Unknown': 8, '第4級': 1, '第3*級': 1, '第1級': 7, '第2級': 4, '第5級': 4, '第7級': 1, '第4*級': 1}",7,Y,N,N,N
幾年前，一位日本記者，在參觀莫高窟時拍下工人砍樹的照片，並在日本媒體大肆報導，立即引起國際輿論的重視。,幾 年 前 一 位 日本 記者 在 參觀 莫高窟 時 拍下 工人 砍 樹 的 照片 並 在 日本 媒體 大肆 報導 立即 引起 國際 輿論 的 重視,29,幾(229415) 年(514736) 前(272709) 一(3701681) 位(284809) 日本(105587) 記者(23855) 在(3284238) 參觀(9034) 莫高窟(379) 時(623734) 拍下(932) 工人(13089) 砍(6113) 樹(34746) 的(16029838) 照片(25355) 並(442790) 在(3284238) 日本(105587) 媒體(32308) 大肆(3010) 報導(27311) 立即(28594) 引起(36729) 國際(40846) 輿論(4125) 的(16029838) 重視(23501),{'High': 29},"{'第1級': 9, '第4級': 4, '第1*級': 2, '第3*級': 3, 'Unknown': 2, '第4*級': 3, '第2級': 2, '第7級': 1, '第5級': 2, '第6級': 1}",1,Y,Y,N,N
經敦煌文物研究所人員瞭解後發現，砍樹工人只不過是砍除一棵枯樹，準備種上新樹而已。,經 敦煌 文物 研究所 人員 瞭解 後 發現 砍 樹 工人 只不過 是 砍除 一 棵 枯樹 準備 種上 新 樹 而已,22,經(38471) 敦煌(3935) 文物(5405) 研究所(12287) 人員(49261) 瞭解(28366) 後(422857) 發現(175233) 砍(6113) 樹(34746) 工人(13089) 只不過(11028) 是(4642407) 砍除(67) 一(3701681) 棵(12832) 枯樹(249) 準備(64901) 種上(218) 新(212453) 樹(34746) 而已(43005),"{'High': 21, 'Low': 1}","{'Unknown': 7, '第4級': 3, '第5級': 1, '第3*級': 2, '第1級': 4, '第2級': 4, '第4*級': 1}",2,Y,N,N,N
最近又有人盛傳莫高窟即將在年底封閉，連當地人都深信不已。,最近 又 有 人 盛傳 莫高窟 即將 在 年底 封閉 連 當地人 都 深信 不已,15,最近(30174) 又(535555) 有(2217079) 人(1550512) 盛傳(440) 莫高窟(379) 即將(16780) 在(3284238) 年底(2450) 封閉(4745) 連(91153) 當地人(2867) 都(1125846) 深信(3525) 不已(11973),{'High': 15},"{'第2級': 1, '第1*級': 2, '第1級': 3, 'Unknown': 4, '第6級': 3, '第5級': 1, '第3*級': 1}",2,Y,Y,N,N
台灣很多專門走絲路的旅行團，即以此大作廣告。,台灣 很多 專門 走 絲路 的 旅行團 即 以 此 大 作 廣告,13,台灣(130718) 很多(113128) 專門(13209) 走(128453) 絲路(395) 的(16029838) 旅行團(364) 即(110826) 以(547785) 此(288458) 大(525780) 作(78184) 廣告(30189),{'High': 13},"{'第1級': 4, 'Unknown': 4, '第4*級': 1, '第6級': 1, '第5級': 2, '第4級': 1}",1,Y,N,N,N
不過，莫高窟的一位導覽鄭重加以否認。,不過 莫高窟 的 一 位 導覽 鄭重 加以 否認,9,不過(186226) 莫高窟(379) 的(16029838) 一(3701681) 位(284809) 導覽(1274) 鄭重(1865) 加以(25724) 否認(8670),{'High': 9},"{'第2級': 1, 'Unknown': 1, '第1級': 3, '第7級': 2, '第6級': 1, '第5級': 1}",1,Y,Y,N,N
他強調，每隔一陣子，就有新的傳言出現，他們都麻木了。,他 強調 每隔 一陣子 就 有 新 的 傳言 出現 他們 都 麻木 了,14,他(2487930) 強調(36095) 每隔(3099) 一陣子(7466) 就(1737544) 有(2217079) 新(212453) 的(16029838) 傳言(2299) 出現(124694) 他們(716752) 都(1125846) 麻木(1658) 了(3199291),{'High': 14},"{'第1級': 7, '第5級': 1, 'Unknown': 2, '第4*級': 1, '第6級': 2, '第4級': 1}",1,Y,N,N,N
古名沙州的敦煌，一直是日本人的最愛，曾有一位有錢的日本觀光客，放棄觀光飯店不住，寧可在戈壁灘搭帳棚住上一夜，看在本地人眼裡，日本人實在有夠古怪。,古 名 沙州 的 敦煌 一直 是 日本人 的 最愛 曾 有 一 位 有錢 的 日本 觀光客 放棄 觀光 飯店 不 住 寧可 在 戈壁灘 搭 帳棚 住上 一 夜 看 在 本地人 眼 裡 日本人 實在 有夠 古怪,40,古(21972) 名(136287) 沙州(79) 的(16029838) 敦煌(3935) 一直(119877) 是(4642407) 日本人(15735) 的(16029838) 最愛(1190) 曾(132981) 有(2217079) 一(3701681) 位(284809) 有錢(7182) 的(16029838) 日本(105587) 觀光客(2140) 放棄(27664) 觀光(4478) 飯店(9669) 不(2282521) 住(69815) 寧可(5109) 在(3284238) 戈壁灘(38) 搭(16185) 帳棚(459) 住上(81) 一(3701681) 夜(31283) 看(444691) 在(3284238) 本地人(859) 眼(71964) 裡(520435) 日本人(15735) 實在(51634) 有夠(385) 古怪(4362),"{'High': 37, 'Low': 3}","{'Unknown': 12, '第2級': 2, '第1級': 10, '第4級': 4, '第2*級': 2, '第1*級': 4, '第4*級': 1, '第3級': 1, '第3*級': 2, '第5級': 2}",5,Y,N,N,N
也有二十一位日本和尚組成的觀光團，要求陪同到莫高窟的男地陪理光頭，結果每人給他一萬元日幣，成了轟動當地的大新聞。,也 有 二十一 位 日本 和尚 組成 的 觀光團 要求 陪同到 莫高窟 的 男 地陪 理 光頭 結果 每 人 給他 一萬 元 日幣 成 了 轟動 當地 的 大 新聞,31,也(1590760) 有(2217079) 二十一(3868) 位(284809) 日本(105587) 和尚(13237) 組成(20095) 的(16029838) 觀光團(67) 要求(71192) 陪同到(Unknown) 莫高窟(379) 的(16029838) 男(23928) 地陪(59) 理(13275) 光頭(977) 結果(114008) 每(333357) 人(1550512) 給他(Unknown) 一萬(5844) 元(60807) 日幣(762) 成(76470) 了(3199291) 轟動(2232) 當地(23011) 的(16029838) 大(525780) 新聞(40430),"{'High': 27, 'Low': 4}","{'第1級': 10, 'Unknown': 11, '第6級': 2, '第3*級': 2, '第1*級': 2, '第7級': 1, '第4*級': 2, '第3級': 1}",4,Y,N,N,N
敦煌仿古城再現邊關風采。,敦煌 仿古 城 再現 邊關 風采,6,敦煌(3935) 仿古(188) 城(42831) 再現(4275) 邊關(145) 風采(1106),{'High': 6},"{'Unknown': 4, '第3級': 1, '第7級': 1}",0,Y,N,N,N
日本人對於敦煌的著迷，除了絡繹不絕的旅行團、散客之外，日本人拍電影所留下的敦煌仿古城，無疑是另一項記錄。,日本人 對於 敦煌 的 著迷 除了 絡繹不絕 的 旅行團 散客 之外 日本人 拍 電影 所 留下 的 敦煌 仿古 城 無疑 是 另 一 項 記錄,26,日本人(15735) 對於(99570) 敦煌(3935) 的(16029838) 著迷(3061) 除了(75964) 絡繹不絕(664) 的(16029838) 旅行團(364) 散客(24) 之外(45757) 日本人(15735) 拍(28875) 電影(115295) 所(527327) 留下(29992) 的(16029838) 敦煌(3935) 仿古(188) 城(42831) 無疑(9238) 是(4642407) 另(138369) 一(3701681) 項(88887) 記錄(18871),"{'High': 25, 'Low': 1}","{'Unknown': 8, '第5級': 3, '第1級': 5, '第6級': 1, '第3*級': 2, '第7級': 1, '第3級': 3, '第1*級': 1, '第2級': 1, '第4級': 1}",4,Y,N,N,N
敦煌古城又名「仿宋沙州城」、「敦煌電影城」，是一九八七年日本人拍攝敦煌一片所搭建。,敦煌 古城 又 名 仿 宋 沙州城 敦煌 電影城 是 一九八七年 日本人 拍攝 敦煌 一 片 所 搭建,18,敦煌(3935) 古城(1274) 又(535555) 名(136287) 仿(2192) 宋(13341) 沙州城(5) 敦煌(3935) 電影城(76) 是(4642407) 一九八七年(1819) 日本人(15735) 拍攝(15537) 敦煌(3935) 一(3701681) 片(71870) 所(527327) 搭建(1279),"{'High': 16, 'Low': 2}","{'Unknown': 10, '第1*級': 1, '第2級': 3, '第1級': 2, '第5級': 1, '第7級': 1}",4,Y,N,N,N
現已成為中國西部最大的影視拍攝片場、知名的定點旅遊區。,現已 成為 中國 西部 最 大 的 影視 拍攝 片場 知名 的 定點 旅遊區,14,現已(1218) 成為(143834) 中國(214840) 西部(5186) 最(421680) 大(525780) 的(16029838) 影視(1035) 拍攝(15537) 片場(263) 知名(9697) 的(16029838) 定點(824) 旅遊區(34),"{'High': 13, 'Low': 1}","{'Unknown': 5, '第5級': 3, '第1級': 4, '第1*級': 1, '第7級': 1}",1,Y,N,N,N
至今並已拍攝敦煌、封神榜、怒劍狂風沙等二十餘部中外影片。,至今 並 已 拍攝 敦煌 封神榜 怒 劍 狂風 沙 等 二十餘 部 中外 影片,15,至今(14540) 並(442790) 已(215610) 拍攝(15537) 敦煌(3935) 封神榜(154) 怒(4927) 劍(19176) 狂風(2517) 沙(6325) 等(327380) 二十餘(1516) 部(71567) 中外(2790) 影片(33145),{'High': 15},"{'Unknown': 6, '第4*級': 2, '第3級': 1, '第5級': 2, '第6級': 1, '第3*級': 1, '第2級': 1, '第4級': 1}",2,Y,Y,N,Y
敦煌仿古城已成中國西北的大片場。,敦煌 仿古 城 已 成 中國 西北 的 大 片場,10,敦煌(3935) 仿古(188) 城(42831) 已(215610) 成(76470) 中國(214840) 西北(5567) 的(16029838) 大(525780) 片場(263),{'High': 10},"{'Unknown': 4, '第3級': 2, '第4*級': 1, '第1級': 3}",0,Y,N,N,N
在敦煌古城的參觀入場券上是這樣描述的：敦煌古城再現唐宋西北重鎮敦煌雄姿，城內完整的建築，精美亂真的布景道具，多樣古代服裝，讓人如同置身古代，並感受到唐宋邊關的風采。,在 敦煌 古城 的 參觀 入場券 上 是 這樣 描述 的 敦煌 古城 再現 唐 宋 西北 重鎮 敦煌 雄姿 城 內 完整 的 建築 精美 亂真 的 布景 道具 多樣 古代 服裝 讓 人 如同 置身 古代 並 感受到 唐 宋 邊關 的 風采,45,在(3284238) 敦煌(3935) 古城(1274) 的(16029838) 參觀(9034) 入場券(246) 上(1233218) 是(4642407) 這樣(288344) 描述(32580) 的(16029838) 敦煌(3935) 古城(1274) 再現(4275) 唐(11933) 宋(13341) 西北(5567) 重鎮(1282) 敦煌(3935) 雄姿(151) 城(42831) 內(183051) 完整(19201) 的(16029838) 建築(31065) 精美(2550) 亂真(83) 的(16029838) 布景(630) 道具(2495) 多樣(2455) 古代(18507) 服裝(7264) 讓(526314) 人(1550512) 如同(24070) 置身(3542) 古代(18507) 並(442790) 感受到(14394) 唐(11933) 宋(13341) 邊關(145) 的(16029838) 風采(1106),"{'High': 44, 'Low': 1}","{'第1*級': 1, 'Unknown': 18, '第1級': 8, '第3*級': 1, '第3級': 3, '第5級': 2, '第7級': 2, '第4*級': 6, '第6級': 3, '第2級': 1}",2,Y,Y,N,N
白天觀光客可以著古裝暢遊、攝影，在跑馬場上馳騁，也可以在宋代風格的酒樓內品茗、暢飲。,白天 觀光客 可以 著 古裝 暢遊 攝影 在 跑馬場 上 馳騁 也 可以 在 宋代 風格 的 酒樓 內 品茗 暢飲,21,白天(9386) 觀光客(2140) 可以(560531) 著(1004687) 古裝(256) 暢遊(203) 攝影(12899) 在(3284238) 跑馬場(56) 上(1233218) 馳騁(1186) 也(1590760) 可以(560531) 在(3284238) 宋代(2739) 風格(24707) 的(16029838) 酒樓(764) 內(183051) 品茗(275) 暢飲(606),"{'High': 20, 'Low': 1}","{'第2*級': 1, '第4級': 1, '第1級': 5, 'Unknown': 8, '第5級': 1, '第1*級': 2, '第7級': 1, '第6級': 1, '第3級': 1}",2,Y,N,N,N
日落時分，則可以登臨城樓觀賞「大漠孤煙直，長河落日圓」的奇景。,日落 時分 則 可以 登臨 城樓 觀賞 大漠 孤煙 直 長 河 落 日圓 的 奇景,16,日落(1823) 時分(4315) 則(254096) 可以(560531) 登臨(133) 城樓(747) 觀賞(5617) 大漠(582) 孤煙(10) 直(32801) 長(107092) 河(25697) 落(7273) 日圓(3849) 的(16029838) 奇景(515),"{'High': 15, 'Low': 1}","{'第5級': 4, '第6級': 1, '第1級': 2, 'Unknown': 5, '第4級': 2, '第2*級': 1, '第7級': 1}",0,Y,N,N,N
鳴沙山由五種顏色的沙粒堆積而成。,鳴沙山 由 五 種 顏色 的 沙粒 堆積 而 成,10,鳴沙山(14) 由(208604) 五(112649) 種(701563) 顏色(19941) 的(16029838) 沙粒(295) 堆積(2036) 而(937923) 成(76470),"{'Low': 1, 'High': 9}","{'Unknown': 3, '第4*級': 2, '第1級': 2, '第2級': 1, '第6級': 1, '第5級': 1}",1,Y,Y,N,N
另外，到過敦煌的人，一定會為鳴沙山和月牙泉神奇的自然景觀驚嘆不已，也對騎駱駝留下難忘的回憶。,另外 到 過 敦煌 的 人 一定 會 為 鳴沙山 和 月牙泉 神奇 的 自然 景觀 驚嘆 不已 也 對 騎 駱駝 留下 難忘 的 回憶,26,另外(48233) 到(546906) 過(412878) 敦煌(3935) 的(16029838) 人(1550512) 一定(138695) 會(1014977) 為(761341) 鳴沙山(14) 和(1338337) 月牙泉(44) 神奇(8107) 的(16029838) 自然(91995) 景觀(4987) 驚嘆(1528) 不已(11973) 也(1590760) 對(897964) 騎(20953) 駱駝(2515) 留下(29992) 難忘(3374) 的(16029838) 回憶(17740),"{'High': 24, 'Low': 2}","{'第3級': 1, '第1級': 7, '第1*級': 3, 'Unknown': 6, '第5級': 2, '第3*級': 2, '第6級': 3, '第2級': 1, '第4*級': 1}",2,Y,Y,N,N
從市區到鳴沙山，約只有三十分鐘的車程，可以騎腳踏車、包車或乘巴士，中途還可以在大名鼎鼎的雷音寺稍作歇息。,從 市區 到 鳴沙山 約 只 有 三十 分鐘 的 車程 可以 騎 腳踏車 包車 或 乘 巴士 中途 還可以 在 大名鼎鼎 的 雷音寺 稍作 歇息,26,從(496546) 市區(3749) 到(546906) 鳴沙山(14) 約(47731) 只(436725) 有(2217079) 三十(24336) 分鐘(52479) 的(16029838) 車程(1019) 可以(560531) 騎(20953) 腳踏車(5459) 包車(79) 或(478077) 乘(11883) 巴士(3384) 中途(3063) 還可以(9751) 在(3284238) 大名鼎鼎(590) 的(16029838) 雷音寺(70) 稍作(471) 歇息(1113),"{'High': 23, 'Low': 3}","{'第1*級': 4, '第3*級': 3, '第1級': 5, 'Unknown': 6, '第2級': 1, '第2*級': 2, '第3級': 1, '第5級': 1, '第7級': 3}",5,Y,Y,N,N
南北相連二十公里的鳴沙山，是由砂子堆積而成的砂山。,南北 相連 二十 公里 的 鳴沙山 是 由 砂子 堆積 而 成 的 砂山,14,南北(4305) 相連(3937) 二十(32739) 公里(16646) 的(16029838) 鳴沙山(14) 是(4642407) 由(208604) 砂子(154) 堆積(2036) 而(937923) 成(76470) 的(16029838) 砂山(25),"{'High': 12, 'Low': 2}","{'Unknown': 5, '第6級': 2, '第4級': 1, '第1級': 3, '第4*級': 2, '第5級': 1}",1,Y,Y,N,N
(山頂的沙子，則為紅、黃、綠、白、黑五彩顏色)，在強風飛舞下，沙聲猶如管弦、大鼓作響而得名。,山頂 的 沙子 則 為 紅 黃 綠 白 黑 五彩 顏色 在 強風 飛舞 下 沙聲 猶如 管弦 大鼓 作響 而 得名,23,山頂(4697) 的(16029838) 沙子(1574) 則(254096) 為(761341) 紅(34717) 黃(20574) 綠(15200) 白(50836) 黑(37780) 五彩(659) 顏色(19941) 在(3284238) 強風(1146) 飛舞(1901) 下(329549) 沙聲(2) 猶如(5976) 管弦(977) 大鼓(328) 作響(3178) 而(937923) 得名(829),"{'High': 22, 'Low': 1}","{'Unknown': 8, '第1級': 1, '第4*級': 1, '第5級': 2, '第1*級': 5, '第2級': 3, '第7級': 1, '第6級': 2}",0,Y,Y,N,N
當地人則傳說，鳴沙山是一個古戰場，古代曾有大批兵馬在此全軍覆沒，因此入夜狂風大作時，經常有人聽到千軍萬馬的聲音。,當地人 則 傳說 鳴沙山 是 一 個 古 戰場 古代 曾 有 大 批 兵馬 在 此 全軍覆沒 因此 入夜 狂風 大作 時 經常 有 人 聽到 千軍萬馬 的 聲音,30,當地人(2867) 則(254096) 傳說(14362) 鳴沙山(14) 是(4642407) 一(3701681) 個(2296574) 古(21972) 戰場(9533) 古代(18507) 曾(132981) 有(2217079) 大(525780) 批(22121) 兵馬(4069) 在(3284238) 此(288458) 全軍覆沒(710) 因此(184606) 入夜(970) 狂風(2517) 大作(2287) 時(623734) 經常(49295) 有(2217079) 人(1550512) 聽到(61809) 千軍萬馬(338) 的(16029838) 聲音(85694),"{'High': 29, 'Low': 1}","{'Unknown': 5, '第5級': 4, '第4*級': 3, '第1級': 8, '第4級': 1, '第6級': 3, '第1*級': 1, '第7級': 1, '第3*級': 2, '第2級': 2}",4,Y,Y,N,N
鳴沙山月牙泉大自然鬼斧神，月牙泉奇在位於沙山間而泉水不枯。,鳴沙山 月牙泉 大自然 鬼 斧 神 月牙泉 奇 在 位於 沙山 間 而 泉水 不 枯,16,鳴沙山(14) 月牙泉(44) 大自然(10703) 鬼(17921) 斧(1889) 神(46495) 月牙泉(44) 奇(11637) 在(3284238) 位於(19612) 沙山(70) 間(115638) 而(937923) 泉水(2175) 不(2282521) 枯(2086),"{'Low': 4, 'High': 12}","{'Unknown': 7, '第4級': 2, '第4*級': 1, '第6級': 3, '第1*級': 1, '第5級': 1, '第1級': 1}",4,Y,Y,N,N
鳴沙山的奇，在於沙漠中間，還懷抱著一泓月牙形的清泉。,鳴沙山 的 奇 在於 沙漠 中間 還 懷抱 著 一 泓 月牙形 的 清泉,14,鳴沙山(14) 的(16029838) 奇(11637) 在於(37953) 沙漠(5582) 中間(19003) 還(625086) 懷抱(4344) 著(1004687) 一(3701681) 泓(206) 月牙形(1) 的(16029838) 清泉(582),"{'Low': 2, 'High': 12}","{'Unknown': 7, '第1級': 3, '第6級': 1, '第5級': 2, '第2級': 1}",2,Y,N,N,N
月牙泉古稱沙并，又名藥泉，自古以來，「月泉曉澈」即是敦煌出名的勝景。,月牙泉 古稱 沙并 又 名 藥泉 自古以來 月泉 曉澈 即 是 敦煌 出名 的 勝景,15,月牙泉(44) 古稱(272) 沙并(Unknown) 又(535555) 名(136287) 藥泉(6) 自古以來(2293) 月泉(2) 曉澈(Unknown) 即(110826) 是(4642407) 敦煌(3935) 出名(2635) 的(16029838) 勝景(136),"{'Low': 5, 'High': 10}","{'Unknown': 8, '第1*級': 1, '第2級': 1, '第6級': 2, '第1級': 2, '第5級': 1}",2,Y,N,N,Y
月牙泉的神奇，在於它潛藏在沙山中，泉水卻能歷久不枯。,月牙泉 的 神奇 在於 它 潛藏 在 沙山 中 泉水 卻 能 歷久 不 枯,15,月牙泉(44) 的(16029838) 神奇(8107) 在於(37953) 它(316854) 潛藏(2172) 在(3284238) 沙山(70) 中(1011729) 泉水(2175) 卻(333007) 能(582260) 歷久(123) 不(2282521) 枯(2086),"{'Low': 2, 'High': 13}","{'Unknown': 5, '第1級': 2, '第5級': 1, '第6級': 3, '第1*級': 3, '第4級': 1}",1,Y,N,N,N
泉和山既能單獨成景，又相輔相成，大自然的鬼斧神工，莫此為甚。,泉 和 山 既 能 單獨 成 景 又 相輔相成 大自然 的 鬼斧神工 莫此為甚,14,泉(2424) 和(1338337) 山(54936) 既(43838) 能(582260) 單獨(9253) 成(76470) 景(12183) 又(535555) 相輔相成(1010) 大自然(10703) 的(16029838) 鬼斧神工(117) 莫此為甚(75),"{'High': 13, 'Low': 1}","{'第6級': 1, 'Unknown': 5, '第1*級': 3, '第5級': 1, '第4*級': 1, '第7級': 1, '第4級': 1, '第1級': 1}",4,Y,Y,N,N
鳴沙山的駱駝為觀光客留下美好的回憶。,鳴沙山 的 駱駝 為 觀光客 留下 美好 的 回憶,9,鳴沙山(14) 的(16029838) 駱駝(2515) 為(761341) 觀光客(2140) 留下(29992) 美好(17327) 的(16029838) 回憶(17740),"{'Low': 1, 'High': 8}","{'Unknown': 3, '第1級': 2, '第4級': 1, '第3*級': 1, '第4*級': 1, '第5級': 1}",2,Y,N,N,N
近年來，在中共旅遊單位的規劃下，開始對月牙泉採取相關的保護措施，並設立了月牙泉風景管理所。,近年 來 在 中共 旅遊 單位 的 規劃 下 開始 對 月牙泉 採取 相關 的 保護 措施 並 設立 了 月牙泉 風景 管理所,23,近年(7929) 來(742183) 在(3284238) 中共(19399) 旅遊(8465) 單位(23148) 的(16029838) 規劃(14663) 下(329549) 開始(245562) 對(897964) 月牙泉(44) 採取(30585) 相關(41599) 的(16029838) 保護(32573) 措施(10317) 並(442790) 設立(12114) 了(3199291) 月牙泉(44) 風景(7771) 管理所(41),"{'High': 20, 'Low': 3}","{'第4級': 2, '第1級': 4, '第1*級': 2, 'Unknown': 5, '第5級': 3, '第6級': 2, '第2級': 1, '第4*級': 2, '第3*級': 1, '第2*級': 1}",3,Y,Y,N,Y
除了騎駱駝享受在沙漠行舟的樂趣之外，管理所還規劃了滑沙、滑翔跳傘以及牽引跳傘等活動，使鳴沙山、月牙泉的觀光價值更為提升。,除了 騎 駱駝 享受 在 沙漠 行 舟 的 樂趣 之外 管理所 還 規劃 了 滑沙 滑翔 跳傘 以及 牽引 跳傘 等 活動 使 鳴沙山 月牙泉 的 觀光 價值 更為 提升,31,除了(75964) 騎(20953) 駱駝(2515) 享受(21312) 在(3284238) 沙漠(5582) 行(63474) 舟(4365) 的(16029838) 樂趣(9412) 之外(45757) 管理所(41) 還(625086) 規劃(14663) 了(3199291) 滑沙(5) 滑翔(354) 跳傘(387) 以及(155624) 牽引(1465) 跳傘(387) 等(327380) 活動(85743) 使(197544) 鳴沙山(14) 月牙泉(44) 的(16029838) 觀光(4478) 價值(58784) 更為(14896) 提升(17122),"{'High': 27, 'Low': 4}","{'第3*級': 2, '第2級': 2, 'Unknown': 13, '第4級': 2, '第1*級': 1, '第5級': 3, '第6級': 3, '第1級': 2, '第4*級': 2, '第7級': 1}",3,Y,Y,N,N
事實上，敦煌的沙暴同樣十分有名。,事實 上 敦煌 的 沙暴 同樣 十分 有名,8,事實(84995) 上(1233218) 敦煌(3935) 的(16029838) 沙暴(72) 同樣(63568) 十分(63196) 有名(8977),"{'High': 7, 'Low': 1}","{'第4級': 2, '第1級': 2, 'Unknown': 2, '第3*級': 1, '第2*級': 1}",0,Y,N,N,N
六月初，一場數十年來，規模最大的一場沙暴，足足颳了十幾個小時，昏天暗地、狂風大作的景象，異常駭人。,六月 初 一 場 數十 年 來 規模 最 大 的 一 場 沙暴 足足 颳 了 十幾 個 小時 昏天暗地 狂風 大作 的 景象 異常 駭人,27,六月(14880) 初(42087) 一(3701681) 場(68915) 數十(9385) 年(514736) 來(742183) 規模(17762) 最(421680) 大(525780) 的(16029838) 一(3701681) 場(68915) 沙暴(72) 足足(2167) 颳(1073) 了(3199291) 十幾(9075) 個(2296574) 小時(48521) 昏天暗地(64) 狂風(2517) 大作(2287) 的(16029838) 景象(9474) 異常(10789) 駭人(1170),"{'High': 25, 'Low': 2}","{'Unknown': 6, '第4級': 1, '第1級': 9, '第2級': 2, '第4*級': 2, '第1*級': 1, '第6級': 3, '第5級': 2, '第7級': 1}",1,Y,N,N,N
第二天，地下到處都是厚厚的黃沙，猶如下了一大陣的「黃雪」一般，真是讓外地人大開眼界。,第二 天 地 下 到處 都 是 厚厚 的 黃沙 猶如 下 了 一 大 陣 的 黃雪 一般 真是 讓 外地人 大開眼界,23,第二(98741) 天(330413) 地(754998) 下(329549) 到處(19723) 都(1125846) 是(4642407) 厚厚(2706) 的(16029838) 黃沙(373) 猶如(5976) 下(329549) 了(3199291) 一(3701681) 大(525780) 陣(26383) 的(16029838) 黃雪(Unknown) 一般(80732) 真是(17243) 讓(526314) 外地人(580) 大開眼界(598),"{'High': 22, 'Low': 1}","{'Unknown': 8, '第1級': 7, '第1*級': 2, '第3級': 1, '第6級': 2, '第4級': 1, '第3*級': 1, '第2級': 1}",2,Y,N,N,N
真是讓外地人大開眼界。,真是 讓 外地人 大開眼界,4,真是(17243) 讓(526314) 外地人(580) 大開眼界(598),{'High': 4},"{'Unknown': 2, '第2級': 1, '第6級': 1}",2,Y,N,N,N
麗江，是中國大陸西南地區的著名旅遊景點，前些日子一場巨大的地震，幾乎摧毀了這座古城。,麗江 是 中國 大陸 西南 地區 的 著名 旅遊 景點 前 些 日子 一 場 巨大 的 地震 幾乎 摧毀 了 這 座 古城,24,麗江(316) 是(4642407) 中國(214840) 大陸(27031) 西南(5650) 地區(40339) 的(16029838) 著名(20279) 旅遊(8465) 景點(1844) 前(272709) 些(159879) 日子(28378) 一(3701681) 場(68915) 巨大(22154) 的(16029838) 地震(4869) 幾乎(74298) 摧毀(5262) 了(3199291) 這(2114032) 座(49959) 古城(1274),{'High': 24},"{'Unknown': 5, '第1級': 7, '第3*級': 3, '第4級': 4, '第6級': 2, '第5級': 2, '第2級': 1}",0,Y,N,N,N
大陸知名旅遊作者楊澄，日前走訪重建後的麗江，帶回第一手的接觸報導，麗江的風光水色與人文精神，在他筆下躍然紙上，讓人有如親身遊歷般。,大陸 知名 旅遊 作者 楊澄 日前 走訪 重建 後 的 麗江 帶回 第一手 的 接觸 報導 麗江 的 風光 水色 與 人文 精神 在 他 筆下 躍然紙上 讓 人 有如 親身 遊歷 般,33,大陸(27031) 知名(9697) 旅遊(8465) 作者(37498) 楊澄(Unknown) 日前(1738) 走訪(1087) 重建(7085) 後(422857) 的(16029838) 麗江(316) 帶回(6256) 第一手(997) 的(16029838) 接觸(22727) 報導(27311) 麗江(316) 的(16029838) 風光(3236) 水色(149) 與(968432) 人文(6474) 精神(79222) 在(3284238) 他(2487930) 筆下(3840) 躍然紙上(222) 讓(526314) 人(1550512) 有如(10689) 親身(4295) 遊歷(1014) 般(44639),"{'High': 32, 'Low': 1}","{'第3*級': 2, '第5級': 4, '第4級': 2, 'Unknown': 7, '第7級': 3, '第1級': 6, '第4*級': 2, '第6級': 5, '第1*級': 1, '第2級': 1}",2,Y,Y,N,Y
御風歸來，我仍然是那麼強烈地戀念著滇西北高原萬山叢中的那方熱土；耳邊獨聞絲管，盛唐古樂穿透時光隧道，把空靈的弦律從冥冥九天，尋山覓水般地流入今人的心田；而開發麗江的納西古民竟能在雪山激水的妙境中，廣收博采，獨發新意，創造出驚世的「東巴文化」，其民族的智慧之光，怎不為融融共和的中華民族添加奪目的榮耀呢！,御風 歸來 我 仍然 是 那麼 強烈 地 戀念 著 滇 西北 高原 萬 山 叢 中 的 那 方 熱土 耳 邊 獨 聞 絲管 盛唐 古樂 穿透 時光 隧道 把 空靈 的 弦律 從 冥冥 九 天 尋 山 覓 水 般 地 流入 今人 的 心田 而 開發 麗江 的 納西 古民 竟 能 在 雪山 激 水 的 妙境 中 廣收 博采 獨 發 新意 創造出 驚世 的 東巴 文化 其 民族 的 智慧 之 光 怎不 為 融融 共和 的 中華民族 添加 奪目 的 榮耀 呢,91,御風(107) 歸來(3285) 我(3033032) 仍然(46200) 是(4642407) 那麼(127785) 強烈(27883) 地(754998) 戀念(Unknown) 著(1004687) 滇(519) 西北(5567) 高原(1557) 萬(13178) 山(54936) 叢(2165) 中(1011729) 的(16029838) 那(754138) 方(33724) 熱土(1) 耳(16140) 邊(123152) 獨(6969) 聞(19108) 絲管(29) 盛唐(242) 古樂(79) 穿透(2253) 時光(10444) 隧道(3555) 把(617773) 空靈(288) 的(16029838) 弦律(11) 從(496546) 冥冥(435) 九(34506) 天(330413) 尋(8337) 山(54936) 覓(1320) 水(86260) 般(44639) 地(754998) 流入(2123) 今人(825) 的(16029838) 心田(401) 而(937923) 開發(19196) 麗江(316) 的(16029838) 納西(156) 古民(1) 竟(35425) 能(582260) 在(3284238) 雪山(1569) 激(882) 水(86260) 的(16029838) 妙境(61) 中(1011729) 廣收(72) 博采(15) 獨(6969) 發(22092) 新意(1036) 創造出(7307) 驚世(122) 的(16029838) 東巴(89) 文化(115697) 其(307905) 民族(25724) 的(16029838) 智慧(46294) 之(875481) 光(42738) 怎不(415) 為(761341) 融融(135) 共和(2086) 的(16029838) 中華民族(1657) 添加(3629) 奪目(917) 的(16029838) 榮耀(3364) 呢(204566),"{'High': 81, 'Low': 10}","{'Unknown': 40, '第1級': 17, '第4級': 3, '第2級': 3, '第5級': 6, '第6級': 9, '第1*級': 7, '第3*級': 2, '第3級': 1, '第4*級': 2, '第7級': 1}",2,Y,Y,N,Y
麗江古城內的玉泉水渠，流遍全城千家萬戶。,麗江 古城 內 的 玉泉 水渠 流遍 全 城 千 家 萬 戶,13,麗江(316) 古城(1274) 內(183051) 的(16029838) 玉泉(62) 水渠(244) 流遍(78) 全(178642) 城(42831) 千(19677) 家(236822) 萬(13178) 戶(9491),"{'High': 11, 'Low': 2}","{'Unknown': 5, '第3級': 2, '第1級': 3, '第2級': 1, '第1*級': 1, '第5級': 1}",0,Y,N,N,N
我走近麗江，並沒有登堂入室步入她那深廣的廳院，也無暇一一細數麗江的珍寶處處，我只能一任想像的漫遊，牽動幾日的觀感，去領悟，進而演繹麗江往昔的流變，和今朝憾人至深的風采。,我 走近 麗江 並 沒有 登堂入室 步入 她 那 深廣 的 廳院 也 無暇 一一 細數 麗江 的 珍寶 處處 我 只 能 一 任 想像 的 漫遊 牽動 幾 日 的 觀感 去 領悟 進而 演繹 麗江 往昔 的 流變 和 今朝 憾人至深 的 風采,46,我(3033032) 走近(4261) 麗江(316) 並(442790) 沒有(594280) 登堂入室(203) 步入(2192) 她(1052913) 那(754138) 深廣(304) 的(16029838) 廳院(23) 也(1590760) 無暇(1390) 一一(11524) 細數(535) 麗江(316) 的(16029838) 珍寶(1618) 處處(6841) 我(3033032) 只(436725) 能(582260) 一(3701681) 任(37811) 想像(45673) 的(16029838) 漫遊(2175) 牽動(1051) 幾(229415) 日(94041) 的(16029838) 觀感(1426) 去(479993) 領悟(3246) 進而(11043) 演繹(1206) 麗江(316) 往昔(1776) 的(16029838) 流變(324) 和(1338337) 今朝(517) 憾人至深(Unknown) 的(16029838) 風采(1106),"{'High': 44, 'Low': 2}","{'第1級': 16, 'Unknown': 14, '第4*級': 1, '第7級': 7, '第1*級': 2, '第5級': 1, '第4級': 1, '第6級': 4}",2,Y,Y,N,N
波音737300在9千公尺高空飛行。,波音 737300 在 9千 公尺 高空 飛行,7,波音(647) 737300(Unknown) 在(3284238) 9千(Unknown) 公尺(19233) 高空(1428) 飛行(7415),"{'High': 5, 'Low': 2}","{'Unknown': 4, '第1*級': 1, '第4級': 1, '第5級': 1}",1,Y,N,N,Y
昔日從昆明去麗江翻山越嶺要走18天。,昔日 從 昆明 去 麗江 翻山越嶺 要 走 18 天,10,昔日(4668) 從(496546) 昆明(1543) 去(479993) 麗江(316) 翻山越嶺(400) 要(851264) 走(128453) 18(7421) 天(330413),{'High': 10},"{'第6級': 1, '第1*級': 1, 'Unknown': 4, '第1級': 4}",1,Y,N,N,N
解放後通了公路，顛顛簸簸也要逛蕩三天。,解放 後 通 了 公路 顛顛簸簸 也 要 逛蕩 三 天,11,解放(6536) 後(422857) 通(19493) 了(3199291) 公路(7300) 顛顛簸簸(55) 也(1590760) 要(851264) 逛蕩(10) 三(313861) 天(330413),"{'High': 9, 'Low': 2}","{'第6級': 1, '第1級': 5, '第4*級': 1, 'Unknown': 3, '第3*級': 1}",1,Y,N,N,N
1995年6月9日，飛機通了。,1995年 6月 9日 飛機 通 了,6,1995年(687) 6月(2) 9日(10) 飛機(18598) 通(19493) 了(3199291),"{'High': 4, 'Low': 2}","{'Unknown': 4, '第1*級': 1, '第4*級': 1}",1,Y,N,N,N
317公里只40分鐘就可抵達。,317 公里 只 40 分鐘 就 可 抵達,8,317(129) 公里(16646) 只(436725) 40(5313) 分鐘(52479) 就(1737544) 可(307359) 抵達(16291),{'High': 8},"{'Unknown': 2, '第4級': 1, '第1*級': 2, '第1級': 1, '第4*級': 1, '第6級': 1}",1,Y,N,N,N
老百姓歡呼「金孔雀」給麗江帶來了幸福吉祥。,老百姓 歡呼 金孔雀 給 麗江 帶來 了 幸福 吉祥,9,老百姓(6656) 歡呼(3219) 金孔雀(1) 給(240485) 麗江(316) 帶來(40305) 了(3199291) 幸福(27449) 吉祥(1730),"{'High': 8, 'Low': 1}","{'第6級': 2, 'Unknown': 3, '第1級': 1, '第3*級': 1, '第4*級': 1, '第7級': 1}",2,Y,N,N,Y
這不是歌詞，是道道地地的大寶話。,這 不 是 歌詞 是 道道地地 的 大寶話,8,這(2114032) 不(2282521) 是(4642407) 歌詞(4005) 是(4642407) 道道地地(167) 的(16029838) 大寶話(Unknown),"{'High': 7, 'Low': 1}","{'第1級': 5, '第4*級': 1, 'Unknown': 2}",2,Y,N,N,N
進入麗江上空，在城鎮田野的北方，巍然地突兀出一脈晶瑩的雪山，聖潔而高雅，有些意外。,進入 麗江 上空 在 城鎮 田野 的 北方 巍然 地 突兀 出 一 脈 晶瑩 的 雪山 聖潔 而 高雅 有些 意外,22,進入(66885) 麗江(316) 上空(2760) 在(3284238) 城鎮(3944) 田野(4479) 的(16029838) 北方(9626) 巍然(230) 地(754998) 突兀(1209) 出(84457) 一(3701681) 脈(1794) 晶瑩(872) 的(16029838) 雪山(1569) 聖潔(606) 而(937923) 高雅(1810) 有些(6971) 意外(21631),{'High': 22},"{'第4級': 2, 'Unknown': 8, '第6級': 2, '第1*級': 2, '第5級': 2, '第1級': 3, '第7級': 3}",0,Y,Y,N,N
這裡怎麼會平白地生出一尊玉峰呢？,這裡 怎麼 會 平白 地 生出 一 尊 玉峰 呢,10,這裡(100385) 怎麼(143418) 會(1014977) 平白(427) 地(754998) 生出(2998) 一(3701681) 尊(11622) 玉峰(15) 呢(204566),"{'High': 9, 'Low': 1}","{'第1級': 4, '第1*級': 1, '第7級': 1, 'Unknown': 3, '第6級': 1}",0,Y,N,N,N
待醒過味來再去尋覓她的身影的時候，飛機早已平穩地落地了。,待 醒 過 味 來 再 去 尋覓 她 的 身影 的 時候 飛機 早已 平穩 地 落地 了,19,待(32599) 醒(7787) 過(412878) 味(6064) 來(742183) 再(326207) 去(479993) 尋覓(1691) 她(1052913) 的(16029838) 身影(6212) 的(16029838) 時候(199970) 飛機(18598) 早已(21910) 平穩(2352) 地(754998) 落地(3127) 了(3199291),{'High': 19},"{'第5級': 2, '第4級': 1, '第1*級': 3, '第2級': 1, '第1級': 6, '第6級': 2, 'Unknown': 4}",0,Y,N,N,N
從麗江三義機場到縣城，相距27公里，車行山移，不時地瞥見玉龍，依然是聖潔而高雅，彷彿一位知客，迎送遠方的來賓。,從 麗江 三義 機場 到 縣城 相距 27 公里 車 行 山 移 不時 地 瞥見 玉龍 依然 是 聖潔 而 高雅 彷彿 一 位 知客 迎送 遠方 的 來賓,30,從(496546) 麗江(316) 三義(205) 機場(7570) 到(546906) 縣城(1658) 相距(1255) 27(4391) 公里(16646) 車(47590) 行(63474) 山(54936) 移(5081) 不時(10714) 地(754998) 瞥見(2035) 玉龍(71) 依然(21385) 是(4642407) 聖潔(606) 而(937923) 高雅(1810) 彷彿(35009) 一(3701681) 位(284809) 知客(58) 迎送(155) 遠方(5438) 的(16029838) 來賓(1384),"{'High': 28, 'Low': 2}","{'第1*級': 2, 'Unknown': 11, '第2*級': 1, '第1級': 6, '第7級': 2, '第4級': 1, '第6級': 6, '第5級': 1}",0,Y,Y,N,N
傍晚，雲霞萬朵。,傍晚 雲霞 萬 朵,4,傍晚(6389) 雲霞(177) 萬(13178) 朵(9642),{'High': 4},"{'第5級': 1, 'Unknown': 1, '第1*級': 1, '第3*級': 1}",0,N,N,N,N
我們登上縣電視台天線塔俯視古城，正北方，在新舊城交替處，玉龍與我們相視而立。,我們 登上 縣 電視台 天線塔 俯視 古城 正北方 在 新舊城 交替 處 玉龍 與 我們 相視 而 立,18,我們(979260) 登上(6844) 縣(9693) 電視台(4618) 天線塔(1) 俯視(1082) 古城(1274) 正北方(15) 在(3284238) 新舊城(Unknown) 交替(2473) 處(84410) 玉龍(71) 與(968432) 我們(979260) 相視(632) 而(937923) 立(17750),"{'High': 14, 'Low': 4}","{'第1級': 2, 'Unknown': 9, '第5級': 2, '第4*級': 2, '第7級': 1, '第1*級': 1, '第6級': 1}",4,Y,Y,N,N
我不由地換上長焦，把相機對準她。,我 不由地 換上 長焦 把 相機 對準 她,8,我(3033032) 不由地(9) 換上(3132) 長焦(Unknown) 把(617773) 相機(3675) 對準(2444) 她(1052913),"{'High': 6, 'Low': 2}","{'第1級': 2, 'Unknown': 3, '第2級': 1, '第6級': 2}",1,Y,N,N,N
倏然，一抹白雲輕輕地把玉龍隱沒，動也不動，直到我們緩步下山。,倏然 一 抹 白雲 輕輕 地 把 玉龍 隱沒 動 也 不 動 直到 我們 緩步 下山,17,倏然(389) 一(3701681) 抹(6877) 白雲(2142) 輕輕(15293) 地(754998) 把(617773) 玉龍(71) 隱沒(473) 動(45936) 也(1590760) 不(2282521) 動(45936) 直到(41624) 我們(979260) 緩步(603) 下山(5040),"{'High': 16, 'Low': 1}","{'Unknown': 7, '第1級': 4, '第5級': 1, '第2級': 1, '第3*級': 2, '第4*級': 1, '第7級': 1}",0,Y,N,N,N
我終於耐不住性子，毅然決定第二天一早就去玉龍雪山。,我 終於 耐不住 性子 毅然 決定 第二 天 一早 就 去 玉龍 雪山,13,我(3033032) 終於(59622) 耐不住(7) 性子(1709) 毅然(2136) 決定(101837) 第二(98741) 天(330413) 一早(3459) 就(1737544) 去(479993) 玉龍(71) 雪山(1569),"{'High': 11, 'Low': 2}","{'第1級': 4, '第4級': 1, 'Unknown': 4, '第6級': 1, '第7級': 1, '第2級': 1, '第5級': 1}",1,Y,N,N,N
陪同小汪隔窗看了看天，詭秘地一笑。,陪同 小汪 隔 窗 看 了 看 天 詭秘 地 一 笑,12,陪同(2695) 小汪(Unknown) 隔(10438) 窗(19038) 看(444691) 了(3199291) 看(444691) 天(330413) 詭秘(119) 地(754998) 一(3701681) 笑(68493),"{'High': 11, 'Low': 1}","{'第5級': 2, 'Unknown': 6, '第2*級': 1, '第1級': 2, '第2級': 1}",0,Y,N,N,Y
玉龍大雪山隨時雲騰霧繞，想一見真面目，還真不容易。,玉龍 大雪山 隨時 雲 騰 霧 繞 想 一 見 真面目 還 真 不 容易,15,玉龍(71) 大雪山(151) 隨時(21195) 雲(19452) 騰(1552) 霧(5459) 繞(9935) 想(449884) 一(3701681) 見(179113) 真面目(1067) 還(625086) 真(137497) 不(2282521) 容易(80831),"{'Low': 1, 'High': 14}","{'Unknown': 5, '第4級': 2, '第5級': 2, '第1級': 4, '第1*級': 2}",2,Y,N,N,N
玉龍大雪山位於青藏、雲貴高原犬牙咬接處，是喜馬拉雅山系最南端的雲嶺山脈的主峰，也是北半球處於緯度最南的現代海洋性冰川。,玉龍 大雪山 位於 青藏 雲貴高原 犬牙 咬接處 是 喜馬拉雅山系 最 南端 的 雲嶺 山脈 的 主峰 也 是 北半球 處於 緯度 最 南 的 現代 海洋性 冰川,27,玉龍(71) 大雪山(151) 位於(19612) 青藏(80) 雲貴高原(7) 犬牙(96) 咬接處(Unknown) 是(4642407) 喜馬拉雅山系(4) 最(421680) 南端(797) 的(16029838) 雲嶺(3) 山脈(3141) 的(16029838) 主峰(206) 也(1590760) 是(4642407) 北半球(291) 處於(15647) 緯度(580) 最(421680) 南(24203) 的(16029838) 現代(40344) 海洋性(57) 冰川(395),"{'Low': 8, 'High': 19}","{'Unknown': 14, '第6級': 3, '第1級': 6, '第1*級': 2, '第2級': 1, '第3*級': 1}",6,Y,N,N,Y
終年積雪的玉龍十三峰，由北向南迤邐排開，綿延35公里。,終年 積雪 的 玉龍 十三 峰 由 北 向 南 迤邐 排開 綿延 35 公里,15,終年(945) 積雪(1415) 的(16029838) 玉龍(71) 十三(9810) 峰(1348) 由(208604) 北(20351) 向(231672) 南(24203) 迤邐(205) 排開(551) 綿延(1560) 35(3711) 公里(16646),"{'High': 14, 'Low': 1}","{'第7級': 3, '第1級': 1, 'Unknown': 6, '第4*級': 1, '第2級': 3, '第4級': 1}",0,Y,N,N,N
前頭的主峰高昂龍首，其後峰峰相連，猶如龍脊蜿蜒。,前頭 的 主峰 高昂 龍 首 其後 峰 峰 相連 猶如 龍脊 蜿蜒,13,前頭(1951) 的(16029838) 主峰(206) 高昂(2133) 龍(20093) 首(44848) 其後(5706) 峰(1348) 峰(1348) 相連(3937) 猶如(5976) 龍脊(9) 蜿蜒(2033),"{'High': 12, 'Low': 1}","{'Unknown': 5, '第1級': 1, '第6級': 5, '第4級': 1, '第4*級': 1}",0,Y,N,N,N
遠遠望去，雲騰霧繞，托出好一條銀鱗閃燿的玉龍！,遠遠 望去 雲 騰 霧 繞 托出 好 一 條 銀鱗 閃燿 的 玉龍,14,遠遠(9899) 望去(3269) 雲(19452) 騰(1552) 霧(5459) 繞(9935) 托出(265) 好(448428) 一(3701681) 條(115362) 銀鱗(3) 閃燿(Unknown) 的(16029838) 玉龍(71),"{'High': 11, 'Low': 3}","{'Unknown': 8, '第4級': 1, '第5級': 2, '第1級': 2, '第2級': 1}",0,Y,N,N,N
最南端的主峰扇子陡，海拔5596米，被譽為「玉柱擎天」。,最 南端 的 主峰 扇子陡 海拔 5596 米 被 譽為 玉柱 擎天,12,最(421680) 南端(797) 的(16029838) 主峰(206) 扇子陡(Unknown) 海拔(2509) 5596(Unknown) 米(25678) 被(540683) 譽為(1433) 玉柱(16) 擎天(105),"{'High': 9, 'Low': 3}","{'第1*級': 1, 'Unknown': 7, '第1級': 1, '第6級': 1, '第3*級': 1, '第2級': 1}",2,Y,N,N,N
一條專用公路直插山底，兩側皆山，只玉龍伏隱山後雲中，窺測我們的行逕。,一 條 專用 公路 直 插 山 底 兩 側 皆 山 只 玉龍 伏隱 山 後 雲 中 窺測 我們 的 行逕,23,一(3701681) 條(115362) 專用(2795) 公路(7300) 直(32801) 插(7254) 山(54936) 底(37174) 兩(526190) 側(16187) 皆(45736) 山(54936) 只(436725) 玉龍(71) 伏隱(Unknown) 山(54936) 後(422857) 雲(19452) 中(1011729) 窺測(63) 我們(979260) 的(16029838) 行逕(55),"{'High': 19, 'Low': 4}","{'第1級': 5, '第2級': 1, '第6級': 2, '第3*級': 2, '第4級': 2, '第5級': 2, '第1*級': 4, 'Unknown': 5}",0,Y,N,N,N
公元784年，南詔國創建者異牟尋封玉龍雪山為北岳，並在山下建北岳廟，廟內供奉納西族和周圍各民族共同敬仰的雪山神靈阿普三朵。,公元 784年 南詔國 創建 者 異牟尋 封 玉龍 雪山 為 北岳 並 在 山 下 建 北岳廟 廟 內 供奉 納西族 和 周圍 各 民族 共同 敬仰 的 雪山 神靈 阿普三朵,31,公元(11485) 784年(1) 南詔國(31) 創建(2542) 者(423504) 異牟尋(15) 封(32905) 玉龍(71) 雪山(1569) 為(761341) 北岳(12) 並(442790) 在(3284238) 山(54936) 下(329549) 建(13839) 北岳廟(1) 廟(9842) 內(183051) 供奉(2890) 納西族(173) 和(1338337) 周圍(15078) 各(243023) 民族(25724) 共同(36636) 敬仰(647) 的(16029838) 雪山(1569) 神靈(3005) 阿普三朵(Unknown),"{'High': 24, 'Low': 7}","{'Unknown': 16, '第6級': 2, '第3級': 2, '第4*級': 3, '第1*級': 3, '第5級': 1, '第2級': 1, '第4級': 1, '第7級': 1, '第1級': 1}",6,Y,Y,N,Y
元世祖忽必烈統一中國，革囊渡江，敕封玉龍雪山為「大聖雪石定國安邦景帝」。,元世祖 忽必烈 統一 中國 革囊 渡江 敕封 玉龍 雪山 為 大聖 雪 石 定 國 安邦 景帝,17,元世祖(154) 忽必烈(5) 統一(14407) 中國(214840) 革囊(14) 渡江(775) 敕封(27) 玉龍(71) 雪山(1569) 為(761341) 大聖(239) 雪(12104) 石(12692) 定(18743) 國(73377) 安邦(1237) 景帝(768),"{'High': 13, 'Low': 4}","{'Unknown': 12, '第4*級': 1, '第1級': 2, '第2*級': 1, '第4級': 1}",2,Y,N,N,Y
此後官吏學仕到此都留下不少頌揚雪山的詩文。,此後 官吏 學仕 到 此 都 留下 不少 頌揚 雪山 的 詩文,12,此後(6678) 官吏(4509) 學仕(1) 到(546906) 此(288458) 都(1125846) 留下(29992) 不少(35256) 頌揚(838) 雪山(1569) 的(16029838) 詩文(2217),"{'High': 11, 'Low': 1}","{'第5級': 2, '第7級': 1, 'Unknown': 5, '第1級': 3, '第3*級': 1}",0,Y,N,N,N
元人李京詩讚：「麗江雪山天下絕，積玉堆瓊幾千疊。,元人 李京 詩 讚 麗江 雪山 天下 絕 積 玉 堆 瓊 幾千 疊,14,元人(140) 李京(1) 詩(38349) 讚(1606) 麗江(316) 雪山(1569) 天下(39391) 絕(6651) 積(2541) 玉(5932) 堆(24963) 瓊(407) 幾千(3973) 疊(4437),"{'High': 13, 'Low': 1}","{'Unknown': 7, '第5級': 4, '第6級': 2, '第4級': 1}",0,Y,N,N,Y
足盤原地背摩天，衡畢真成兩丘垤」。,足 盤 原地 背 摩天 衡 畢 真 成 兩 丘垤,11,足(8697) 盤(10086) 原地(3850) 背(24790) 摩天(112) 衡(244) 畢(2852) 真(137497) 成(76470) 兩(526190) 丘垤(Unknown),"{'High': 10, 'Low': 1}","{'Unknown': 6, '第2*級': 1, '第6級': 1, '第1*級': 1, '第4*級': 1, '第1級': 1}",0,Y,N,N,N
此話不假，因為被稱為中原「五岳」的北岳恆山，比玉龍要低3800米！,此 話 不 假 因為 被 稱為 中原 五岳 的 北岳 恆山 比 玉龍 要 低 3800 米,18,此(288458) 話(148020) 不(2282521) 假(18056) 因為(425061) 被(540683) 稱為(34293) 中原(6218) 五岳(Unknown) 的(16029838) 北岳(12) 恆山(215) 比(170486) 玉龍(71) 要(851264) 低(32663) 3800(16) 米(25678),"{'High': 14, 'Low': 4}","{'第5級': 1, '第1級': 4, 'Unknown': 7, '第1*級': 3, '第2級': 1, '第4*級': 1, '第3*級': 1}",1,Y,Y,N,N
過溪瀑，穿密林，越斷崖，車停海拔近三千米的干海壩。,過 溪瀑 穿 密林 越 斷崖 車 停 海拔 近 三千 米 的 干海壩,14,過(412878) 溪瀑(1) 穿(46113) 密林(503) 越(69540) 斷崖(596) 車(47590) 停(21846) 海拔(2509) 近(43555) 三千(5525) 米(25678) 的(16029838) 干海壩(Unknown),"{'High': 12, 'Low': 2}","{'第1*級': 2, 'Unknown': 5, '第3級': 2, '第1級': 2, '第6級': 1, '第2級': 1, '第3*級': 1}",1,Y,N,N,N
據說這裡原是大海的海底，滄海桑田大動大變，至今還明顯地留下了冰河時期地球氣溫轉曖、雪線上升時的舊有地貌。,據說 這裡 原是 大海 的 海 底 滄海桑田 大動 大變 至今 還 明顯 地 留下 了 冰河 時期 地球 氣溫 轉 曖 雪線 上升 時 的 舊有 地貌,28,據說(16336) 這裡(100385) 原是(4301) 大海(7293) 的(16029838) 海(33696) 底(37174) 滄海桑田(184) 大動(530) 大變(1040) 至今(14540) 還(625086) 明顯(35623) 地(754998) 留下(29992) 了(3199291) 冰河(833) 時期(47839) 地球(21533) 氣溫(2355) 轉(20108) 曖(36) 雪線(42) 上升(8886) 時(623734) 的(16029838) 舊有(1870) 地貌(365),"{'High': 26, 'Low': 2}","{'第4*級': 2, '第1級': 3, 'Unknown': 15, '第2級': 1, '第3*級': 3, '第5級': 2, '第4級': 2}",1,Y,N,N,N
草坪到處散落著冰川最長時間流下的冰漬石。,草坪 到處 散落 著 冰川 最 長時間 流下 的 冰漬石,10,草坪(1746) 到處(19723) 散落(1873) 著(1004687) 冰川(395) 最(421680) 長時間(979) 流下(2084) 的(16029838) 冰漬石(Unknown),"{'High': 9, 'Low': 1}","{'第6級': 2, '第3級': 1, 'Unknown': 5, '第1*級': 1, '第1級': 1}",2,Y,N,N,N
我不懂地質，放棄了考察的好機會，一心只想早登纜車，到雲杉坪去瞻仰玉龍十三峰。,我 不 懂 地質 放棄 了 考察 的 好 機會 一心 只 想 早 登 纜車 到 雲杉坪 去 瞻仰 玉龍 十三 峰,23,我(3033032) 不(2282521) 懂(32301) 地質(1191) 放棄(27664) 了(3199291) 考察(5256) 的(16029838) 好(448428) 機會(81244) 一心(5936) 只(436725) 想(449884) 早(62038) 登(6176) 纜車(382) 到(546906) 雲杉坪(4) 去(479993) 瞻仰(506) 玉龍(71) 十三(9810) 峰(1348),"{'High': 21, 'Low': 2}","{'第1級': 7, '第1*級': 2, 'Unknown': 9, '第4級': 1, '第6級': 2, '第2級': 1, '第7級': 1}",1,Y,N,N,N
冷風陣陣，頗覺高處不勝寒，我忽然緊張起來，倒不是高山反應，我怕那雲來霧擋再次把玉龍擋在我走近她的身旁。,冷風 陣陣 頗覺 高處 不勝 寒 我 忽然 緊張 起來 倒 不 是 高山 反應 我 怕 那 雲 來 霧 擋 再次 把 玉龍 擋 在 我 走近 她 的 身旁,32,冷風(26) 陣陣(2080) 頗覺(244) 高處(2617) 不勝(1856) 寒(5162) 我(3033032) 忽然(22293) 緊張(27303) 起來(110738) 倒(40381) 不(2282521) 是(4642407) 高山(5393) 反應(53196) 我(3033032) 怕(46704) 那(754138) 雲(19452) 來(742183) 霧(5459) 擋(4214) 再次(21282) 把(617773) 玉龍(71) 擋(4214) 在(3284238) 我(3033032) 走近(4261) 她(1052913) 的(16029838) 身旁(7813),"{'Low': 2, 'High': 30}","{'Unknown': 11, '第1級': 9, '第4級': 3, '第2級': 2, '第1*級': 3, '第5級': 4}",0,Y,N,N,N
果然，才登上雙人纜車提升的時候，空中飄起清冷的雨珠，同伴寬慰我：「雨，不會下。,果然 才 登上 雙人 纜車 提升 的 時候 空中 飄起 清冷 的 雨珠 同伴 寬慰 我 雨 不會 下,19,果然(17751) 才(394539) 登上(6844) 雙人(434) 纜車(382) 提升(17122) 的(16029838) 時候(199970) 空中(9571) 飄起(18) 清冷(331) 的(16029838) 雨珠(70) 同伴(5579) 寬慰(513) 我(3033032) 雨(16736) 不會(173045) 下(329549),"{'High': 17, 'Low': 2}","{'第4*級': 2, '第2級': 1, 'Unknown': 7, '第6級': 1, '第1級': 4, '第5級': 1, '第7級': 1, '第1*級': 2}",0,Y,N,N,N
不過，看玉龍恐怕要看緣份了。」,不過 看 玉龍 恐怕 要 看 緣份 了,8,不過(186226) 看(444691) 玉龍(71) 恐怕(22544) 要(851264) 看(444691) 緣份(384) 了(3199291),"{'High': 7, 'Low': 1}","{'第2級': 1, 'Unknown': 4, '第4級': 1, '第1級': 1, '第5級': 1}",0,Y,Y,N,N
難道千里奔波為她而來，竟落個失之交臂？,難道 千 里 奔波 為 她 而 來 竟 落 個 失之交臂,12,難道(22961) 千(19677) 里(23230) 奔波(1707) 為(761341) 她(1052913) 而(937923) 來(742183) 竟(35425) 落(7273) 個(2296574) 失之交臂(127),{'High': 12},"{'第4*級': 2, '第1級': 4, '第6級': 2, 'Unknown': 2, '第5級': 2}",1,Y,Y,N,N
收住一時的苦澀，我立即被滿山青翠和清亮的畫眉啼鳴吸引住了。,收住 一時 的 苦澀 我 立即 被 滿 山 青翠 和 清亮 的 畫眉 啼鳴 吸引住 了,17,收住(178) 一時(19906) 的(16029838) 苦澀(1273) 我(3033032) 立即(28594) 被(540683) 滿(46727) 山(54936) 青翠(399) 和(1338337) 清亮(416) 的(16029838) 畫眉(520) 啼鳴(Unknown) 吸引住(667) 了(3199291),"{'High': 16, 'Low': 1}","{'Unknown': 7, '第4*級': 1, '第1級': 3, '第7級': 2, '第5級': 1, '第2級': 1, '第3級': 1, '第1*級': 1}",1,Y,Y,N,N
15分鐘的纜車行，如同踏進尋視森林王國的畫廊，由下而上次第生長著雲南松、華山松、鐵杉、雲杉、紅杉、冷杉以及各種松柏，滿山的栗樹枝繁葉茂，與高大的松、杉混交成林，造就蔥郁的綠色世界。,15 分鐘 的 纜車 行 如同 踏進 尋 視 森林 王國 的 畫廊 由 下 而 上 次第 生長 著 雲南 松 華山 松 鐵杉 雲杉 紅杉 冷杉 以及 各 種 松柏 滿 山 的 栗樹 枝 繁 葉 茂 與 高大 的 松 杉 混 交 成 林 造就 蔥郁 的 綠色 世界,54,15(11053) 分鐘(52479) 的(16029838) 纜車(382) 行(63474) 如同(24070) 踏進(2346) 尋(8337) 視(15590) 森林(14387) 王國(8414) 的(16029838) 畫廊(2873) 由(208604) 下(329549) 而(937923) 上(1233218) 次第(493) 生長(11628) 著(1004687) 雲南(3924) 松(3704) 華山(1476) 松(3704) 鐵杉(80) 雲杉(130) 紅杉(815) 冷杉(126) 以及(155624) 各(243023) 種(701563) 松柏(341) 滿(46727) 山(54936) 的(16029838) 栗樹(41) 枝(8119) 繁(1507) 葉(18263) 茂(1587) 與(968432) 高大(6295) 的(16029838) 松(3704) 杉(1923) 混(7228) 交(9409) 成(76470) 林(10268) 造就(3295) 蔥郁(11) 的(16029838) 綠色(9303) 世界(165235),"{'High': 51, 'Low': 3}","{'Unknown': 22, '第1*級': 4, '第1級': 6, '第5級': 5, '第6級': 5, '第4級': 2, '第4*級': 6, '第2級': 2, '第3級': 1, '第2*級': 1}",0,Y,Y,N,N
據說，這裡的喬木樹種有一百多種，二十多個完整的森林群落，它還是中國三大名花：杜鵑、報春、龍膽的發源地之一，五千多個高山杜鵑品種，織滿了從春到秋三個繁盛花季。,據說 這裡 的 喬木 樹種 有 一百多 種 二十多 個 完整 的 森林 群落 它 還 是 中 國三 大 名花 杜鵑 報春 龍膽 的 發源地 之 一 五千多 個 高山 杜鵑 品種 織 滿 了 從 春 到 秋 三 個 繁盛 花季,44,據說(16336) 這裡(100385) 的(16029838) 喬木(701) 樹種(510) 有(2217079) 一百多(3148) 種(701563) 二十多(4393) 個(2296574) 完整(19201) 的(16029838) 森林(14387) 群落(729) 它(316854) 還(625086) 是(4642407) 中(1011729) 國三(327) 大(525780) 名花(89) 杜鵑(934) 報春(16) 龍膽(37) 的(16029838) 發源地(547) 之(875481) 一(3701681) 五千多(224) 個(2296574) 高山(5393) 杜鵑(934) 品種(2982) 織(2477) 滿(46727) 了(3199291) 從(496546) 春(12629) 到(546906) 秋(8970) 三(313861) 個(2296574) 繁盛(557) 花季(184),"{'High': 41, 'Low': 3}","{'第4*級': 2, '第1級': 13, 'Unknown': 20, '第4級': 1, '第1*級': 2, '第7級': 1, '第5級': 2, '第3級': 1, '第2級': 1, '第2*級': 1}",4,Y,N,N,N
麗江古城的建築，顯露出納西族的獨有民族特色。,麗江 古城 的 建築 顯露出 納西族 的 獨有 民族 特色,10,麗江(316) 古城(1274) 的(16029838) 建築(31065) 顯露出(1301) 納西族(173) 的(16029838) 獨有(1116) 民族(25724) 特色(16060),{'High': 10},"{'Unknown': 5, '第1級': 2, '第4*級': 2, '第4級': 1}",2,Y,N,N,Y
聰明的麗江人在纜車站到雲杉坪的原始森林間，開闢出一條曲曲彎彎的棧道，清朗古樸幽靜深遠，像是靠近玉龍竹序曲，先由管樂飛出一串悠揚的旋律。,聰明 的 麗江人 在 纜車站 到 雲杉坪 的 原始 森林 間 開闢 出 一 條 曲曲彎彎 的 棧道 清朗 古樸 幽靜 深遠 像是 靠近 玉龍竹 序曲 先 由 管樂 飛出 一 串 悠揚 的 旋律,35,聰明(27161) 的(16029838) 麗江人(Unknown) 在(3284238) 纜車站(33) 到(546906) 雲杉坪(4) 的(16029838) 原始(11993) 森林(14387) 間(115638) 開闢(2108) 出(84457) 一(3701681) 條(115362) 曲曲彎彎(Unknown) 的(16029838) 棧道(425) 清朗(419) 古樸(489) 幽靜(662) 深遠(4206) 像是(49912) 靠近(12300) 玉龍竹(Unknown) 序曲(583) 先(136649) 由(208604) 管樂(146) 飛出(1086) 一(3701681) 串(5561) 悠揚(618) 的(16029838) 旋律(3537),"{'High': 30, 'Low': 5}","{'第2*級': 1, '第1級': 7, 'Unknown': 12, '第1*級': 3, '第5級': 3, '第4級': 2, '第6級': 2, '第2級': 1, '第7級': 3, '第4*級': 1}",5,Y,Y,N,N
久居鬧市，一路進濃墨般重綠的原始大森中間，我的心都要碎了。,久居 鬧市 一路 進 濃墨 般 重 綠 的 原始 大 森 中間 我 的 心 都 要 碎 了,20,久居(Unknown) 鬧市(344) 一路(14840) 進(40005) 濃墨(87) 般(44639) 重(31331) 綠(15200) 的(16029838) 原始(11993) 大(525780) 森(513) 中間(19003) 我(3033032) 的(16029838) 心(180243) 都(1125846) 要(851264) 碎(4911) 了(3199291),"{'Low': 2, 'High': 18}","{'Unknown': 6, '第6級': 2, '第1*級': 1, '第2級': 3, '第1級': 6, '第5級': 2}",0,Y,N,N,N
那偉岸大木排列得遮天蔽日，那滿地郁郁的萬種草木，無不透露生命、生長、生生不息的真諦！,那 偉岸 大 木 排列 得 遮 天 蔽日 那 滿 地 郁郁 的 萬 種 草木 無不 透露 生命 生長 生生不息 的 真諦,24,那(754138) 偉岸(134) 大(525780) 木(9084) 排列(6361) 得(573721) 遮(2211) 天(330413) 蔽日(242) 那(754138) 滿(46727) 地(754998) 郁郁(28) 的(16029838) 萬(13178) 種(701563) 草木(2099) 無不(5780) 透露(7366) 生命(92595) 生長(11628) 生生不息(615) 的(16029838) 真諦(1324),"{'High': 23, 'Low': 1}","{'第1級': 6, 'Unknown': 7, '第4*級': 3, '第5級': 2, '第6級': 2, '第3級': 1, '第1*級': 1, '第7級': 2}",1,Y,N,N,N
撲鼻的花木清香和盈耳不絕的鳥鳴，是九天之上也難以享受的吧。,撲鼻 的 花木 清香 和 盈 耳 不絕 的 鳥鳴 是 九 天 之上 也 難以 享受 的 吧,19,撲鼻(714) 的(16029838) 花木(570) 清香(1028) 和(1338337) 盈(1088) 耳(16140) 不絕(1189) 的(16029838) 鳥鳴(385) 是(4642407) 九(34506) 天(330413) 之上(9083) 也(1590760) 難以(30294) 享受(21312) 的(16029838) 吧(184477),{'High': 19},"{'第7級': 2, '第1級': 8, 'Unknown': 5, '第6級': 1, '第4級': 2, '第5級': 1}",0,Y,Y,N,N
納西婦女族服裝上的「披星戴月」裝飾。,納西 婦女 族 服裝 上 的 披星戴月 裝飾,8,納西(156) 婦女(17834) 族(9285) 服裝(7264) 上(1233218) 的(16029838) 披星戴月(78) 裝飾(8122),"{'High': 7, 'Low': 1}","{'Unknown': 3, '第4級': 1, '第4*級': 1, '第1級': 2, '第5級': 1}",1,Y,N,N,Y
終於走進了廣袤的大草坪，高大的雲杉密密層層，如親兄弟般接肩拉臂站立，又像一圍厚重的屏風，把萬紫千紅的草坪護定。,終於 走進 了 廣袤 的 大 草坪 高大 的 雲杉 密密 層層 如 親兄弟 般 接肩拉臂 站立 又 像 一 圍 厚重 的 屏風 把 萬紫千紅 的 草坪 護定,29,終於(59622) 走進(19683) 了(3199291) 廣袤(492) 的(16029838) 大(525780) 草坪(1746) 高大(6295) 的(16029838) 雲杉(130) 密密(456) 層層(2721) 如(195069) 親兄弟(397) 般(44639) 接肩拉臂(Unknown) 站立(3564) 又(535555) 像(289494) 一(3701681) 圍(8035) 厚重(1820) 的(16029838) 屏風(1549) 把(617773) 萬紫千紅(95) 的(16029838) 草坪(1746) 護定(Unknown),"{'High': 26, 'Low': 3}","{'第4級': 1, 'Unknown': 13, '第1級': 6, '第6級': 3, '第4*級': 1, '第5級': 2, '第1*級': 2, '第2級': 1}",3,Y,N,N,N
納西、彝、苗、藏、？,納西 彝 苗 藏,4,納西(156) 彝(164) 苗(1406) 藏(19307),{'High': 4},"{'Unknown': 2, '第6級': 1, '第4*級': 1}",0,N,N,N,Y
僳、普米族的姑娘小伙子跳起了舞，遠處的牛群、馬群或靜靜地垂首吃草，或狂奔不羈在草坪上撒歡.........我癡情地沈進大自然的懷抱，忘記了一切，也忘記了追求一路的玉龍雪山。,僳 普米族 的 姑娘 小伙子 跳起 了 舞 遠處 的 牛群 馬群 或 靜靜 地 垂 首 吃草 或 狂奔 不羈 在 草坪 上 撒 歡 我 癡情 地 沈進 大自然 的 懷抱 忘記 了 一切 也 忘記 了 追求 一路 的 玉龍 雪山,44,僳(6) 普米族(24) 的(16029838) 姑娘(19561) 小伙子(4744) 跳起(295) 了(3199291) 舞(5995) 遠處(5818) 的(16029838) 牛群(579) 馬群(141) 或(478077) 靜靜(7581) 地(754998) 垂(3366) 首(44848) 吃草(775) 或(478077) 狂奔(1359) 不羈(768) 在(3284238) 草坪(1746) 上(1233218) 撒(4529) 歡(1507) 我(3033032) 癡情(525) 地(754998) 沈進(6) 大自然(10703) 的(16029838) 懷抱(4344) 忘記(16586) 了(3199291) 一切(95523) 也(1590760) 忘記(16586) 了(3199291) 追求(29080) 一路(14840) 的(16029838) 玉龍(71) 雪山(1569),"{'Low': 4, 'High': 40}","{'Unknown': 20, '第1級': 7, '第5級': 3, '第3級': 5, '第6級': 3, '第4*級': 2, '第7級': 1, '第1*級': 1, '第4級': 1, '第3*級': 1}",3,Y,Y,N,Y
不，又怎麼能忘呢？,不 又 怎麼 能 忘 呢,6,不(2282521) 又(535555) 怎麼(143418) 能(582260) 忘(24299) 呢(204566),{'High': 6},"{'第1級': 3, '第1*級': 2, '第2*級': 1}",0,Y,N,N,N
放眼望去，雲杉早已被飛動的白雲遮住，哪裡還有身披玉鱗銀甲的十三峰呢？,放眼 望去 雲杉 早已 被 飛動 的 白雲 遮住 哪裡 還 有 身 披 玉 鱗 銀甲 的 十三 峰 呢,21,放眼(1800) 望去(3269) 雲杉(130) 早已(21910) 被(540683) 飛動(127) 的(16029838) 白雲(2142) 遮住(2704) 哪裡(39993) 還(625086) 有(2217079) 身(122324) 披(3656) 玉(5932) 鱗(1138) 銀甲(13) 的(16029838) 十三(9810) 峰(1348) 呢(204566),"{'High': 20, 'Low': 1}","{'第6級': 1, 'Unknown': 10, '第2級': 1, '第1級': 5, '第4*級': 1, '第5級': 2, '第7級': 1}",0,Y,N,N,N
小汪帶我走上草屏一側的高坡，說這是瞻仰玉龍的最佳視點，說多少人在這裡拍到了漂亮的玉龍全景，還說......我無話可說，因為，雲杉盡處只有厚厚的雲海翻滾，並沒有相逢不相見的玉龍。,小汪 帶 我 走上 草屏 一 側 的 高坡 說 這 是 瞻仰 玉龍 的 最佳 視點 說 多少 人 在 這裡 拍到 了 漂亮 的 玉龍 全 景 還 說 我 無話可說 因為 雲杉 盡處 只 有 厚厚 的 雲海 翻滾 並 沒有 相逢 不 相見 的 玉龍,49,小汪(Unknown) 帶(105786) 我(3033032) 走上(8674) 草屏(Unknown) 一(3701681) 側(16187) 的(16029838) 高坡(130) 說(1285247) 這(2114032) 是(4642407) 瞻仰(506) 玉龍(71) 的(16029838) 最佳(27224) 視點(484) 說(1285247) 多少(50265) 人(1550512) 在(3284238) 這裡(100385) 拍到(1108) 了(3199291) 漂亮(19609) 的(16029838) 玉龍(71) 全(178642) 景(12183) 還(625086) 說(1285247) 我(3033032) 無話可說(122) 因為(425061) 雲杉(130) 盡處(33) 只(436725) 有(2217079) 厚厚(2706) 的(16029838) 雲海(285) 翻滾(1457) 並(442790) 沒有(594280) 相逢(1096) 不(2282521) 相見(3168) 的(16029838) 玉龍(71),"{'Low': 6, 'High': 43}","{'Unknown': 19, '第1級': 20, '第6級': 2, '第7級': 2, '第1*級': 4, '第2級': 1, '第4*級': 1}",1,Y,Y,N,Y
難道真的無緣？,難道 真的 無緣,3,難道(22961) 真的(88001) 無緣(1299),{'High': 3},"{'第4*級': 1, '第1*級': 1, '第7級': 1}",0,Y,N,N,N
難道就此而歸？,難道 就此 而 歸,4,難道(22961) 就此(7050) 而(937923) 歸(16865),{'High': 4},"{'第4*級': 1, 'Unknown': 1, '第5級': 1, '第6級': 1}",0,Y,Y,N,N
小汪看出了我的不捨，隨口說了句寬慰的話，他說，不久前朱鎔基副總理來的時候，也是這樣雲遮霧擋，不料朱副總理用手一指，立即雲開霧散，玉龍顯出真身，雖然只有三分鐘，也樂得大家有足夠的時間拍照留念。,小汪 看出 了 我 的 不捨 隨口 說 了 句 寬慰 的 話 他 說 不久 前 朱鎔基 副總理 來 的 時候 也 是 這樣 雲 遮 霧 擋 不料 朱 副總理 用 手 一 指 立即 雲 開 霧 散 玉龍 顯出 真身 雖然 只 有 三 分鐘 也 樂 得 大家 有 足夠 的 時間 拍照 留念,59,小汪(Unknown) 看出(19532) 了(3199291) 我(3033032) 的(16029838) 不捨(1420) 隨口(1776) 說(1285247) 了(3199291) 句(87396) 寬慰(513) 的(16029838) 話(148020) 他(2487930) 說(1285247) 不久(34049) 前(272709) 朱鎔基(667) 副總理(690) 來(742183) 的(16029838) 時候(199970) 也(1590760) 是(4642407) 這樣(288344) 雲(19452) 遮(2211) 霧(5459) 擋(4214) 不料(5016) 朱(9934) 副總理(690) 用(377038) 手(146361) 一(3701681) 指(84264) 立即(28594) 雲(19452) 開(62807) 霧(5459) 散(6636) 玉龍(71) 顯出(2144) 真身(52) 雖然(152988) 只(436725) 有(2217079) 三(313861) 分鐘(52479) 也(1590760) 樂(12194) 得(573721) 大家(109692) 有(2217079) 足夠(16814) 的(16029838) 時間(213595) 拍照(2914) 留念(413),"{'Low': 3, 'High': 56}","{'Unknown': 12, '第4級': 5, '第1級': 22, '第7級': 3, '第5級': 6, '第2級': 2, '第3級': 2, '第6級': 2, '第1*級': 4, '第4*級': 1}",3,Y,Y,N,Y
你何不一試呢？,你 何不 一 試 呢,5,你(1414837) 何不(3221) 一(3701681) 試(40277) 呢(204566),{'High': 5},"{'第1級': 3, 'Unknown': 1, '第2級': 1}",0,Y,N,N,N
我當然要試一試。,我 當然 要 試 一 試,6,我(3033032) 當然(113971) 要(851264) 試(40277) 一(3701681) 試(40277),{'High': 6},"{'第1級': 3, '第2級': 3}",0,Y,N,N,N
因為，當年徐霞客到此一遊，也發出過「雪山一指，豎立天外，若隱若現」的感慨。,因為 當年 徐霞客 到 此 一 遊 也 發出 過 雪山 一 指 豎立 天 外 若隱若現 的 感慨,19,因為(425061) 當年(25091) 徐霞客(99) 到(546906) 此(288458) 一(3701681) 遊(6316) 也(1590760) 發出(29993) 過(412878) 雪山(1569) 一(3701681) 指(84264) 豎立(1373) 天(330413) 外(109310) 若隱若現(405) 的(16029838) 感慨(3614),"{'High': 18, 'Low': 1}","{'第1*級': 2, '第4*級': 2, 'Unknown': 4, '第1級': 7, '第5級': 1, '第4級': 1, '第7級': 1, '第6級': 1}",2,Y,Y,N,Y
當然，他那「一指」並非我這「一指」，不過我還是卯足了勁，對著那個方向硬指了好幾指。,當然 他 那 一 指 並非 我 這 一 指 不過 我 還是 卯足 了 勁 對著 那 個 方向 硬 指 了 好幾 指,25,當然(113971) 他(2487930) 那(754138) 一(3701681) 指(84264) 並非(6540) 我(3033032) 這(2114032) 一(3701681) 指(84264) 不過(186226) 我(3033032) 還是(155231) 卯足(357) 了(3199291) 勁(2214) 對著(Unknown) 那(754138) 個(2296574) 方向(39560) 硬(15984) 指(84264) 了(3199291) 好幾(30650) 指(84264),"{'High': 24, 'Low': 1}","{'第2級': 2, '第1級': 9, '第4級': 5, 'Unknown': 5, '第1*級': 1, '第7級': 1, '第6級': 1, '第3*級': 1}",0,Y,Y,N,N
然而雲自雲來山自山，毫無動靜。,然而 雲 自 雲 來 山 自 山 毫無 動靜,10,然而(94482) 雲(19452) 自(59676) 雲(19452) 來(742183) 山(54936) 自(59676) 山(54936) 毫無(32086) 動靜(4159),{'High': 10},"{'第5級': 3, '第4級': 2, '第1級': 1, '第1*級': 2, 'Unknown': 1, '第6級': 1}",0,Y,Y,N,N
無法，我只好收拾相機，準備下山。,無法 我 只好 收拾 相機 準備 下山,7,無法(150606) 我(3033032) 只好(29170) 收拾(6751) 相機(3675) 準備(64901) 下山(5040),{'High': 7},"{'第5級': 2, '第1級': 1, '第3級': 1, '第6級': 1, '第2級': 1, 'Unknown': 1}",0,Y,N,N,N
突然，小汪高叫：「快看！」,突然 小汪 高叫 快 看,5,突然(69636) 小汪(Unknown) 高叫(40) 快(116207) 看(444691),"{'High': 3, 'Low': 2}","{'第4級': 1, 'Unknown': 3, '第1*級': 1}",0,Y,N,N,Y
只一刻，就見杉林後，雲搖霧撤，於濃雲深處，奇蹟般地閃出玉龍主峰，灰亮的身軀露出般般冰雪，襯托在墨綠的雲杉上面那橫臥一帶的白雲，真有如玉龍飛起，給我這個遠方來客一個親切的問候。,只 一 刻 就 見 杉林 後 雲 搖 霧 撤 於 濃雲 深處 奇蹟 般 地 閃出 玉龍 主峰 灰亮 的 身軀 露出 般 般 冰雪 襯托 在 墨綠 的 雲杉 上面 那 橫臥 一帶 的 白雲 真 有如 玉龍 飛起 給 我 這 個 遠方 來客 一 個 親切 的 問候,53,只(436725) 一(3701681) 刻(18151) 就(1737544) 見(179113) 杉林(109) 後(422857) 雲(19452) 搖(9311) 霧(5459) 撤(1497) 於(327210) 濃雲(3) 深處(8909) 奇蹟(8416) 般(44639) 地(754998) 閃出(492) 玉龍(71) 主峰(206) 灰亮(1) 的(16029838) 身軀(3635) 露出(17194) 般(44639) 般(44639) 冰雪(1082) 襯托(910) 在(3284238) 墨綠(121) 的(16029838) 雲杉(130) 上面(33520) 那(754138) 橫臥(148) 一帶(12544) 的(16029838) 白雲(2142) 真(137497) 有如(10689) 玉龍(71) 飛起(404) 給(240485) 我(3033032) 這(2114032) 個(2296574) 遠方(5438) 來客(670) 一(3701681) 個(2296574) 親切(7040) 的(16029838) 問候(2621),"{'High': 49, 'Low': 4}","{'第1*級': 4, '第1級': 14, '第5級': 6, 'Unknown': 19, '第4級': 2, '第4*級': 2, '第6級': 5, '第7級': 1}",0,Y,N,N,N
我驚呆了，怔怔地注視著逐漸升空的玉龍，只見她搖首擺尾緩緩離去，在她的身後滾起洶湧的雲濤。,我 驚呆 了 怔怔地 注視 著 逐漸 升空 的 玉龍 只 見 她 搖 首 擺尾 緩緩 離去 在 她 的 身後 滾 起 洶湧 的 雲濤,27,我(3033032) 驚呆(460) 了(3199291) 怔怔地(49) 注視(7040) 著(1004687) 逐漸(38705) 升空(659) 的(16029838) 玉龍(71) 只(436725) 見(179113) 她(1052913) 搖(9311) 首(44848) 擺尾(168) 緩緩(8879) 離去(8931) 在(3284238) 她(1052913) 的(16029838) 身後(9819) 滾(5972) 起(96746) 洶湧(2277) 的(16029838) 雲濤(3),"{'High': 24, 'Low': 3}","{'第1級': 6, '第7級': 1, 'Unknown': 10, '第5級': 3, '第1*級': 3, '第4*級': 2, '第3*級': 1, '第6級': 1}",1,Y,N,N,N
雲濤。,雲 濤,2,雲(19452) 濤(189),{'High': 2},"{'第4級': 1, 'Unknown': 1}",0,N,N,N,N
我總算看到了玉龍，還僥倖地拍下了她騰空飛起閃露的一瞬。,我 總算 看到 了 玉龍 還 僥倖 地 拍下 了 她 騰空 飛起 閃露 的 一 瞬,17,我(3033032) 總算(6947) 看到(159419) 了(3199291) 玉龍(71) 還(625086) 僥倖(1637) 地(754998) 拍下(932) 了(3199291) 她(1052913) 騰空(828) 飛起(404) 閃露(6) 的(16029838) 一(3701681) 瞬(336),"{'High': 15, 'Low': 2}","{'第1級': 4, '第5級': 1, '第1*級': 1, 'Unknown': 9, '第6級': 1, '第7級': 1}",0,Y,N,N,N
下山路上，省悟：人生如白駒過隙，萍水相逢的緣份能有幾次呢？,下 山 路 上 省悟 人生 如 白駒過隙 萍水相逢 的 緣份 能 有 幾 次 呢,16,下(329549) 山(54936) 路(74635) 上(1233218) 省悟(268) 人生(69234) 如(195069) 白駒過隙(23) 萍水相逢(141) 的(16029838) 緣份(384) 能(582260) 有(2217079) 幾(229415) 次(331701) 呢(204566),"{'High': 15, 'Low': 1}","{'第1*級': 3, '第1級': 6, 'Unknown': 4, '第4*級': 1, '第5級': 1, '第2級': 1}",2,Y,N,N,N
萍水相逢的緣份能有幾次呢？,萍水相逢 的 緣份 能 有 幾次 呢,7,萍水相逢(141) 的(16029838) 緣份(384) 能(582260) 有(2217079) 幾次(Unknown) 呢(204566),"{'High': 6, 'Low': 1}","{'Unknown': 2, '第1級': 3, '第5級': 1, '第1*級': 1}",1,Y,N,N,Y
北京人戲稱當胡同多如牛毛但在北京市府改造程下已日漸減少以建築物命名的官書院胡同。,北京人 戲稱 當 胡同 多 如 牛毛 但 在 北京 市府 改造 程 下 已 日漸 減少 以 建築物 命名 的 官書院 胡同,23,北京人(2206) 戲稱(491) 當(294625) 胡同(1448) 多(318992) 如(195069) 牛毛(392) 但(597124) 在(3284238) 北京(36363) 市府(433) 改造(6226) 程(3386) 下(329549) 已(215610) 日漸(3875) 減少(22815) 以(547785) 建築物(6830) 命名(4271) 的(16029838) 官書院(Unknown) 胡同(1448),"{'High': 22, 'Low': 1}","{'Unknown': 10, '第7級': 1, '第1級': 2, '第2級': 1, '第1*級': 2, '第5級': 3, '第6級': 2, '第3級': 1, '第4級': 1}",3,Y,Y,N,N
北京是我國封建時代最後的帝都，從金朝遷都燕京(今北京)後，北京開始躍上我國政治舞台，七百多年來，歷經元、明、清三朝歷代君王全力營建，北京不但成為我國六大古都之一，也是馳名世界的文化古都。,北京 是 我國 封建 時代 最後 的 帝都 從 金朝 遷都 燕京 今 北京 後 北京 開始 躍上 我國 政治 舞台 七百多 年 來 歷經 元 明 清 三 朝 歷代 君王 全力 營建 北京 不但 成為 我國 六 大 古都 之 一 也 是 馳名 世界 的 文化 古都,50,北京(36363) 是(4642407) 我國(7225) 封建(4653) 時代(74034) 最後(142102) 的(16029838) 帝都(20) 從(496546) 金朝(442) 遷都(1366) 燕京(981) 今(33635) 北京(36363) 後(422857) 北京(36363) 開始(245562) 躍上(597) 我國(7225) 政治(79504) 舞台(13305) 七百多(243) 年(514736) 來(742183) 歷經(5945) 元(60807) 明(21507) 清(31773) 三(313861) 朝(59301) 歷代(4542) 君王(5778) 全力(4329) 營建(611) 北京(36363) 不但(40359) 成為(143834) 我國(7225) 六(77936) 大(525780) 古都(398) 之(875481) 一(3701681) 也(1590760) 是(4642407) 馳名(350) 世界(165235) 的(16029838) 文化(115697) 古都(398),"{'High': 49, 'Low': 1}","{'Unknown': 22, '第1級': 13, '第6級': 3, '第4*級': 2, '第2級': 4, '第1*級': 1, '第4級': 2, '第3級': 1, '第5級': 2}",1,Y,Y,N,N
由於擁有萬里長城、故宮、頤和園、周口店、北海公園、天壇......等名聞遐邇的名勝古蹟，大陸實施改革開放政策後，北京迅速崛起，成為世界各地觀光客的新寵，不少觀光客抱著「到此一遊」的心態，湧向長城、故宮、天壇......但卻鮮有人真正走進北京的深處，想要擁抱北京，只有走進胡同、走進四合院！,由於 擁有 萬里長城 故宮 頤和園 周口店 北海 公園 天壇 等 名聞遐邇 的 名勝古蹟 大陸 實施 改革 開放政策 後 北京 迅速 崛起 成為 世界 各 地 觀光客 的 新寵 不少 觀光客 抱 著 到 此 一 遊 的 心態 湧向 長城 故宮 天壇 但 卻 鮮有 人 真正 走進 北京 的 深處 想要 擁抱 北京 只有 走進 胡同 走進 四合院,59,由於(88111) 擁有(55809) 萬里長城(308) 故宮(5500) 頤和園(547) 周口店(626) 北海(1023) 公園(13910) 天壇(393) 等(327380) 名聞遐邇(244) 的(16029838) 名勝古蹟(99) 大陸(27031) 實施(11851) 改革(21497) 開放政策(48) 後(422857) 北京(36363) 迅速(19888) 崛起(4377) 成為(143834) 世界(165235) 各(243023) 地(754998) 觀光客(2140) 的(16029838) 新寵(129) 不少(35256) 觀光客(2140) 抱(20933) 著(1004687) 到(546906) 此(288458) 一(3701681) 遊(6316) 的(16029838) 心態(12966) 湧向(470) 長城(3564) 故宮(5500) 天壇(393) 但(597124) 卻(333007) 鮮有(466) 人(1550512) 真正(77318) 走進(19683) 北京(36363) 的(16029838) 深處(8909) 想要(63278) 擁抱(8580) 北京(36363) 只有(43745) 走進(19683) 胡同(1448) 走進(19683) 四合院(529),"{'High': 57, 'Low': 2}","{'第4*級': 2, '第5級': 5, 'Unknown': 30, '第1*級': 1, '第3*級': 2, '第1級': 8, '第6級': 3, '第2級': 3, '第4級': 5}",9,Y,Y,N,N
北京的胡同形成於元朝，七百多年來，歷朝歷代對胡同的定義、名稱各有不同，從元朝到清朝，胡同的名稱就有火弄、胡洞、衖通、火衖、衙衕、衚衕、忽洞、湖洞......等十多種，名稱不同，各朝代對胡同的定義也略有不同，根據元末《析津志》記「大都街制，自南以至於北，謂之經，自東至西，謂之緯，大街二十四步闊，小街十二步闊，三百八十四火弄，二十九衖通，衖通六步闊」，元朝一步為五尺，一尺約為現在的零點三公尺，一步尺約一點五四公尺，胡同寬六步約合九點二四公尺，目前東四北區現存幾條元代胡同正符合元代胡同的標準。,北京 的 胡同 形成 於 元朝 七百多 年 來 歷 朝 歷代 對 胡同 的 定義 名稱 各 有 不同 從 元朝 到 清朝 胡同 的 名稱 就 有 火弄 胡洞 衖通 火衖 衙衕 衚衕 忽洞 湖洞 等 十多 種 名稱 不同 各 朝代 對 胡同 的 定義 也 略 有 不同 根據 元 末 析津志 記 大都街制 自 南 以至於 北 謂 之 經 自 東 至 西 謂 之 緯 大街 二十四 步 闊 小街 十二 步 闊 三百八十四 火弄 二十九 衖通 衖通 六 步 闊 元朝 一 步 為 五 尺 一 尺 約為 現在 的 零點三 公尺 一 步 尺 約 一點五四 公尺 胡同 寬 六 步 約 合 九點二四 公尺 目前 東 四 北區 現存 幾 條 元代 胡同 正 符合 元代 胡同 的 標準,130,北京(36363) 的(16029838) 胡同(1448) 形成(47486) 於(327210) 元朝(1478) 七百多(243) 年(514736) 來(742183) 歷(1731) 朝(59301) 歷代(4542) 對(897964) 胡同(1448) 的(16029838) 定義(16392) 名稱(11922) 各(243023) 有(2217079) 不同(159432) 從(496546) 元朝(1478) 到(546906) 清朝(9222) 胡同(1448) 的(16029838) 名稱(11922) 就(1737544) 有(2217079) 火弄(Unknown) 胡洞(Unknown) 衖通(Unknown) 火衖(Unknown) 衙衕(Unknown) 衚衕(1) 忽洞(Unknown) 湖洞(Unknown) 等(327380) 十多(4849) 種(701563) 名稱(11922) 不同(159432) 各(243023) 朝代(1630) 對(897964) 胡同(1448) 的(16029838) 定義(16392) 也(1590760) 略(12059) 有(2217079) 不同(159432) 根據(51908) 元(60807) 末(16354) 析津志(3) 記(16894) 大都街制(Unknown) 自(59676) 南(24203) 以至於(4191) 北(20351) 謂(15399) 之(875481) 經(38471) 自(59676) 東(28440) 至(101530) 西(42024) 謂(15399) 之(875481) 緯(354) 大街(4282) 二十四(7473) 步(45427) 闊(1306) 小街(2) 十二(22310) 步(45427) 闊(1306) 三百八十四(45) 火弄(Unknown) 二十九(1658) 衖通(Unknown) 衖通(Unknown) 六(77936) 步(45427) 闊(1306) 元朝(1478) 一(3701681) 步(45427) 為(761341) 五(112649) 尺(8531) 一(3701681) 尺(8531) 約為(1440) 現在(218744) 的(16029838) 零點三(30) 公尺(19233) 一(3701681) 步(45427) 尺(8531) 約(47731) 一點五四(1) 公尺(19233) 胡同(1448) 寬(12844) 六(77936) 步(45427) 約(47731) 合(11142) 九點二四(Unknown) 公尺(19233) 目前(48695) 東(28440) 四(141667) 北區(488) 現存(2653) 幾(229415) 條(115362) 元代(1051) 胡同(1448) 正(179334) 符合(19232) 元代(1051) 胡同(1448) 的(16029838) 標準(31106),"{'High': 112, 'Low': 18}","{'Unknown': 48, '第1級': 26, '第6級': 5, '第5級': 10, '第7級': 4, '第4*級': 8, '第2級': 6, '第3級': 3, '第1*級': 1, '第3*級': 11, '第4級': 6, '第2*級': 2}",10,Y,Y,N,Y
元朝對大街、小街、胡同的嚴格規定，隨著朝代的更迭，北京城建築風貌改變逐漸寬鬆，明朝初期廢棄部分元朝建築群，原址上出現一些不規則的小胡同，清廷入關後，廢除部分明朝的衛署、府第、倉場，廢址所在也形成一些胡同，這些胡同有些超過九點二公尺，有些則不足，但通稱為胡同，可見明、清時期，胡同寬度標準規定並無嚴格規定。,元朝 對 大街 小街 胡同 的 嚴格 規定 隨著 朝代 的 更迭 北京城 建築 風貌 改變 逐漸 寬鬆 明朝 初期 廢棄 部分 元朝 建築群 原址 上 出現 一些 不 規則 的 小 胡同 清廷 入關 後 廢除 部分 明朝 的 衛署 府第 倉場 廢址 所在 也 形成 一些 胡同 這些 胡同 有些 超過 九點二 公尺 有些 則 不足 但 通稱為 胡同 可見 明 清 時期 胡同 寬度 標準 規定 並 無 嚴格 規定,73,元朝(1478) 對(897964) 大街(4282) 小街(2) 胡同(1448) 的(16029838) 嚴格(13417) 規定(24592) 隨著(32948) 朝代(1630) 的(16029838) 更迭(665) 北京城(1040) 建築(31065) 風貌(2141) 改變(92018) 逐漸(38705) 寬鬆(1743) 明朝(7488) 初期(11598) 廢棄(2274) 部分(82518) 元朝(1478) 建築群(493) 原址(339) 上(1233218) 出現(124694) 一些(156929) 不(2282521) 規則(18168) 的(16029838) 小(318835) 胡同(1448) 清廷(4966) 入關(2085) 後(422857) 廢除(3114) 部分(82518) 明朝(7488) 的(16029838) 衛署(Unknown) 府第(413) 倉場(44) 廢址(11) 所在(13079) 也(1590760) 形成(47486) 一些(156929) 胡同(1448) 這些(315113) 胡同(1448) 有些(6971) 超過(30507) 九點二(1) 公尺(19233) 有些(6971) 則(254096) 不足(20371) 但(597124) 通稱為(320) 胡同(1448) 可見(3344) 明(21507) 清(31773) 時期(47839) 胡同(1448) 寬度(1405) 標準(31106) 規定(24592) 並(442790) 無(157858) 嚴格(13417) 規定(24592),"{'High': 68, 'Low': 5}","{'第7級': 6, '第1級': 10, 'Unknown': 25, '第4級': 10, '第5級': 5, '第6級': 6, '第4*級': 5, '第2級': 3, '第1*級': 2, '第3*級': 1}",4,Y,Y,N,Y
有如北京微血管平民生活作息地，如果把北京當作人體，胡同就是密密麻麻的微血管，缺少了胡同，北京必將了無生機，胡同是北京的脈絡、交通的衢道；也是平民百姓生活作息的場所；更是記錄北京七百年興衰的活歷史，漫步胡同，猶如走進歷史，在在令人發思古之幽情。,有如 北京 微血管 平民 生活 作息 地 如果 把 北京 當作 人體 胡同 就 是 密密麻麻 的 微血管 缺少 了 胡同 北京 必 將 了無 生機 胡同 是 北京 的 脈絡 交通 的 衢道 也 是 平民 百姓 生活 作息 的 場所 更 是 記錄 北京 七百 年 興衰 的 活 歷史 漫步 胡同 猶如 走進 歷史 在在 令 人 發 思古 之 幽情,64,有如(10689) 北京(36363) 微血管(328) 平民(4984) 生活(213189) 作息(2231) 地(754998) 如果(322121) 把(617773) 北京(36363) 當作(16643) 人體(10825) 胡同(1448) 就(1737544) 是(4642407) 密密麻麻(994) 的(16029838) 微血管(328) 缺少(6082) 了(3199291) 胡同(1448) 北京(36363) 必(37598) 將(448374) 了無(687) 生機(2426) 胡同(1448) 是(4642407) 北京(36363) 的(16029838) 脈絡(6527) 交通(11639) 的(16029838) 衢道(4) 也(1590760) 是(4642407) 平民(4984) 百姓(15824) 生活(213189) 作息(2231) 的(16029838) 場所(8263) 更(361676) 是(4642407) 記錄(18871) 北京(36363) 七百(1035) 年(514736) 興衰(951) 的(16029838) 活(49727) 歷史(96060) 漫步(2292) 胡同(1448) 猶如(5976) 走進(19683) 歷史(96060) 在在(1953) 令(128742) 人(1550512) 發(22092) 思古(202) 之(875481) 幽情(210),"{'High': 63, 'Low': 1}","{'第6級': 11, 'Unknown': 21, '第3級': 5, '第2級': 2, '第4級': 4, '第5級': 6, '第1級': 13, '第7級': 2}",3,Y,Y,N,N
老北京人說「北京的胡同有名的三百六，無名胡同似牛毛。」,老 北京人 說 北京 的 胡同 有名 的 三百六 無名 胡同 似 牛毛,13,老(75373) 北京人(2206) 說(1285247) 北京(36363) 的(16029838) 胡同(1448) 有名(8977) 的(16029838) 三百六(4) 無名(2433) 胡同(1448) 似(17655) 牛毛(392),"{'High': 12, 'Low': 1}","{'第1級': 4, 'Unknown': 6, '第2*級': 1, '第6級': 1, '第5級': 1}",2,Y,N,N,N
，雖然稍嫌誇大，但卻顯現出北京胡同之多。,雖然 稍嫌 誇大 但 卻 顯現出 北京 胡同 之多,9,雖然(152988) 稍嫌(402) 誇大(3256) 但(597124) 卻(333007) 顯現出(1683) 北京(36363) 胡同(1448) 之多(171),{'High': 9},"{'第2級': 2, 'Unknown': 5, '第6級': 1, '第4級': 1}",1,Y,Y,N,N
北京胡同形成於元朝，根據《析津志》記載，元朝大都有三百八十四火弄(廣義的胡同)、加上二十九條衖通，合計共有街巷胡同四百一十三條，到了明朝，根據「北京城復原圖」，街巷胡同有六百二十九條，直接稱為胡同有三百五十七條，其中羊房胡同、羅兒胡同門樓胡同、東絛兒胡同、羊肉胡同、磚塔胡同、粉子胡同、翠花胡同、弓弦胡同、月牙胡同、頭髮胡同、安兒胡同、油坊胡同、太僕寺街、堂子胡同、棗樹胡同、等三十餘條胡同，歷經數百年，至今名稱未變。,北京 胡同 形成 於 元朝 根據 析津志 記載 元朝 大都 有 三百八十四 火弄 廣義 的 胡同 加上 二十九 條 衖通 合計 共有 街 巷 胡同 四百一十三 條 到 了 明朝 根據 北京城 復原 圖 街 巷 胡同 有 六百二十九 條 直接 稱為 胡同 有 三百五十七 條 其中 羊房 胡同 羅兒 胡同 門樓 胡同 東絛兒 胡同 羊肉 胡同 磚塔 胡同 粉子 胡同 翠花 胡同 弓弦 胡同 月牙 胡同 頭髮 胡同 安兒 胡同 油坊 胡同 太僕寺 街 堂子 胡同 棗樹 胡同 等 三十餘 條 胡同 歷經 數百 年 至今 名稱 未 變,90,北京(36363) 胡同(1448) 形成(47486) 於(327210) 元朝(1478) 根據(51908) 析津志(3) 記載(18376) 元朝(1478) 大都(6626) 有(2217079) 三百八十四(45) 火弄(Unknown) 廣義(1783) 的(16029838) 胡同(1448) 加上(38121) 二十九(1658) 條(115362) 衖通(Unknown) 合計(1554) 共有(692) 街(17216) 巷(2863) 胡同(1448) 四百一十三(2) 條(115362) 到(546906) 了(3199291) 明朝(7488) 根據(51908) 北京城(1040) 復原(3725) 圖(46009) 街(17216) 巷(2863) 胡同(1448) 有(2217079) 六百二十九(Unknown) 條(115362) 直接(54798) 稱為(34293) 胡同(1448) 有(2217079) 三百五十七(13) 條(115362) 其中(95627) 羊房(1) 胡同(1448) 羅兒(Unknown) 胡同(1448) 門樓(300) 胡同(1448) 東絛兒(Unknown) 胡同(1448) 羊肉(1168) 胡同(1448) 磚塔(2) 胡同(1448) 粉子(6) 胡同(1448) 翠花(13) 胡同(1448) 弓弦(217) 胡同(1448) 月牙(150) 胡同(1448) 頭髮(19944) 胡同(1448) 安兒(23) 胡同(1448) 油坊(5) 胡同(1448) 太僕寺(59) 街(17216) 堂子(116) 胡同(1448) 棗樹(122) 胡同(1448) 等(327380) 三十餘(951) 條(115362) 胡同(1448) 歷經(5945) 數百(5902) 年(514736) 至今(14540) 名稱(11922) 未(101927) 變(80345),"{'High': 74, 'Low': 16}","{'Unknown': 51, '第6級': 3, '第5級': 5, '第7級': 3, '第4*級': 5, '第1級': 6, '第3級': 2, '第2級': 7, '第2*級': 4, '第4級': 2, '第3*級': 2}",10,Y,Y,N,Y
到了清朝，北京的胡同又增加許多，根據清‧朱一新《京師坊巷志稿》一書所列街巷有害有兩千零七十七條，其中直接稱為有害者有九百七十八條，民國時期，北京的胡同數目持續增加，日本人多田貞一《北京地名志》中記載，當時北京共有三千兩百多條胡同，最近的記錄則是翁立所著《北京的胡同》一書中所統計的數目，街巷胡同約六千一百零四條，直接稱為有胡同的有一千三百一十六條。,到 了 清朝 北京 的 胡同 又 增加 許多 根據 清 朱一新 京師坊巷志稿 一 書 所 列 街 巷 有害 有 兩千零七十七 條 其中 直接 稱為 有害 者 有 九百七十八 條 民國 時期 北京 的 胡同 數目 持續 增加 日本人 多田貞一 北京 地名 志 中 記載 當時 北京 共有 三千兩百多 條 胡同 最近 的 記錄 則 是 翁立 所 著 北京 的 胡同 一 書 中 所 統計 的 數目 街 巷 胡同 約 六千一百零四 條 直接 稱為 有 胡同 的 有 一千三百一十六 條,84,到(546906) 了(3199291) 清朝(9222) 北京(36363) 的(16029838) 胡同(1448) 又(535555) 增加(48296) 許多(159791) 根據(51908) 清(31773) 朱一新(10) 京師坊巷志稿(Unknown) 一(3701681) 書(174356) 所(527327) 列(10857) 街(17216) 巷(2863) 有害(3591) 有(2217079) 兩千零七十七(Unknown) 條(115362) 其中(95627) 直接(54798) 稱為(34293) 有害(3591) 者(423504) 有(2217079) 九百七十八(Unknown) 條(115362) 民國(16130) 時期(47839) 北京(36363) 的(16029838) 胡同(1448) 數目(6493) 持續(33796) 增加(48296) 日本人(15735) 多田貞一(Unknown) 北京(36363) 地名(2920) 志(3493) 中(1011729) 記載(18376) 當時(126214) 北京(36363) 共有(692) 三千兩百多(6) 條(115362) 胡同(1448) 最近(30174) 的(16029838) 記錄(18871) 則(254096) 是(4642407) 翁立(1) 所(527327) 著(1004687) 北京(36363) 的(16029838) 胡同(1448) 一(3701681) 書(174356) 中(1011729) 所(527327) 統計(9580) 的(16029838) 數目(6493) 街(17216) 巷(2863) 胡同(1448) 約(47731) 六千一百零四(Unknown) 條(115362) 直接(54798) 稱為(34293) 有(2217079) 胡同(1448) 的(16029838) 有(2217079) 一千三百一十六(2) 條(115362),"{'High': 75, 'Low': 9}","{'第1級': 16, 'Unknown': 30, '第7級': 1, '第1*級': 1, '第4級': 5, '第3*級': 4, '第4*級': 6, '第2級': 9, '第6級': 1, '第2*級': 2, '第5級': 7, '第3級': 2}",9,Y,N,N,Y
雖然多數胡同兩旁都灰牆灰瓦，乍看之下大同小異，但走進胡同才會發現每條胡同各有特色，每條胡同都有自己的故事，北京的胡同多如牛毛，想要一一探討，實在不容易，在比比皆是的胡同中，如果錯過被列為「胡同之最」的胡同，猶如入寶山空手而回，豈是「遺憾」兩字可以形容。,雖然 多數 胡同 兩旁 都 灰 牆 灰瓦 乍看 之下 大同小異 但 走進 胡同 才 會 發現 每 條 胡同 各 有 特色 每 條 胡同 都 有 自己 的 故事 北京 的 胡同 多 如 牛毛 想要 一一 探討 實在 不 容易 在 比比皆是 的 胡同 中 如果 錯過 被 列為 胡同 之 最 的 胡同 猶如 入 寶山 空手而回 豈是 遺憾 兩 字 可以 形容,67,雖然(152988) 多數(13621) 胡同(1448) 兩旁(1552) 都(1125846) 灰(6994) 牆(26918) 灰瓦(Unknown) 乍看(2077) 之下(34606) 大同小異(973) 但(597124) 走進(19683) 胡同(1448) 才(394539) 會(1014977) 發現(175233) 每(333357) 條(115362) 胡同(1448) 各(243023) 有(2217079) 特色(16060) 每(333357) 條(115362) 胡同(1448) 都(1125846) 有(2217079) 自己(744739) 的(16029838) 故事(101316) 北京(36363) 的(16029838) 胡同(1448) 多(318992) 如(195069) 牛毛(392) 想要(63278) 一一(11524) 探討(17823) 實在(51634) 不(2282521) 容易(80831) 在(3284238) 比比皆是(814) 的(16029838) 胡同(1448) 中(1011729) 如果(322121) 錯過(4695) 被(540683) 列為(3260) 胡同(1448) 之(875481) 最(421680) 的(16029838) 胡同(1448) 猶如(5976) 入(30777) 寶山(395) 空手而回(125) 豈是(793) 遺憾(9493) 兩(526190) 字(75654) 可以(560531) 形容(25604),"{'High': 66, 'Low': 1}","{'第2級': 10, '第4級': 2, 'Unknown': 23, '第1級': 14, '第5級': 7, '第6級': 2, '第1*級': 6, '第7級': 1, '第4*級': 2}",3,Y,Y,N,N
最長胡同三公里最短三十餘公尺。,最 長 胡同 三 公里 最 短 三十餘 公尺,9,最(421680) 長(107092) 胡同(1448) 三(313861) 公里(16646) 最(421680) 短(22412) 三十餘(951) 公尺(19233),{'High': 9},"{'第1*級': 3, 'Unknown': 3, '第1級': 1, '第4級': 2}",1,Y,N,N,N
北京最長的胡同當推東、西交民巷，這條朝露與北京最長的長安街平行，東起崇文門內大街、西至北新華街，全長三公里，排行第二的是東起崇文門外大街、西至前門大街的東、西打磨廠街。,北京 最 長 的 胡同 當 推 東 西 交民巷 這 條 朝露 與 北京 最 長 的 長安街 平行 東 起 崇文門 內 大街 西 至 北新華街 全 長 三 公里 排行 第二 的 是 東 起 崇文門 外 大街 西 至 前門 大街 的 東 西 打磨廠街,49,北京(36363) 最(421680) 長(107092) 的(16029838) 胡同(1448) 當(294625) 推(13235) 東(28440) 西(42024) 交民巷(19) 這(2114032) 條(115362) 朝露(114) 與(968432) 北京(36363) 最(421680) 長(107092) 的(16029838) 長安街(176) 平行(3112) 東(28440) 起(96746) 崇文門(45) 內(183051) 大街(4282) 西(42024) 至(101530) 北新華街(Unknown) 全(178642) 長(107092) 三(313861) 公里(16646) 排行(1458) 第二(98741) 的(16029838) 是(4642407) 東(28440) 起(96746) 崇文門(45) 外(109310) 大街(4282) 西(42024) 至(101530) 前門(1889) 大街(4282) 的(16029838) 東(28440) 西(42024) 打磨廠街(1),"{'High': 44, 'Low': 5}","{'Unknown': 19, '第1*級': 2, '第1級': 8, '第4級': 2, '第2*級': 4, '第2級': 6, '第4*級': 1, '第6級': 2, '第3*級': 2, '第3級': 1, '第5級': 2}",6,Y,Y,N,N
最短的胡同位在素有「九布精華萃一街」的琉璃廠廠廠最短的胡同位在素有「九布精華萃一街」的琉璃廠廠黃山，以山名，遊黃山自然是玩山了。,最 短 的 胡同 位在 素有 九 布 精華 萃 一 街 的 琉璃廠 廠廠 最 短 的 胡同 位在 素有 九布 精華 萃一街 的 琉璃廠 廠黃山 以 山 名 遊 黃山 自然 是 玩 山 了,37,最(421680) 短(22412) 的(16029838) 胡同(1448) 位在(30) 素有(768) 九(34506) 布(9262) 精華(2141) 萃(321) 一(3701681) 街(17216) 的(16029838) 琉璃廠(131) 廠廠(Unknown) 最(421680) 短(22412) 的(16029838) 胡同(1448) 位在(30) 素有(768) 九布(Unknown) 精華(2141) 萃一街(Unknown) 的(16029838) 琉璃廠(131) 廠黃山(Unknown) 以(547785) 山(54936) 名(136287) 遊(6316) 黃山(406) 自然(91995) 是(4642407) 玩(38177) 山(54936) 了(3199291),"{'High': 31, 'Low': 6}","{'第1*級': 7, '第1級': 7, 'Unknown': 14, '第7級': 2, '第4*級': 1, '第6級': 2, '第2*級': 1, '第5級': 1, '第2級': 1, '第3*級': 1}",4,Y,N,N,Y
加之黃山夙以奇松、怪石、雲海、溫泉「四絕」著稱於世，登山便成了遊者的唯一目的。,加之 黃山 夙 以 奇松 怪石 雲海 溫泉 四 絕 著稱 於 世 登山 便 成 了 遊 者 的 唯一 目的,22,加之(682) 黃山(406) 夙(297) 以(547785) 奇松(Unknown) 怪石(226) 雲海(285) 溫泉(2435) 四(141667) 絕(6651) 著稱(1546) 於(327210) 世(13336) 登山(2895) 便(220860) 成(76470) 了(3199291) 遊(6316) 者(423504) 的(16029838) 唯一(39149) 目的(45226),"{'High': 21, 'Low': 1}","{'Unknown': 10, '第5級': 4, '第3級': 1, '第1級': 2, '第6級': 2, '第7級': 1, '第4*級': 1, '第3*級': 1}",0,Y,Y,N,N
於是，置鞋買杖，減裝輕身，收拾相機，只待登高一遊了。,於是 置 鞋 買 杖 減 裝 輕 身 收拾 相機 只 待 登高 一 遊 了,17,於是(108155) 置(5888) 鞋(5886) 買(59736) 杖(3667) 減(5855) 裝(17432) 輕(18944) 身(122324) 收拾(6751) 相機(3675) 只(436725) 待(32599) 登高(659) 一(3701681) 遊(6316) 了(3199291),{'High': 17},"{'第4*級': 2, 'Unknown': 5, '第1*級': 2, '第1級': 2, '第3*級': 1, '第3級': 1, '第2*級': 1, '第5級': 2, '第6級': 1}",0,Y,Y,N,N
遊山必登山，這是合情合理的事，就連清代大文學家隨圓主人袁枚寫的名篇「遊黃山記」也是通篇的登攀啊，艱難哪，奇美呀，喟嘆：這趟遊黃山「步行五十餘里，入山凡七日。」,遊 山 必 登山 這 是 合情合理 的 事 就 連 清代 大文學家 隨圓 主人 袁枚 寫 的 名篇 遊 黃山 記 也 是 通 篇 的 登攀 啊 艱難 哪 奇美 呀 喟嘆 這 趟 遊 黃山 步行 五十餘 里 入 山 凡 七 日,46,遊(6316) 山(54936) 必(37598) 登山(2895) 這(2114032) 是(4642407) 合情合理(915) 的(16029838) 事(385949) 就(1737544) 連(91153) 清代(6584) 大文學家(Unknown) 隨圓(Unknown) 主人(25163) 袁枚(569) 寫(113933) 的(16029838) 名篇(1) 遊(6316) 黃山(406) 記(16894) 也(1590760) 是(4642407) 通(19493) 篇(46368) 的(16029838) 登攀(5) 啊(135484) 艱難(5744) 哪(64146) 奇美(281) 呀(47302) 喟嘆(156) 這(2114032) 趟(11585) 遊(6316) 黃山(406) 步行(3973) 五十餘(464) 里(23230) 入(30777) 山(54936) 凡(9180) 七(59385) 日(94041),"{'High': 42, 'Low': 4}","{'Unknown': 16, '第1*級': 3, '第5級': 2, '第1級': 12, '第6級': 4, '第3*級': 2, '第4級': 3, '第4*級': 2, '第2級': 2}",3,Y,Y,N,Y
受了罪，卻不冤。,受 了 罪 卻 不 冤,6,受(109982) 了(3199291) 罪(11310) 卻(333007) 不(2282521) 冤(1213),{'High': 6},"{'第4級': 2, 'Unknown': 2, '第5級': 1, '第1級': 1}",0,Y,N,N,N
遊黃山，當然要玩山。,遊 黃山 當然 要 玩 山,6,遊(6316) 黃山(406) 當然(113971) 要(851264) 玩(38177) 山(54936),{'High': 6},"{'Unknown': 2, '第2級': 1, '第1級': 1, '第1*級': 2}",0,Y,N,N,N
那盡善盡美的佳境妙景絕非用言語所能表達。,那 盡善盡美 的 佳境 妙 景 絕非 用 言語 所 能 表達,12,那(754138) 盡善盡美(514) 的(16029838) 佳境(100) 妙(7382) 景(12183) 絕非(4277) 用(377038) 言語(9150) 所(527327) 能(582260) 表達(34582),"{'High': 11, 'Low': 1}","{'第1級': 3, 'Unknown': 3, '第5級': 1, '第6級': 2, '第2級': 1, '第1*級': 1, '第4*級': 1}",1,Y,N,N,N
如不親身上山屹苦受「罪」出汗受累，你斷然領略不到黃山滌蕩心肺、勾攝魂魄的無窮魅力！,如 不 親身 上山 屹 苦 受 罪 出汗 受累 你 斷然 領略 不 到 黃山 滌蕩 心 肺 勾攝 魂魄 的 無窮 魅力,24,如(195069) 不(2282521) 親身(4295) 上山(4033) 屹(25) 苦(19101) 受(109982) 罪(11310) 出汗(603) 受累(46) 你(1414837) 斷然(1944) 領略(982) 不(2282521) 到(546906) 黃山(406) 滌蕩(23) 心(180243) 肺(4249) 勾攝(3) 魂魄(1028) 的(16029838) 無窮(4794) 魅力(8207),"{'High': 20, 'Low': 4}","{'Unknown': 7, '第1級': 5, '第5級': 5, '第2級': 2, '第4級': 1, '第7級': 3, '第6級': 1}",0,Y,Y,N,N
也不會符合老前輩：「五岳歸來不看山，黃山歸來不看岳！」,也 不會 符合 老前輩 五 岳 歸來 不 看 山 黃山 歸來 不 看 岳,15,也(1590760) 不會(173045) 符合(19232) 老前輩(395) 五(112649) 岳(1716) 歸來(3285) 不(2282521) 看(444691) 山(54936) 黃山(406) 歸來(3285) 不(2282521) 看(444691) 岳(1716),{'High': 15},"{'第1級': 4, 'Unknown': 9, '第5級': 1, '第1*級': 1}",1,Y,N,N,N
的真知灼見。,的 真知灼見,2,的(16029838) 真知灼見(3),"{'High': 1, 'Low': 1}","{'第1級': 1, 'Unknown': 1}",1,N,N,N,N
山水畫廊新安江遊黃山絕非遊山輒止。,山水 畫廊 新安江 遊 黃山 絕非 遊 山 輒止,9,山水(2067) 畫廊(2873) 新安江(15) 遊(6316) 黃山(406) 絕非(4277) 遊(6316) 山(54936) 輒止(1),"{'High': 7, 'Low': 2}","{'第6級': 2, 'Unknown': 6, '第1*級': 1}",1,Y,N,N,N
往往，另一大去處就為眾多遊客所疏漏。,往往 另 一 大 去處 就 為 眾多 遊客 所 疏漏,11,往往(41388) 另(138369) 一(3701681) 大(525780) 去處(972) 就(1737544) 為(761341) 眾多(11350) 遊客(4899) 所(527327) 疏漏(419),{'High': 11},"{'第4*級': 1, '第3級': 1, '第1級': 3, 'Unknown': 4, '第5級': 1, '第2級': 1}",0,Y,N,N,N
只知其一，不知其二。,只 知 其 一 不 知 其 二,8,只(436725) 知(108500) 其(307905) 一(3701681) 不(2282521) 知(108500) 其(307905) 二(152494),{'High': 8},"{'第1*級': 1, 'Unknown': 2, '第6級': 2, '第1級': 3}",0,Y,N,N,N
這大去處便是與黃山息息相關、交相輝映的水——被歷代詩人歌不絕，譽為「山水畫廊」的新安江！,這 大 去處 便是 與 黃山 息息相關 交相 輝映 的 水 被 歷代 詩人 歌 不絕 譽為 山水 畫廊 的 新安江,21,這(2114032) 大(525780) 去處(972) 便是(6111) 與(968432) 黃山(406) 息息相關(2195) 交相(445) 輝映(599) 的(16029838) 水(86260) 被(540683) 歷代(4542) 詩人(14528) 歌(18438) 不絕(1189) 譽為(1433) 山水(2067) 畫廊(2873) 的(16029838) 新安江(15),"{'High': 20, 'Low': 1}","{'第1級': 5, 'Unknown': 7, '第4*級': 1, '第6級': 3, '第7級': 2, '第2級': 1, '第5級': 1, '第1*級': 1}",2,Y,Y,N,N
新安江發源於休寧西部的五股尖，經祁門、黟縣、屯溪、歙縣流入富春江、錢塘江。,新安江 發源 於 休寧 西部 的 五股尖 經 祁門 黟縣 屯溪 歙縣 流入 富春江 錢塘江,15,新安江(15) 發源(578) 於(327210) 休寧(47) 西部(5186) 的(16029838) 五股尖(Unknown) 經(38471) 祁門(74) 黟縣(47) 屯溪(34) 歙縣(119) 流入(2123) 富春江(35) 錢塘江(63),"{'Low': 8, 'High': 7}","{'Unknown': 13, '第5級': 1, '第1級': 1}",4,Y,N,N,N
新安江在境內長約二百三十公里，錯落著三百六十個灘。,新安江 在 境 內 長 約 二百三十 公里 錯落 著 三百六十 個 灘,13,新安江(15) 在(3284238) 境(15223) 內(183051) 長(107092) 約(47731) 二百三十(79) 公里(16646) 錯落(455) 著(1004687) 三百六十(517) 個(2296574) 灘(1294),"{'Low': 2, 'High': 11}","{'Unknown': 7, '第1*級': 1, '第3級': 1, '第3*級': 1, '第4級': 1, '第1級': 1, '第6級': 1}",3,Y,N,N,N
江水澄澈，兩岸奇峰比肩，山色空濛。,江水 澄澈 兩岸 奇峰 比肩 山色 空濛,7,江水(811) 澄澈(354) 兩岸(6984) 奇峰(107) 比肩(225) 山色(192) 空濛(15),"{'High': 6, 'Low': 1}","{'第7級': 1, 'Unknown': 6}",0,Y,N,N,N
泛舟江上，或急或徐，有驚無險。,泛舟 江 上 或 急 或 徐 有驚無險,8,泛舟(465) 江(15960) 上(1233218) 或(478077) 急(20730) 或(478077) 徐(3281) 有驚無險(156),{'High': 8},"{'Unknown': 3, '第4*級': 1, '第1級': 1, '第3級': 3}",1,Y,N,N,N
若三五知己，買舟對酌，坐觀山景，那愜意是遠非山上攀登者所能享用的。,若 三 五 知己 買 舟 對酌 坐觀 山景 那 愜意 是 遠 非 山 上 攀登 者 所 能 享用 的,22,若(92766) 三(313861) 五(112649) 知己(1904) 買(59736) 舟(4365) 對酌(1) 坐觀(57) 山景(83) 那(754138) 愜意(1139) 是(4642407) 遠(57546) 非(112415) 山(54936) 上(1233218) 攀登(1737) 者(423504) 所(527327) 能(582260) 享用(3152) 的(16029838),"{'High': 19, 'Low': 3}","{'Unknown': 5, '第1級': 7, '第6級': 3, '第7級': 2, '第2級': 2, '第5級': 1, '第1*級': 2}",0,Y,Y,N,N
無怪乎，李白有「人行明鏡中，鳥渡屏風裡。」,無怪乎 李白 有 人 行 明鏡 中 鳥 渡 屏風 裡,11,無怪乎(517) 李白(2092) 有(2217079) 人(1550512) 行(63474) 明鏡(1666) 中(1011729) 鳥(18798) 渡(4490) 屏風(1549) 裡(520435),{'High': 11},"{'第7級': 1, 'Unknown': 5, '第1級': 2, '第2級': 1, '第6級': 1, '第1*級': 1}",1,Y,N,N,Y
的雅興；黃仲則卻大呼：「一灘又一灘，一灘高一丈，三百六十灘，新安在天上！」,的 雅興 黃仲則 卻 大呼 一 灘 又 一 灘 一 灘 高 一 丈 三百六十 灘 新安 在 天 上,21,的(16029838) 雅興(225) 黃仲則(10) 卻(333007) 大呼(523) 一(3701681) 灘(1294) 又(535555) 一(3701681) 灘(1294) 一(3701681) 灘(1294) 高(128858) 一(3701681) 丈(4077) 三百六十(517) 灘(1294) 新安(181) 在(3284238) 天(330413) 上(1233218),"{'High': 20, 'Low': 1}","{'第1級': 8, 'Unknown': 5, '第4級': 1, '第6級': 4, '第1*級': 2, '第5級': 1}",2,Y,N,N,Y
胡舜陡的感受又不同：「觀山如走馬，倏忽過千景，人從雲中來，舟疑天上坐。」,胡舜陡 的 感受 又 不同 觀 山 如 走 馬 倏忽 過 千 景 人 從 雲 中 來 舟 疑 天 上 坐,24,胡舜陡(Unknown) 的(16029838) 感受(30399) 又(535555) 不同(159432) 觀(12845) 山(54936) 如(195069) 走(128453) 馬(49895) 倏忽(232) 過(412878) 千(19677) 景(12183) 人(1550512) 從(496546) 雲(19452) 中(1011729) 來(742183) 舟(4365) 疑(2606) 天(330413) 上(1233218) 坐(93873),"{'Low': 1, 'High': 23}","{'Unknown': 6, '第1級': 8, '第5級': 1, '第1*級': 4, '第3級': 1, '第6級': 2, '第2級': 1, '第4級': 1}",1,Y,N,N,Y
這真是遊山與遊水，情趣大不同。,這 真是 遊 山 與 遊 水 情趣 大 不同,10,這(2114032) 真是(17243) 遊(6316) 山(54936) 與(968432) 遊(6316) 水(86260) 情趣(1623) 大(525780) 不同(159432),{'High': 10},"{'第1級': 3, 'Unknown': 3, '第1*級': 1, '第4*級': 1, '第6級': 1, '第3級': 1}",0,Y,Y,N,N
聖賢說：「仁者樂山，智者樂水。」,聖賢 說 仁者樂山 智者樂水,4,聖賢(1310) 說(1285247) 仁者樂山(34) 智者樂水(Unknown),"{'High': 2, 'Low': 2}","{'第7級': 1, '第1級': 1, 'Unknown': 2}",2,Y,N,N,N
樂山水的人豈非既仁且智？,樂 山水 的 人 豈非 既 仁 且 智,9,樂(12194) 山水(2067) 的(16029838) 人(1550512) 豈非(741) 既(43838) 仁(2755) 且(67015) 智(5937),{'High': 9},"{'Unknown': 4, '第6級': 2, '第1級': 2, '第3級': 1}",0,Y,Y,N,N
新世紀的上游，正為藝山的山上「四絕」勾抹出一大筆酣暢淋漓的大寫意！,新 世紀 的 上游 正 為 藝山 的 山 上 四 絕 勾抹 出 一 大 筆 酣暢 淋漓 的 大 寫意,22,新(212453) 世紀(16204) 的(16029838) 上游(2860) 正(179334) 為(761341) 藝山(Unknown) 的(16029838) 山(54936) 上(1233218) 四(141667) 絕(6651) 勾抹(Unknown) 出(84457) 一(3701681) 大(525780) 筆(32010) 酣暢(200) 淋漓(865) 的(16029838) 大(525780) 寫意(230),"{'High': 20, 'Low': 2}","{'第1級': 9, '第4級': 1, '第6級': 2, '第3*級': 1, 'Unknown': 5, '第1*級': 3, '第7級': 1}",0,Y,N,N,N
新安江沿線古蹟多。,新安江 沿線 古蹟 多,4,新安江(15) 沿線(574) 古蹟(2555) 多(318992),"{'Low': 1, 'High': 3}","{'Unknown': 2, '第5級': 1, '第1級': 1}",1,Y,N,N,N
獨具特色徽文化奇山秀水本來相依相就。,獨具 特色 徽 文化 奇 山 秀水 本來 相依 相就,10,獨具(1060) 特色(16060) 徽(287) 文化(115697) 奇(11637) 山(54936) 秀水(22) 本來(33194) 相依(600) 相就(Unknown),"{'High': 8, 'Low': 2}","{'第7級': 1, '第4級': 1, 'Unknown': 5, '第2級': 2, '第1*級': 1}",0,Y,N,N,N
這山水共同養育了這塊土地上勤勞智慧的人，也創造了在中國歷史上獨具特色的「徵文化」。,這 山水 共同 養育 了 這 塊 土地 上 勤勞 智慧 的 人 也 創造 了 在 中國 歷史 上 獨具 特色 的 徵 文化,25,這(2114032) 山水(2067) 共同(36636) 養育(2916) 了(3199291) 這(2114032) 塊(54148) 土地(32151) 上(1233218) 勤勞(1964) 智慧(46294) 的(16029838) 人(1550512) 也(1590760) 創造(38327) 了(3199291) 在(3284238) 中國(214840) 歷史(96060) 上(1233218) 獨具(1060) 特色(16060) 的(16029838) 徵(4178) 文化(115697),{'High': 25},"{'第1級': 10, '第6級': 3, '第4級': 3, 'Unknown': 3, '第5級': 1, '第4*級': 1, '第1*級': 1, '第3級': 1, '第7級': 1, '第2級': 1}",0,Y,N,N,N
徽州，由來也古，古稱新安，從秦時置設的歙、黟二縣就有兩千多年的歷史。,徽州 由來 也 古 古稱 新安 從 秦 時 置設 的 歙 黟 二 縣 就 有 兩千多 年 的 歷史,21,徽州(391) 由來(2052) 也(1590760) 古(21972) 古稱(272) 新安(181) 從(496546) 秦(9466) 時(623734) 置設(Unknown) 的(16029838) 歙(134) 黟(40) 二(152494) 縣(9693) 就(1737544) 有(2217079) 兩千多(932) 年(514736) 的(16029838) 歷史(96060),"{'High': 19, 'Low': 2}","{'Unknown': 9, '第6級': 1, '第1級': 7, '第1*級': 1, '第3*級': 1, '第5級': 1, '第3級': 1}",1,Y,N,N,N
明清時期這一帶成了全國經濟文化最發達的地區之一，有「東南鄒魯」、「文物之海」的盛譽。,明 清 時期 這 一帶 成 了 全 國 經濟 文化 最 發達 的 地區 之 一 有 東南 鄒魯 文物 之 海 的 盛譽,25,明(21507) 清(31773) 時期(47839) 這(2114032) 一帶(12544) 成(76470) 了(3199291) 全(178642) 國(73377) 經濟(83046) 文化(115697) 最(421680) 發達(5976) 的(16029838) 地區(40339) 之(875481) 一(3701681) 有(2217079) 東南(4826) 鄒魯(71) 文物(5405) 之(875481) 海(33696) 的(16029838) 盛譽(109),"{'High': 24, 'Low': 1}","{'Unknown': 6, '第4*級': 4, '第1級': 6, '第2級': 3, '第4級': 2, '第1*級': 1, '第5級': 3}",0,Y,N,N,Y
徽州人傑地靈人文薈萃，例如，極重視讀書的徽商，構成京劇主要源頭之一的徵劇，不同南北凡響的徵菜，以磚、木、石、竹雕著稱的徽雕，新安畫派，新安醫學，徵派建築，徽派樸學，徽派盆景，徽派金石，徽派刻石，徽派版畫......只一個「徽」字便狀出千般不同，一方特色。,徽州 人傑地靈 人文薈萃 例如 極 重視 讀書 的 徽商 構成 京劇 主要 源頭 之 一 的 徵劇 不同 南北 凡 響 的 徵菜 以 磚 木 石 竹雕 著稱 的 徽雕 新安 畫派 新安 醫學 徵派 建築 徽派 樸學 徽派 盆景 徽派 金石 徽派 刻石 徽派 版畫 只 一 個 徽 字 便 狀 出 千般 不同 一方 特色,59,徽州(391) 人傑地靈(Unknown) 人文薈萃(100) 例如(72240) 極(61390) 重視(23501) 讀書(19269) 的(16029838) 徽商(209) 構成(16185) 京劇(1032) 主要(78757) 源頭(3659) 之(875481) 一(3701681) 的(16029838) 徵劇(Unknown) 不同(159432) 南北(4305) 凡(9180) 響(12644) 的(16029838) 徵菜(Unknown) 以(547785) 磚(3215) 木(9084) 石(12692) 竹雕(6) 著稱(1546) 的(16029838) 徽雕(Unknown) 新安(181) 畫派(603) 新安(181) 醫學(17096) 徵派(5) 建築(31065) 徽派(16) 樸學(37) 徽派(16) 盆景(275) 徽派(16) 金石(603) 徽派(16) 刻石(188) 徽派(16) 版畫(2412) 只(436725) 一(3701681) 個(2296574) 徽(287) 字(75654) 便(220860) 狀(2968) 出(84457) 千般(51) 不同(159432) 一方(1372) 特色(16060),"{'High': 45, 'Low': 14}","{'Unknown': 27, '第3*級': 2, '第4級': 4, '第3級': 3, '第1級': 8, '第5級': 3, '第6級': 5, '第4*級': 4, '第7級': 1, '第1*級': 2}",2,Y,Y,N,Y
傑出的文化代表人物有大理學家朱熹，活字印刷發明家畢昇，史志學家羅願，政略家朱升，醫學家汪機、汪昂、篆刻家何震、程邃，數學家程大位，新安畫派創始人漸江，戲劇家汪道昆、鄭之珍，經學家江永，哲學家戴震，光學家鄭復光，理財專家王茂蔭，「楊州八怪」中的羅聘、汪士慎，以及近代著名畫家黃賓虹，教育家陶行知，五四運動的主將之一胡適，音樂家張曙等等。,傑出 的 文化 代表 人物 有 大理 學家 朱熹 活字 印刷 發明家 畢昇 史志學家 羅願 政略家 朱升 醫學家 汪機 汪昂 篆刻家 何震 程邃 數學家 程大位 新安 畫派 創始人 漸江 戲劇家 汪道昆 鄭之珍 經學家 江永 哲學家 戴震 光學家 鄭復光 理財 專家 王茂蔭 楊州八怪 中 的 羅聘 汪士慎 以及 近代 著名 畫家 黃賓虹 教育家 陶行知 五四運動 的 主將 之 一 胡適 音樂家 張曙 等等,62,傑出(8102) 的(16029838) 文化(115697) 代表(58333) 人物(52614) 有(2217079) 大理(849) 學家(3241) 朱熹(1881) 活字(200) 印刷(5209) 發明家(1133) 畢昇(34) 史志學家(Unknown) 羅願(17) 政略家(3) 朱升(8) 醫學家(254) 汪機(1) 汪昂(45) 篆刻家(10) 何震(15) 程邃(2) 數學家(2061) 程大位(3) 新安(181) 畫派(603) 創始人(1531) 漸江(10) 戲劇家(167) 汪道昆(12) 鄭之珍(2) 經學家(77) 江永(14) 哲學家(6080) 戴震(66) 光學家(6) 鄭復光(3) 理財(2213) 專家(26090) 王茂蔭(16) 楊州八怪(Unknown) 中(1011729) 的(16029838) 羅聘(24) 汪士慎(16) 以及(155624) 近代(7878) 著名(20279) 畫家(16634) 黃賓虹(24) 教育家(1170) 陶行知(43) 五四運動(775) 的(16029838) 主將(926) 之(875481) 一(3701681) 胡適(3882) 音樂家(3308) 張曙(Unknown) 等等(38274),"{'High': 36, 'Low': 26}","{'第5級': 4, '第1級': 5, '第2級': 1, '第4級': 2, 'Unknown': 43, '第6級': 3, '第3*級': 2, '第7級': 1, '第4*級': 1}",23,Y,Y,N,Y
他們或以精深的學術思想藝術造詣。,他們 或 以 精深 的 學術 思想 藝術 造詣,9,他們(716752) 或(478077) 以(547785) 精深(303) 的(16029838) 學術(15150) 思想(45606) 藝術(80645) 造詣(978),{'High': 9},"{'第1級': 2, '第3級': 1, '第5級': 3, 'Unknown': 1, '第4級': 1, '第7級': 1}",0,Y,Y,N,N
自成體系，或都是以獨特的見解和風格標榜於世成為標新立異的帶頭人。,自成 體系 或 都 是 以 獨特 的 見解 和 風格 標榜 於 世 成為 標新立異 的 帶頭人,18,自成(1613) 體系(17906) 或(478077) 都(1125846) 是(4642407) 以(547785) 獨特(13428) 的(16029838) 見解(5986) 和(1338337) 風格(24707) 標榜(1598) 於(327210) 世(13336) 成為(143834) 標新立異(350) 的(16029838) 帶頭人(13),"{'High': 17, 'Low': 1}","{'Unknown': 5, '第6級': 2, '第3級': 1, '第1級': 4, '第5級': 5, '第7級': 1}",2,Y,Y,N,N
文風文物在歙縣悠久的歷史文化和特有的地理環境，還為這裡保存了極為豐富的文物古蹟。,文風 文物 在 歙縣 悠久 的 歷史 文化 和 特有 的 地理 環境 還 為 這裡 保存 了 極為 豐富 的 文物 古蹟,23,文風(537) 文物(5405) 在(3284238) 歙縣(119) 悠久(2063) 的(16029838) 歷史(96060) 文化(115697) 和(1338337) 特有(4925) 的(16029838) 地理(7072) 環境(71054) 還(625086) 為(761341) 這裡(100385) 保存(10152) 了(3199291) 極為(16223) 豐富(24271) 的(16029838) 文物(5405) 古蹟(2555),{'High': 23},"{'第7級': 2, 'Unknown': 7, '第1*級': 1, '第6級': 1, '第1級': 4, '第3級': 2, '第2級': 1, '第5級': 3, '第4*級': 1, '第4級': 1}",0,Y,Y,N,N
屯溪是進入黃山的門戶，也是黃山市政府的所在地。,屯溪 是 進入 黃山 的 門戶 也 是 黃山 市政府 的 所在地,12,屯溪(34) 是(4642407) 進入(66885) 黃山(406) 的(16029838) 門戶(2263) 也(1590760) 是(4642407) 黃山(406) 市政府(1750) 的(16029838) 所在地(1929),"{'Low': 1, 'High': 11}","{'Unknown': 5, '第1級': 5, '第4級': 1, '第6級': 1}",2,Y,N,N,N
但誰都知道進入這座古鎮，有如進入一座活生生的徽文化博物館。,但 誰 都 知道 進入 這 座 古鎮 有如 進入 一 座 活生生 的 徽 文化 博物館,17,但(597124) 誰(110452) 都(1125846) 知道(343214) 進入(66885) 這(2114032) 座(49959) 古鎮(66) 有如(10689) 進入(66885) 一(3701681) 座(49959) 活生生(3317) 的(16029838) 徽(287) 文化(115697) 博物館(9905),"{'High': 16, 'Low': 1}","{'第2級': 2, '第1級': 6, '第4級': 3, '第3*級': 2, 'Unknown': 2, '第6級': 2}",2,Y,Y,N,N
尤其是那條「老街」，淳樸得像一個健康的歷史老人，一任遊者徜徉，回到舊時的歲月。,尤其 是 那 條 老街 淳樸 得 像 一 個 健康 的 歷史 老人 一 任 遊 者 徜徉 回到 舊時 的 歲月,23,尤其(50700) 是(4642407) 那(754138) 條(115362) 老街(1019) 淳樸(441) 得(573721) 像(289494) 一(3701681) 個(2296574) 健康(50041) 的(16029838) 歷史(96060) 老人(23906) 一(3701681) 任(37811) 遊(6316) 者(423504) 徜徉(517) 回到(60084) 舊時(1380) 的(16029838) 歲月(8803),{'High': 23},"{'第3*級': 1, '第1級': 7, '第2級': 4, 'Unknown': 7, '第1*級': 1, '第3級': 1, '第5級': 2}",0,Y,N,N,N
屯溪地處皖、浙、贛三省邊耶和華要衝，四周環山。,屯溪 地處 皖 浙 贛 三 省 邊 耶和華 要衝 四周 環山,12,屯溪(34) 地處(984) 皖(321) 浙(1258) 贛(308) 三(313861) 省(17570) 邊(123152) 耶和華(1534) 要衝(146) 四周(14209) 環山(188),"{'Low': 1, 'High': 11}","{'Unknown': 8, '第1級': 1, '第4級': 1, '第1*級': 1, '第4*級': 1}",1,Y,N,N,Y
橫江、率水江合成新安江穿越而過。,橫江 率水江 合成 新安江 穿越 而 過,7,橫江(50) 率水江(Unknown) 合成(4445) 新安江(15) 穿越(5408) 而(937923) 過(412878),"{'Low': 3, 'High': 4}","{'Unknown': 3, '第5級': 3, '第1*級': 1}",2,Y,Y,N,N
早在南宗後期，徽商就以以這裡水陸交通便利，把屯溪當做皖南土特產品、特別是茶葉的集散地和徽商的大本營。,早 在 南宗 後期 徽商 就 以 以 這裡 水陸 交通 便利 把 屯溪 當做 皖南 土 特產品 特別 是 茶葉 的 集散地 和 徽商 的 大本營,27,早(62038) 在(3284238) 南宗(54) 後期(5048) 徽商(209) 就(1737544) 以(547785) 以(547785) 這裡(100385) 水陸(838) 交通(11639) 便利(3921) 把(617773) 屯溪(34) 當做(6939) 皖南(107) 土(10469) 特產品(60) 特別(91212) 是(4642407) 茶葉(2815) 的(16029838) 集散地(196) 和(1338337) 徽商(209) 的(16029838) 大本營(1424),"{'High': 24, 'Low': 3}","{'第1級': 6, '第1*級': 1, 'Unknown': 10, '第5級': 2, '第3級': 1, '第4級': 4, '第2級': 2, '第7級': 1}",3,Y,Y,N,N
抗戰時期還有「小上海」之稱。,抗戰 時期 還 有 小上海 之 稱,7,抗戰(4607) 時期(47839) 還(625086) 有(2217079) 小上海(Unknown) 之(875481) 稱(60191),"{'High': 6, 'Low': 1}","{'第6級': 1, '第4*級': 1, 'Unknown': 3, '第1級': 1, '第5級': 1}",1,Y,N,N,N
一條依山傍水的繁榮市街就這樣形成了。,一 條 依 山 傍 水 的 繁榮 市街 就 這樣 形成 了,13,一(3701681) 條(115362) 依(37519) 山(54936) 傍(770) 水(86260) 的(16029838) 繁榮(4568) 市街(770) 就(1737544) 這樣(288344) 形成(47486) 了(3199291),{'High': 13},"{'第1級': 4, '第2級': 1, 'Unknown': 4, '第1*級': 1, '第5級': 1, '第3級': 1, '第6級': 1}",0,Y,N,N,N
歷史更迭，人世滄桑，老街卻依舊保留「時衣冠」，褐紅麻石鋪路，白壁青瓦馬頭牆的典型徽派建築，兩邊鱗次櫛比的商家，以及各種牌匾旗幌，使遊人誤認走進了拍電影的外景地。,歷史 更迭 人世 滄桑 老街 卻 依舊 保留 時 衣冠 褐紅 麻石 鋪路 白 壁 青 瓦 馬頭牆 的 典型 徽派 建築 兩 邊 鱗次櫛比 的 商家 以及 各 種 牌匾 旗幌 使 遊人 誤認 走進 了 拍 電影 的 外景 地,42,歷史(96060) 更迭(665) 人世(3863) 滄桑(1077) 老街(1019) 卻(333007) 依舊(10984) 保留(11400) 時(623734) 衣冠(785) 褐紅(6) 麻石(8) 鋪路(617) 白(50836) 壁(3310) 青(6181) 瓦(2824) 馬頭牆(22) 的(16029838) 典型(13843) 徽派(16) 建築(31065) 兩(526190) 邊(123152) 鱗次櫛比(100) 的(16029838) 商家(1939) 以及(155624) 各(243023) 種(701563) 牌匾(19) 旗幌(Unknown) 使(197544) 遊人(519) 誤認(485) 走進(19683) 了(3199291) 拍(28875) 電影(115295) 的(16029838) 外景(774) 地(754998),"{'High': 35, 'Low': 7}","{'第3級': 2, '第7級': 5, '第6級': 3, 'Unknown': 16, '第4級': 1, '第5級': 4, '第3*級': 1, '第1*級': 3, '第1級': 4, '第4*級': 2, '第2級': 1}",2,Y,Y,N,Y
屯溪古樸，為我們保存了黃山人往昔的一角印象，真切具體，這是每個遊者該先去薰陶一番的。,屯溪 古樸 為 我們 保存 了 黃山人 往昔 的 一角 印象 真切 具體 這 是 每 個 遊 者 該 先 去 薰陶 一 番 的,26,屯溪(34) 古樸(489) 為(761341) 我們(979260) 保存(10152) 了(3199291) 黃山人(4) 往昔(1776) 的(16029838) 一角(659) 印象(24581) 真切(1202) 具體(20349) 這(2114032) 是(4642407) 每(333357) 個(2296574) 遊(6316) 者(423504) 該(148369) 先(136649) 去(479993) 薰陶(923) 一(3701681) 番(30293) 的(16029838),"{'Low': 2, 'High': 24}","{'Unknown': 8, '第1級': 8, '第5級': 2, '第6級': 1, '第4*級': 3, '第7級': 2, '第1*級': 2}",1,Y,N,N,N
應該說，探尋徽文化的老根必須去徽州，就是今天的歙縣，歙音設，它位於黃山市東方，新安江上游，因歙浦而得名。,應該 說 探尋 徽 文化 的 老根 必須 去 徽州 就是 今天 的 歙縣 歙 音 設 它 位於 黃山市 東方 新安江 上游 因 歙浦 而 得名,27,應該(165478) 說(1285247) 探尋(1052) 徽(287) 文化(115697) 的(16029838) 老根(5) 必須(170592) 去(479993) 徽州(391) 就是(2943) 今天(73277) 的(16029838) 歙縣(119) 歙(134) 音(14215) 設(17537) 它(316854) 位於(19612) 黃山市(52) 東方(14337) 新安江(15) 上游(2860) 因(119364) 歙浦(Unknown) 而(937923) 得名(829),"{'High': 23, 'Low': 4}","{'第1*級': 2, '第1級': 5, '第7級': 1, 'Unknown': 13, '第2級': 1, '第3級': 1, '第6級': 2, '第3*級': 1, '第5級': 1}",2,Y,Y,N,N
早在隋雲時期，歙縣文風即很昌盛。,早 在 隋 雲 時期 歙縣 文風 即 很 昌盛,10,早(62038) 在(3284238) 隋(3449) 雲(19452) 時期(47839) 歙縣(119) 文風(537) 即(110826) 很(715675) 昌盛(395),{'High': 10},"{'第1級': 2, '第1*級': 1, 'Unknown': 3, '第4級': 1, '第4*級': 1, '第7級': 1, '第6級': 1}",0,Y,N,N,N
南宋後期由於徽商崛起和理字風行，歙縣贏得「東南鄒魯」的學術地位。,南宋 後期 由於 徽商 崛起 和 理 字 風行 歙縣 贏得 東南 鄒魯 的 學術 地位,16,南宋(3029) 後期(5048) 由於(88111) 徽商(209) 崛起(4377) 和(1338337) 理(13275) 字(75654) 風行(1257) 歙縣(119) 贏得(9783) 東南(4826) 鄒魯(71) 的(16029838) 學術(15150) 地位(36831),"{'High': 15, 'Low': 1}","{'Unknown': 8, '第4*級': 1, '第6級': 2, '第1級': 2, '第5級': 2, '第4級': 1}",0,Y,Y,N,Y
明代中葉，它成了中國木版印刷業的中心之一；清康燛年間，縣內就有書院學社一百二十六所，這就蘊育了包羅萬象的徽文化。,明代 中葉 它 成 了 中國 木版 印刷業 的 中心 之 一 清 康燛 年間 縣 內 就 有 書院 學社 一百二十六 所 這 就 蘊育 了 包羅萬象 的 徽 文化,31,明代(4538) 中葉(1910) 它(316854) 成(76470) 了(3199291) 中國(214840) 木版(87) 印刷業(76) 的(16029838) 中心(46076) 之(875481) 一(3701681) 清(31773) 康燛(Unknown) 年間(3925) 縣(9693) 內(183051) 就(1737544) 有(2217079) 書院(3037) 學社(273) 一百二十六(48) 所(527327) 這(2114032) 就(1737544) 蘊育(81) 了(3199291) 包羅萬象(490) 的(16029838) 徽(287) 文化(115697),"{'High': 26, 'Low': 5}","{'Unknown': 12, '第7級': 1, '第1*級': 1, '第4*級': 2, '第1級': 8, '第3級': 2, '第5級': 2, '第6級': 1, '第2級': 2}",3,Y,N,N,N
縣內保存完好的明代石坊、祠堂、石塔、津梁、名人故居有一百多。,縣 內 保存 完好 的 明代 石坊 祠堂 石塔 津梁 名人 故居 有 一百多,14,縣(9693) 內(183051) 保存(10152) 完好(1467) 的(16029838) 明代(4538) 石坊(60) 祠堂(923) 石塔(198) 津梁(11) 名人(4594) 故居(815) 有(2217079) 一百多(3148),"{'High': 12, 'Low': 2}","{'第5級': 2, '第3級': 1, 'Unknown': 8, '第1級': 2, '第6級': 1}",1,Y,N,N,N
如長慶寺塔、太白樓、新安碑園、太平橋、漸江墓、多景園、許國石坊、陶行知紀念館、斗山街、紫陽書院、漁梁壩、東南譙樓、棠越牌坊群、潛潛明代民居博物館、聖僧庵壁畫、司諫第、寶綸閣、岩寺塔等等。,如 長慶 寺塔 太白樓 新安 碑園 太平橋 漸江墓 多景園 許國 石坊 陶行知 紀念館 斗山街 紫陽 書院 漁梁壩 東南 譙樓 棠越 牌坊 群 潛 潛 明代 民居 博物館 聖僧庵 壁畫 司諫第 寶綸閣 岩 寺塔 等等,34,如(195069) 長慶(705) 寺塔(2) 太白樓(6) 新安(181) 碑園(Unknown) 太平橋(21) 漸江墓(Unknown) 多景園(Unknown) 許國(81) 石坊(60) 陶行知(43) 紀念館(1101) 斗山街(Unknown) 紫陽(95) 書院(3037) 漁梁壩(2) 東南(4826) 譙樓(35) 棠越(Unknown) 牌坊(546) 群(39283) 潛(976) 潛(976) 明代(4538) 民居(789) 博物館(9905) 聖僧庵(Unknown) 壁畫(2990) 司諫第(Unknown) 寶綸閣(4) 岩(1203) 寺塔(2) 等等(38274),"{'High': 16, 'Low': 18}","{'Unknown': 31, '第4級': 2, '第3*級': 1}",12,Y,Y,N,Y
還要說一句，歙是出產的「歙硯」是全國四大名硯之一。,還要 說 一 句 歙 是 出產 的 歙硯 是 全 國 四 大名 硯 之 一,17,還要(6725) 說(1285247) 一(3701681) 句(87396) 歙(134) 是(4642407) 出產(1059) 的(16029838) 歙硯(13) 是(4642407) 全(178642) 國(73377) 四(141667) 大名(6646) 硯(469) 之(875481) 一(3701681),"{'High': 16, 'Low': 1}","{'Unknown': 4, '第1級': 8, '第2級': 2, '第4*級': 2, '第5級': 1}",0,Y,N,N,N
歙具還是全國第一產茶大縣，名茶「黃山毛峰」、「頂尖大方」、「綠牡丹」馳名中外。,歙 具 還 是 全 國 第一 產 茶 大縣 名茶 黃山 毛峰 頂尖 大方 綠 牡丹 馳名 中外,19,歙(134) 具(41661) 還(625086) 是(4642407) 全(178642) 國(73377) 第一(172544) 產(8102) 茶(22006) 大縣(29) 名茶(Unknown) 黃山(406) 毛峰(28) 頂尖(3116) 大方(3685) 綠(15200) 牡丹(2140) 馳名(350) 中外(2790),"{'High': 16, 'Low': 3}","{'Unknown': 9, '第6級': 2, '第1級': 3, '第2級': 3, '第4*級': 1, '第7級': 1}",0,Y,N,N,N
去黟縣看古民宅與欱具同樣古老的黟具保存了大量風味十足的皖南古民居。,去 黟縣 看 古 民宅 與 欱具 同樣 古老 的 黟具 保存 了 大量 風味 十足 的 皖南 古 民居,20,去(479993) 黟縣(47) 看(444691) 古(21972) 民宅(637) 與(968432) 欱具(Unknown) 同樣(63568) 古老(10197) 的(16029838) 黟具(Unknown) 保存(10152) 了(3199291) 大量(28414) 風味(3277) 十足(6475) 的(16029838) 皖南(107) 古(21972) 民居(789),"{'High': 17, 'Low': 3}","{'第1級': 3, 'Unknown': 10, '第4*級': 2, '第3*級': 1, '第5級': 3, '第6級': 1}",0,Y,Y,N,N
黟音移，黃山古稱黟山。,黟 音 移 黃山 古稱 黟山,6,黟(40) 音(14215) 移(5081) 黃山(406) 古稱(272) 黟山(2),"{'Low': 2, 'High': 4}",{'Unknown': 6},0,Y,N,N,Y
黟縣位於黃山西南。,黟縣 位於 黃山 西南,4,黟縣(47) 位於(19612) 黃山(406) 西南(5650),"{'Low': 1, 'High': 3}","{'Unknown': 3, '第6級': 1}",0,Y,N,N,N
一方面它是許多權臣名將富裕大賈的故里，家宅祠堂修建得富麗堂皇；另一方面由於黟縣山水相隔交通不便，所以這些民居保存得完好如初，形成古民居群體的奇觀。,一方面 它 是 許多 權臣 名將 富裕 大賈 的 故里 家宅 祠堂 修建 得 富麗堂皇 另一方面 由於 黟縣 山水 相隔 交通 不便 所以 這些 民居 保存 得 完好 如初 形成 古 民居 群體 的 奇觀,35,一方面(15897) 它(316854) 是(4642407) 許多(159791) 權臣(689) 名將(1903) 富裕(4910) 大賈(60) 的(16029838) 故里(517) 家宅(330) 祠堂(923) 修建(2676) 得(573721) 富麗堂皇(672) 另一方面(15696) 由於(88111) 黟縣(47) 山水(2067) 相隔(1626) 交通(11639) 不便(4361) 所以(239080) 這些(315113) 民居(789) 保存(10152) 得(573721) 完好(1467) 如初(327) 形成(47486) 古(21972) 民居(789) 群體(7393) 的(16029838) 奇觀(903),"{'High': 33, 'Low': 2}","{'第4*級': 2, '第1*級': 2, '第1級': 3, '第3*級': 1, 'Unknown': 16, '第5級': 4, '第6級': 4, '第7級': 2, '第3級': 1}",3,Y,Y,N,N
如今黟具保存古村落數十個，明清古民居四十四餘幢。,如今 黟具 保存 古 村落 數十 個 明 清 古 民居 四十四餘 幢,13,如今(29812) 黟具(Unknown) 保存(10152) 古(21972) 村落(3977) 數十(9385) 個(2296574) 明(21507) 清(31773) 古(21972) 民居(789) 四十四餘(Unknown) 幢(3507),"{'High': 11, 'Low': 2}","{'第4*級': 2, 'Unknown': 7, '第5級': 1, '第6級': 1, '第1級': 1, '第7級': 1}",1,Y,N,N,N
黟縣古民居有三大特點：一是一村一族，聚族而居。,黟縣 古 民居 有 三 大 特點 一 是 一 村 一 族 聚 族 而 居,17,黟縣(47) 古(21972) 民居(789) 有(2217079) 三(313861) 大(525780) 特點(8045) 一(3701681) 是(4642407) 一(3701681) 村(10979) 一(3701681) 族(9285) 聚(6639) 族(9285) 而(937923) 居(11675),"{'Low': 1, 'High': 16}","{'Unknown': 6, '第1級': 7, '第4*級': 2, '第5級': 2}",0,Y,Y,N,N
如西邊村的胡民，宏村的汪氏、南屏的舒氏等。,如 西邊 村 的 胡民 宏村 的 汪氏 南屏 的 舒氏 等,12,如(195069) 西邊(2495) 村(10979) 的(16029838) 胡民(Unknown) 宏村(39) 的(16029838) 汪氏(413) 南屏(4) 的(16029838) 舒氏(4) 等(327380),"{'High': 8, 'Low': 4}","{'Unknown': 7, '第5級': 1, '第1級': 3, '第3*級': 1}",0,N,Y,N,Y
二是講究風水，依山造屋，傍水結村。,二 是 講究 風水 依 山 造 屋 傍 水 結 村,12,二(152494) 是(4642407) 講究(5187) 風水(2732) 依(37519) 山(54936) 造(10637) 屋(30514) 傍(770) 水(86260) 結(7926) 村(10979),{'High': 12},"{'第1級': 3, '第5級': 4, 'Unknown': 3, '第1*級': 1, '第2級': 1}",0,Y,N,N,N
屋內設天井，四水歸堂，不使天降雨露、財氣流入剔人家。,屋 內 設 天井 四 水 歸 堂 不 使 天降 雨露 財氣 流入 剔 人家,16,屋(30514) 內(183051) 設(17537) 天井(705) 四(141667) 水(86260) 歸(16865) 堂(10248) 不(2282521) 使(197544) 天降(208) 雨露(329) 財氣(100) 流入(2123) 剔(378) 人家(25372),"{'High': 15, 'Low': 1}","{'第2級': 1, '第3級': 1, 'Unknown': 8, '第1級': 3, '第6級': 1, '第5級': 2}",0,Y,N,N,N
三是文化氣息濃。,三 是 文化 氣息 濃,5,三(313861) 是(4642407) 文化(115697) 氣息(5959) 濃(5888),{'High': 5},"{'第1級': 2, '第2級': 1, '第6級': 1, '第4級': 1}",0,Y,N,N,N
徽商重儒、重科舉、一般富商一體，故居庭園林立，營造工藝與書畫、雕刻、楹聯、盆景花木擺設、有機結合，織造濃厚的文字藝術氛圍，追求生活情趣的高品味，舉機對楹聯即可看出：「讀書好，營商好，效好便好；創藍本難，守成難，知難不難。」,徽商 重 儒 重 科舉 一般 富商 一體 故居 庭園 林立 營造 工藝 與 書畫 雕刻 楹聯 盆景 花木 擺設 有機 結合 織造 濃厚 的 文字 藝術 氛圍 追求 生活 情趣 的 高 品味 舉 機 對 楹聯 即可 看出 讀書 好 營商 好 效 好 便 好 創 藍本 難 守成 難 知 難 不 難,57,徽商(209) 重(31331) 儒(2400) 重(31331) 科舉(2368) 一般(80732) 富商(1274) 一體(5603) 故居(815) 庭園(2145) 林立(1344) 營造(5354) 工藝(3212) 與(968432) 書畫(1574) 雕刻(4070) 楹聯(147) 盆景(275) 花木(570) 擺設(1977) 有機(4796) 結合(22408) 織造(337) 濃厚(3668) 的(16029838) 文字(31407) 藝術(80645) 氛圍(5024) 追求(29080) 生活(213189) 情趣(1623) 的(16029838) 高(128858) 品味(5677) 舉(21400) 機(4726) 對(897964) 楹聯(147) 即可(7563) 看出(19532) 讀書(19269) 好(448428) 營商(179) 好(448428) 效(1598) 好(448428) 便(220860) 好(448428) 創(5368) 藍本(459) 難(75701) 守成(389) 難(75701) 知(108500) 難(75701) 不(2282521) 難(75701),{'High': 57},"{'Unknown': 27, '第7級': 2, '第3*級': 1, '第6級': 10, '第5級': 3, '第4*級': 3, '第1級': 5, '第4級': 4, '第3級': 2}",0,Y,Y,N,N
「漫研竹露栽唐句；細嚼梅花讀漢書。」,漫 研 竹 露 栽 唐 句 細嚼 梅花 讀 漢書,11,漫(515) 研(731) 竹(7253) 露(9521) 栽(1679) 唐(11933) 句(87396) 細嚼(27) 梅花(1403) 讀(46218) 漢書(2651),"{'High': 10, 'Low': 1}","{'Unknown': 6, '第4級': 1, '第5級': 1, '第6級': 1, '第2級': 1, '第1*級': 1}",0,Y,N,N,Y
到黟縣看古民居，有三處可遊，且各具特色：西村，距縣城八公里，有九百多年歷史，東西長七百米，南北寬三百米，保存有三百多幢明清古民居。,到 黟縣 看 古 民居 有 三 處 可 遊 且 各 具 特色 西村 距 縣城 八 公里 有 九百多 年 歷史 東西 長 七百 米 南北 寬 三百 米 保存 有 三百多 幢 明 清 古 民居,39,到(546906) 黟縣(47) 看(444691) 古(21972) 民居(789) 有(2217079) 三(313861) 處(84410) 可(307359) 遊(6316) 且(67015) 各(243023) 具(41661) 特色(16060) 西村(334) 距(4162) 縣城(1658) 八(54961) 公里(16646) 有(2217079) 九百多(103) 年(514736) 歷史(96060) 東西(139472) 長(107092) 七百(1035) 米(25678) 南北(4305) 寬(12844) 三百(6433) 米(25678) 保存(10152) 有(2217079) 三百多(1156) 幢(3507) 明(21507) 清(31773) 古(21972) 民居(789),"{'High': 38, 'Low': 1}","{'第1級': 8, 'Unknown': 17, '第4*級': 2, '第3級': 2, '第2級': 1, '第6級': 1, '第4級': 4, '第3*級': 2, '第5級': 1, '第7級': 1}",2,Y,Y,N,N
名宅有瑞玉庭、桃李園、大夫第、敬愛堂、履福堂、東園、西園、膺福堂、篤敬堂、凌雲閣等、大夫第有臨街古樓，有人說那是小姐拋球選取佳婿的地方，距縣城十公里，特別處在於全村格局如一臥地水牛：西頭窗崗山為牛頭；村口二十多公尺高的紅楊、銀杏束樹為水牛雙角；虞山溪上四座木橋為牛腿；村中數百幢民居為牛身；一條一千餘公尺長的水渠曲曲折折從每家門前流過，這是牛腸；村中有一半月形水塘為牛胃；村南一大湖為牛肚，極富畫意詩情。,名 宅 有 瑞玉庭 桃李園 大夫第 敬愛堂 履福堂 東園 西園 膺福堂 篤敬堂 凌雲閣 等 大夫第 有 臨街 古 樓 有 人 說 那 是 小姐 拋 球 選取 佳婿 的 地方 距 縣城 十 公里 特別 處在 於 全 村 格局 如 一 臥 地 水牛 西 頭 窗崗山 為 牛頭 村口 二十多 公尺 高 的 紅楊 銀杏 束樹 為 水牛 雙 角 虞山溪 上 四座 木橋 為 牛腿 村 中數 百 幢 民居 為 牛 身 一 條 一千餘 公尺 長 的 水渠 曲曲折折 從 每 家門 前 流過 這 是 牛腸 村 中 有 一 半 月形 水塘 為 牛 胃 村 南 一 大 湖 為 牛肚 極 富 畫意 詩情,114,名(136287) 宅(1399) 有(2217079) 瑞玉庭(Unknown) 桃李園(1) 大夫第(2) 敬愛堂(3) 履福堂(Unknown) 東園(38) 西園(150) 膺福堂(1) 篤敬堂(Unknown) 凌雲閣(41) 等(327380) 大夫第(2) 有(2217079) 臨街(117) 古(21972) 樓(13297) 有(2217079) 人(1550512) 說(1285247) 那(754138) 是(4642407) 小姐(49626) 拋(3474) 球(15571) 選取(1223) 佳婿(11) 的(16029838) 地方(139164) 距(4162) 縣城(1658) 十(77415) 公里(16646) 特別(91212) 處在(6082) 於(327210) 全(178642) 村(10979) 格局(3549) 如(195069) 一(3701681) 臥(3049) 地(754998) 水牛(1006) 西(42024) 頭(112925) 窗崗山(Unknown) 為(761341) 牛頭(413) 村口(199) 二十多(4393) 公尺(19233) 高(128858) 的(16029838) 紅楊(Unknown) 銀杏(446) 束樹(Unknown) 為(761341) 水牛(1006) 雙(19548) 角(10822) 虞山溪(Unknown) 上(1233218) 四座(14) 木橋(273) 為(761341) 牛腿(22) 村(10979) 中數(79) 百(24843) 幢(3507) 民居(789) 為(761341) 牛(22594) 身(122324) 一(3701681) 條(115362) 一千餘(547) 公尺(19233) 長(107092) 的(16029838) 水渠(244) 曲曲折折(160) 從(496546) 每(333357) 家門(4723) 前(272709) 流過(1210) 這(2114032) 是(4642407) 牛腸(14) 村(10979) 中(1011729) 有(2217079) 一(3701681) 半(80813) 月形(208) 水塘(767) 為(761341) 牛(22594) 胃(5772) 村(10979) 南(24203) 一(3701681) 大(525780) 湖(8772) 為(761341) 牛肚(34) 極(61390) 富(9312) 畫意(77) 詩情(280),"{'High': 93, 'Low': 21}","{'第2級': 7, 'Unknown': 54, '第1級': 25, '第3*級': 2, '第1*級': 8, '第6級': 3, '第4級': 4, '第5級': 7, '第7級': 2, '第4*級': 2}",14,Y,Y,N,N
其實這一巧妙的構思正體現了宏村先民科學有效的給排水設計思想。,其實 這 一 巧妙 的 構思 正 體現 了 宏村 先民 科學 有效 的 給 排水 設計 思想,18,其實(109290) 這(2114032) 一(3701681) 巧妙(5746) 的(16029838) 構思(2683) 正(179334) 體現(4392) 了(3199291) 宏村(39) 先民(753) 科學(55156) 有效(30667) 的(16029838) 給(240485) 排水(537) 設計(59326) 思想(45606),"{'High': 17, 'Low': 1}","{'第3*級': 2, '第1級': 5, '第5級': 2, '第6級': 2, 'Unknown': 5, '第4級': 1, '第4*級': 1}",0,Y,N,N,N
宏村中的承志堂結構巧妙，規模宏大，堪稱古民居之典型。,宏村 中 的 承志堂 結構 巧妙 規模 宏大 堪稱 古 民居 之 典型,13,宏村(39) 中(1011729) 的(16029838) 承志堂(7) 結構(43294) 巧妙(5746) 規模(17762) 宏大(1117) 堪稱(3083) 古(21972) 民居(789) 之(875481) 典型(13843),"{'Low': 2, 'High': 11}","{'Unknown': 5, '第1級': 1, '第5級': 3, '第4*級': 2, '第7級': 1, '第6級': 1}",1,Y,N,N,N
南屏村距縣城四公里，保存完好成群連片的古民居三百餘幢，村中有深巷七十二條，古井三十六眼，高牆深巷，曲折幽深，猶如一座迷宮。,南屏村 距 縣城 四 公里 保存 完好 成群 連 片 的 古 民居 三百餘 幢 村 中 有 深巷 七十二 條 古井 三十六 眼 高 牆 深巷 曲折 幽深 猶如 一 座 迷宮,33,南屏村(5) 距(4162) 縣城(1658) 四(141667) 公里(16646) 保存(10152) 完好(1467) 成群(1805) 連(91153) 片(71870) 的(16029838) 古(21972) 民居(789) 三百餘(470) 幢(3507) 村(10979) 中(1011729) 有(2217079) 深巷(33) 七十二(1241) 條(115362) 古井(244) 三十六(3749) 眼(71964) 高(128858) 牆(26918) 深巷(33) 曲折(2769) 幽深(316) 猶如(5976) 一(3701681) 座(49959) 迷宮(2272),"{'Low': 3, 'High': 30}","{'Unknown': 13, '第4級': 2, '第1級': 5, '第5級': 3, '第6級': 4, '第3*級': 3, '第2級': 2, '第7級': 1}",4,Y,Y,N,N
南屏的家祠、宗祠、支祠很多，成一大人文寶藏，一大民俗奇觀。,南屏 的 家祠 宗祠 支祠 很多 成 一 大 人文 寶藏 一 大 民俗 奇觀,15,南屏(4) 的(16029838) 家祠(27) 宗祠(277) 支祠(1) 很多(113128) 成(76470) 一(3701681) 大(525780) 人文(6474) 寶藏(2194) 一(3701681) 大(525780) 民俗(2342) 奇觀(903),"{'Low': 3, 'High': 12}","{'Unknown': 5, '第1級': 5, '第4*級': 1, '第6級': 3, '第7級': 1}",0,Y,N,N,N
遊罷黃山，再沿新安江尋訪山下豐富古樸的微文化，你會在自然造化的薰陶中領悟人文昇華出的瑰麗長虹，那七色織就的彩練也會把你的心緒帶進淳厚崇高的新境界。,遊罷 黃山 再 沿 新安江 尋訪 山 下 豐富 古樸 的 微 文化 你 會 在 自然 造化 的 薰陶 中 領悟 人文 昇華 出 的 瑰麗 長 虹 那 七色 織就 的 彩練 也 會 把 你 的 心緒 帶進 淳厚 崇高 的 新 境界,46,遊罷(18) 黃山(406) 再(326207) 沿(19661) 新安江(15) 尋訪(661) 山(54936) 下(329549) 豐富(24271) 古樸(489) 的(16029838) 微(11479) 文化(115697) 你(1414837) 會(1014977) 在(3284238) 自然(91995) 造化(623) 的(16029838) 薰陶(923) 中(1011729) 領悟(3246) 人文(6474) 昇華(1415) 出(84457) 的(16029838) 瑰麗(441) 長(107092) 虹(937) 那(754138) 七色(78) 織就(5) 的(16029838) 彩練(8) 也(1590760) 會(1014977) 把(617773) 你(1414837) 的(16029838) 心緒(906) 帶進(2391) 淳厚(127) 崇高(3697) 的(16029838) 新(212453) 境界(11829),"{'Low': 5, 'High': 41}","{'Unknown': 12, '第1*級': 7, '第5級': 1, '第7級': 7, '第4級': 1, '第1級': 11, '第2級': 2, '第3*級': 1, '第6級': 4}",1,Y,N,N,N
這應該是每一個旅遊者所能追求獲得的最高享受：真、善、美。,這 應該 是 每 一 個 旅遊 者 所 能 追求 獲得 的 最 高 享受 真 善 美,19,這(2114032) 應該(165478) 是(4642407) 每(333357) 一(3701681) 個(2296574) 旅遊(8465) 者(423504) 所(527327) 能(582260) 追求(29080) 獲得(54809) 的(16029838) 最(421680) 高(128858) 享受(21312) 真(137497) 善(12953) 美(53380),{'High': 19},"{'第1級': 6, '第1*級': 6, '第4級': 2, 'Unknown': 2, '第2級': 1, '第4*級': 1, '第5級': 1}",0,Y,N,N,N
真、善、美。,真 善 美,3,真(137497) 善(12953) 美(53380),{'High': 3},"{'第1*級': 2, 'Unknown': 1}",0,Y,N,N,N
莊周古名叫貞豐，在進入周莊鎮前立有一牌坊，上書「貞豐澤國」，表示周莊是個水鄉澤國之地。,莊周 古 名 叫 貞豐 在 進入 周莊鎮 前 立有 一 牌坊 上書 貞豐 澤國 表示 周莊 是 個 水鄉澤國 之 地,22,莊周(135) 古(21972) 名(136287) 叫(111645) 貞豐(1) 在(3284238) 進入(66885) 周莊鎮(Unknown) 前(272709) 立有(255) 一(3701681) 牌坊(546) 上書(3591) 貞豐(1) 澤國(25) 表示(74452) 周莊(7) 是(4642407) 個(2296574) 水鄉澤國(32) 之(875481) 地(754998),"{'High': 16, 'Low': 6}","{'Unknown': 11, '第2級': 1, '第1級': 5, '第1*級': 1, '第4級': 1, '第7級': 1, '第4*級': 1, '第5級': 1}",2,Y,N,N,Y
相傳，北宋年間，有一人名叫周迪功郎，篤信佛教，將莊田二百多畝捐贈給當地的全福寺作為廟堂，百姓感激其恩澤，因此將這片田地稱為「周莊」。,相傳 北宋 年間 有 一 人 名叫 周迪功 郎 篤信 佛教 將 莊田 二百多 畝 捐贈給 當地 的 全福寺 作為 廟堂 百姓 感激 其 恩澤 因此 將 這 片 田地 稱為 周莊,32,相傳(4515) 北宋(2510) 年間(3925) 有(2217079) 一(3701681) 人(1550512) 名叫(10798) 周迪功(Unknown) 郎(1943) 篤信(631) 佛教(12456) 將(448374) 莊田(64) 二百多(673) 畝(2526) 捐贈給(188) 當地(23011) 的(16029838) 全福寺(Unknown) 作為(58009) 廟堂(574) 百姓(15824) 感激(9200) 其(307905) 恩澤(428) 因此(184606) 將(448374) 這(2114032) 片(71870) 田地(2901) 稱為(34293) 周莊(7),"{'High': 28, 'Low': 4}","{'第6級': 4, 'Unknown': 9, '第1級': 5, '第4*級': 4, '第7級': 3, '第5級': 6, '第2級': 1}",4,Y,Y,N,Y
周莊地名，也從此時流傳下來，九百多年一直沒改變過。,周莊 地名 也 從 此時 流傳 下來 九百多 年 一直 沒 改變 過,13,周莊(7) 地名(2920) 也(1590760) 從(496546) 此時(34278) 流傳(7352) 下來(32851) 九百多(103) 年(514736) 一直(119877) 沒(306167) 改變(92018) 過(412878),"{'Low': 1, 'High': 12}","{'Unknown': 5, '第1級': 3, '第1*級': 2, '第5級': 1, '第2級': 1, '第4級': 1}",1,Y,N,N,N
周莊現居住人口約二萬二千人，總面積三十六平方公里。,周莊 現 居住 人口 約 二萬二千 人 總面積 三十六 平方公里,10,周莊(7) 現(9910) 居住(12699) 人口(17562) 約(47731) 二萬二千(39) 人(1550512) 總面積(332) 三十六(3749) 平方公里(1294),"{'Low': 2, 'High': 8}","{'Unknown': 6, '第5級': 1, '第4級': 1, '第3*級': 1, '第1級': 1}",4,Y,N,N,N
總面積三十六平方公里。,總面積 三十六 平方公里,3,總面積(332) 三十六(3749) 平方公里(1294),{'High': 3},{'Unknown': 3},3,N,N,N,N
距蘇州、上海近適一日遊嚐河鮮品名菜迷樓體茶化。,距 蘇州 上海 近 適 一 日 遊 嚐 河鮮 品 名 菜 迷樓 體茶化,15,距(4162) 蘇州(2494) 上海(21693) 近(43555) 適(1711) 一(3701681) 日(94041) 遊(6316) 嚐(1915) 河鮮(2) 品(2340) 名(136287) 菜(17883) 迷樓(20) 體茶化(Unknown),"{'High': 12, 'Low': 3}","{'第4級': 1, 'Unknown': 7, '第2級': 2, '第1級': 2, '第5級': 1, '第6級': 1, '第1*級': 1}",1,Y,N,N,N
周莊因距蘇州近，從蘇州到周莊，行車約四十分鐘即可抵。,周莊 因 距 蘇州 近 從 蘇州 到 周莊 行車 約 四十 分鐘 即可 抵,15,周莊(7) 因(119364) 距(4162) 蘇州(2494) 近(43555) 從(496546) 蘇州(2494) 到(546906) 周莊(7) 行車(413) 約(47731) 四十(15256) 分鐘(52479) 即可(7563) 抵(6753),"{'Low': 2, 'High': 13}","{'Unknown': 7, '第4級': 1, '第2級': 1, '第1*級': 2, '第1級': 1, '第3*級': 1, '第6級': 2}",0,Y,N,N,N
若從上海過來，可走滬寧高速公路，在昆山下交流道，再轉鄉道到周莊。,若 從 上海 過來 可 走 滬寧 高速 公路 在 昆山 下 交流道 再 轉 鄉道 到 周莊,18,若(92766) 從(496546) 上海(21693) 過來(18602) 可(307359) 走(128453) 滬寧(40) 高速(4778) 公路(7300) 在(3284238) 昆山(76) 下(329549) 交流道(913) 再(326207) 轉(20108) 鄉道(64) 到(546906) 周莊(7),"{'High': 14, 'Low': 4}","{'Unknown': 9, '第1*級': 4, '第4*級': 2, '第1級': 2, '第3*級': 1}",1,Y,Y,N,N
周莊附近只有一家「申江大酒店」可供住宿，水準平平，遊客仍宜安排一日遊，返回上海或蘇州住宿為宜。,周莊 附近 只 有 一 家 申江 大 酒店 可 供 住宿 水準 平平 遊客 仍 宜 安排 一日 遊 返回 上海 或 蘇州 住宿 為宜,26,周莊(7) 附近(32204) 只(436725) 有(2217079) 一(3701681) 家(236822) 申江(16) 大(525780) 酒店(3875) 可(307359) 供(17109) 住宿(2271) 水準(9940) 平平(1125) 遊客(4899) 仍(92056) 宜(7123) 安排(30105) 一日(5343) 遊(6316) 返回(9595) 上海(21693) 或(478077) 蘇州(2494) 住宿(2271) 為宜(632),"{'Low': 2, 'High': 24}","{'Unknown': 9, '第1*級': 2, '第1級': 4, '第5級': 4, '第4*級': 1, '第4級': 3, '第7級': 2, '第3級': 1}",0,Y,Y,N,N
另周莊鎮內也有幾家餐廳，當地著名的菜如「萬三蹄膀」、「三味圓」、「焐熟藕」，都屬特色菜，河鮮更是種類繁多，值得一嘗。,另 周莊 鎮 內 也 有 幾 家 餐廳 當地 著名 的 菜 如 萬三 蹄膀 三 味 圓 焐熟藕 都 屬 特色菜 河鮮 更 是 種類 繁多 值得 一 嘗,31,另(138369) 周莊(7) 鎮(7171) 內(183051) 也(1590760) 有(2217079) 幾(229415) 家(236822) 餐廳(13613) 當地(23011) 著名(20279) 的(16029838) 菜(17883) 如(195069) 萬三(Unknown) 蹄膀(19) 三(313861) 味(6064) 圓(14376) 焐熟藕(Unknown) 都(1125846) 屬(26012) 特色菜(1) 河鮮(2) 更(361676) 是(4642407) 種類(8370) 繁多(1442) 值得(34362) 一(3701681) 嘗(3206),"{'High': 25, 'Low': 6}","{'第3級': 2, 'Unknown': 8, '第5級': 3, '第1級': 9, '第1*級': 2, '第4*級': 1, '第6級': 1, '第2級': 1, '第3*級': 1, '第4級': 2, '第7級': 1}",2,Y,Y,N,N
另街上常見一種小吃叫「綠團子」，是外頭用一種草，裡面包烏沙的團子，味道不差，也值得推薦。,另 街 上 常見 一 種 小吃 叫 綠 團子 是 外頭 用 一 種 草 裡面 包 烏沙 的 團子 味道 不 差 也 值得 推薦,27,另(138369) 街(17216) 上(1233218) 常見(13705) 一(3701681) 種(701563) 小吃(1224) 叫(111645) 綠(15200) 團子(90) 是(4642407) 外頭(4701) 用(377038) 一(3701681) 種(701563) 草(11559) 裡面(40741) 包(14086) 烏沙(Unknown) 的(16029838) 團子(90) 味道(14200) 不(2282521) 差(23865) 也(1590760) 值得(34362) 推薦(11283),"{'High': 24, 'Low': 3}","{'第3級': 1, '第2*級': 2, '第1級': 9, '第4級': 3, 'Unknown': 6, '第1*級': 3, '第2級': 3}",0,Y,N,N,N
周莊鎮內也有好幾座茶樓，周莊人飲茶出了名，尤其是些老婦人常喜在茶樓閒坐聊天。,周莊 鎮 內 也 有 好幾 座 茶樓 周莊人 飲茶 出 了 名 尤其 是 些 老婦人 常 喜 在 茶樓 閒坐 聊天,23,周莊(7) 鎮(7171) 內(183051) 也(1590760) 有(2217079) 好幾(30650) 座(49959) 茶樓(293) 周莊人(1) 飲茶(708) 出(84457) 了(3199291) 名(136287) 尤其(50700) 是(4642407) 些(159879) 老婦人(1449) 常(86207) 喜(10884) 在(3284238) 茶樓(293) 閒坐(202) 聊天(8098),"{'Low': 2, 'High': 21}","{'Unknown': 11, '第5級': 1, '第3級': 1, '第1級': 3, '第3*級': 2, '第1*級': 3, '第2級': 2}",2,Y,N,N,N
遊客參觀茶樓，可深入體會周莊茶文化與了解周莊人生活。,遊客 參觀 茶樓 可 深入 體會 周莊 茶 文化 與 了解 周莊人 生活,13,遊客(4899) 參觀(9034) 茶樓(293) 可(307359) 深入(18074) 體會(9519) 周莊(7) 茶(22006) 文化(115697) 與(968432) 了解(82970) 周莊人(1) 生活(213189),"{'High': 11, 'Low': 2}","{'Unknown': 4, '第3*級': 2, '第4*級': 2, '第5級': 2, '第1級': 1, '第2級': 1, '第3級': 1}",1,Y,Y,N,N
最有名的茶樓是位於貞豐橋邊的「迷樓」，建於光緒二十年，常有很多文人雅士聚集，迷樓依山傍橋，景色令人著迷。,最 有名 的 茶樓 是 位於 貞豐橋 邊 的 迷樓 建 於 光緒 二十年 常有 很多 文人 雅士 聚集 迷樓 依 山 傍 橋 景色 令 人 著迷,28,最(421680) 有名(8977) 的(16029838) 茶樓(293) 是(4642407) 位於(19612) 貞豐橋(Unknown) 邊(123152) 的(16029838) 迷樓(20) 建(13839) 於(327210) 光緒(10471) 二十年(482) 常有(Unknown) 很多(113128) 文人(5552) 雅士(372) 聚集(8764) 迷樓(20) 依(37519) 山(54936) 傍(770) 橋(12169) 景色(3529) 令(128742) 人(1550512) 著迷(3061),"{'High': 24, 'Low': 4}","{'第1*級': 3, '第2*級': 1, '第1級': 4, 'Unknown': 12, '第6級': 2, '第5級': 4, '第4級': 1, '第4*級': 1}",2,Y,N,N,N
景色令人著迷。,景色 令 人 著迷,4,景色(3529) 令(128742) 人(1550512) 著迷(3061),{'High': 4},"{'第4*級': 1, '第5級': 1, '第1級': 1, '第6級': 1}",0,Y,N,N,N
雙橋是周莊最具神韻的地方，也是讓周莊知名度打入國際的起源處。,雙橋 是 周莊 最 具 神韻 的 地方 也 是 讓 周莊 知名度 打入 國際 的 起源處,17,雙橋(2) 是(4642407) 周莊(7) 最(421680) 具(41661) 神韻(314) 的(16029838) 地方(139164) 也(1590760) 是(4642407) 讓(526314) 周莊(7) 知名度(2300) 打入(1511) 國際(40846) 的(16029838) 起源處(3),"{'Low': 4, 'High': 13}","{'Unknown': 7, '第1級': 5, '第1*級': 2, '第6級': 1, '第2級': 1, '第4級': 1}",2,Y,N,N,N
在中國大陸的華東旅遊路線上，這兩年來有不少改變，其中以新景點的陸續推出，尤受矚目。,在 中國 大陸 的 華東 旅遊 路線 上 這 兩 年 來 有 不少 改變 其中 以 新 景點 的 陸續 推出 尤 受 矚目,25,在(3284238) 中國(214840) 大陸(27031) 的(16029838) 華東(389) 旅遊(8465) 路線(9508) 上(1233218) 這(2114032) 兩(526190) 年(514736) 來(742183) 有(2217079) 不少(35256) 改變(92018) 其中(95627) 以(547785) 新(212453) 景點(1844) 的(16029838) 陸續(7091) 推出(10009) 尤(6281) 受(109982) 矚目(2050),{'High': 25},"{'第1*級': 1, '第1級': 10, '第3*級': 2, 'Unknown': 3, '第4級': 4, '第5級': 4, '第6級': 1}",0,Y,N,N,N
周莊，就是頗值得介紹的一處。,周莊 就是 頗 值得 介紹 的 一 處,8,周莊(7) 就是(2943) 頗(22266) 值得(34362) 介紹(26468) 的(16029838) 一(3701681) 處(84410),"{'Low': 1, 'High': 7}","{'Unknown': 3, '第6級': 1, '第4級': 1, '第1*級': 1, '第1級': 2}",0,Y,Y,N,N
周莊的水鄉之美，在當前中國大陸，還無人能出其右。,周莊 的 水鄉 之 美 在 當前 中國 大陸 還 無 人 能 出其右,14,周莊(7) 的(16029838) 水鄉(173) 之(875481) 美(53380) 在(3284238) 當前(4812) 中國(214840) 大陸(27031) 還(625086) 無(157858) 人(1550512) 能(582260) 出其右(191),"{'Low': 1, 'High': 13}","{'Unknown': 4, '第1級': 3, '第5級': 2, '第1*級': 3, '第6級': 1, '第3*級': 1}",1,Y,N,N,N
「黃山集中國山川之美，周莊集中國水鄉之美」，就是詩人對周莊最佳的禮讚之詞。,黃山 集 中國 山川 之 美 周莊 集 中國 水鄉 之 美 就是 詩人 對 周莊 最佳 的 禮讚 之 詞,21,黃山(406) 集(9895) 中國(214840) 山川(1512) 之(875481) 美(53380) 周莊(7) 集(9895) 中國(214840) 水鄉(173) 之(875481) 美(53380) 就是(2943) 詩人(14528) 對(897964) 周莊(7) 最佳(27224) 的(16029838) 禮讚(362) 之(875481) 詞(21405),"{'High': 19, 'Low': 2}","{'Unknown': 8, '第6級': 2, '第1級': 4, '第5級': 4, '第1*級': 2, '第3級': 1}",0,Y,Y,N,N
周莊位於江蘇省昆山市，是一個具有九百多年歷史的水鄉古鎮，處於澄湖、白蜆湖、淀山湖和南湖的懷抱之中，距蘇州市僅三十八公里，如果從上海過去，行車時間也僅需一個半小時，若以上海為夜宿點，可以安排一日遊。,周莊 位於 江蘇省 昆山市 是 一 個 具有 九百多 年 歷史 的 水鄉 古鎮 處於 澄湖 白蜆湖 淀山湖 和 南湖 的 懷抱 之中 距 蘇州市 僅 三十八 公里 如果 從 上海 過去 行車 時間 也 僅 需 一 個 半 小時 若 以 上海 為 夜宿 點 可以 安排 一日 遊,51,周莊(7) 位於(19612) 江蘇省(3805) 昆山市(5) 是(4642407) 一(3701681) 個(2296574) 具有(60702) 九百多(103) 年(514736) 歷史(96060) 的(16029838) 水鄉(173) 古鎮(66) 處於(15647) 澄湖(6) 白蜆湖(Unknown) 淀山湖(1) 和(1338337) 南湖(115) 的(16029838) 懷抱(4344) 之中(46715) 距(4162) 蘇州市(246) 僅(30739) 三十八(1604) 公里(16646) 如果(322121) 從(496546) 上海(21693) 過去(88758) 行車(413) 時間(213595) 也(1590760) 僅(30739) 需(27999) 一(3701681) 個(2296574) 半(80813) 小時(48521) 若(92766) 以(547785) 上海(21693) 為(761341) 夜宿(340) 點(118735) 可以(560531) 安排(30105) 一日(5343) 遊(6316),"{'Low': 6, 'High': 45}","{'Unknown': 21, '第6級': 3, '第1級': 14, '第3級': 1, '第5級': 4, '第4級': 5, '第2級': 2, '第1*級': 1}",7,Y,Y,N,N
很多遊客參觀過周莊後，才驚訝地發現，就在這麼擁擠喧鬧的上海、蘇州市附近，竟然會有這麼一處歷史悠久、民風淳樸的水鄉古鎮。,很多 遊客 參觀 過 周莊 後 才 驚訝 地 發現 就 在 這麼 擁擠 喧鬧 的 上海 蘇州市 附近 竟然 會 有 這麼 一 處 歷史 悠久 民風 淳樸 的 水鄉 古鎮,32,很多(113128) 遊客(4899) 參觀(9034) 過(412878) 周莊(7) 後(422857) 才(394539) 驚訝(18662) 地(754998) 發現(175233) 就(1737544) 在(3284238) 這麼(116973) 擁擠(3026) 喧鬧(1169) 的(16029838) 上海(21693) 蘇州市(246) 附近(32204) 竟然(31233) 會(1014977) 有(2217079) 這麼(116973) 一(3701681) 處(84410) 歷史(96060) 悠久(2063) 民風(463) 淳樸(441) 的(16029838) 水鄉(173) 古鎮(66),"{'High': 30, 'Low': 2}","{'Unknown': 11, '第3*級': 1, '第1*級': 4, '第1級': 6, '第2級': 4, '第4*級': 2, '第6級': 2, '第7級': 1, '第3級': 1}",1,Y,N,N,N
河湖阻隔避開戰禍。,河湖 阻隔 避開 戰禍,4,河湖(6) 阻隔(863) 避開(6425) 戰禍(209),"{'Low': 1, 'High': 3}","{'Unknown': 2, '第7級': 1, '第5級': 1}",0,Y,N,N,N
周莊雖歷經九百多年的滄桑，但它「鎮為澤國，四面環水，咫尺往來，皆須丹楫」的特殊環境，使它與世隔絕，由於河湖阻隔，更使它避開了歷代兵燹戰亂，至今依然能保留著水鄉風貌。,周莊 雖 歷經 九百多 年 的 滄桑 但 它 鎮 為 澤國 四面 環 水 咫尺 往來 皆 須 丹楫 的 特殊 環境 使 它 與世隔絕 由於 河湖 阻隔 更 使 它 避開 了 歷代 兵燹 戰亂 至今 依然 能 保留 著 水鄉 風貌,44,周莊(7) 雖(48164) 歷經(5945) 九百多(103) 年(514736) 的(16029838) 滄桑(1077) 但(597124) 它(316854) 鎮(7171) 為(761341) 澤國(25) 四面(2143) 環(4630) 水(86260) 咫尺(354) 往來(7106) 皆(45736) 須(17260) 丹楫(Unknown) 的(16029838) 特殊(28606) 環境(71054) 使(197544) 它(316854) 與世隔絕(520) 由於(88111) 河湖(6) 阻隔(863) 更(361676) 使(197544) 它(316854) 避開(6425) 了(3199291) 歷代(4542) 兵燹(141) 戰亂(1810) 至今(14540) 依然(21385) 能(582260) 保留(11400) 著(1004687) 水鄉(173) 風貌(2141),"{'Low': 4, 'High': 40}","{'Unknown': 14, '第2級': 2, '第6級': 4, '第1級': 4, '第7級': 5, '第1*級': 4, '第5級': 8, '第3級': 2, '第4*級': 1}",2,Y,Y,N,N
周莊究竟有何魅力？,周莊 究竟 有 何 魅力,5,周莊(7) 究竟(28589) 有(2217079) 何(46992) 魅力(8207),"{'Low': 1, 'High': 4}","{'Unknown': 2, '第5級': 2, '第1級': 1}",0,Y,N,N,N
能夠那麼受歡迎呢？,能夠 那麼 受 歡迎 呢,5,能夠(96422) 那麼(127785) 受(109982) 歡迎(19513) 呢(204566),{'High': 5},"{'Unknown': 1, '第2級': 2, '第4級': 1, '第1級': 1}",0,Y,N,N,N
其實，很難用語言來表達周莊的旅遊感受，很多人是著迷於「小橋、流水、人家」的水鄉格局，但真正說來，那是一種文化氣氛，一種挾帶歷史、民俗與風情的複雜綜合體。,其實 很 難 用 語言 來 表達 周莊 的 旅遊 感受 很多 人 是 著迷 於 小橋 流水 人家 的 水鄉 格局 但 真正 說來 那 是 一 種 文化 氣氛 一 種 挾帶 歷史 民俗 與 風情 的 複雜 綜合體,41,其實(109290) 很(715675) 難(75701) 用(377038) 語言(49871) 來(742183) 表達(34582) 周莊(7) 的(16029838) 旅遊(8465) 感受(30399) 很多(113128) 人(1550512) 是(4642407) 著迷(3061) 於(327210) 小橋(156) 流水(2605) 人家(25372) 的(16029838) 水鄉(173) 格局(3549) 但(597124) 真正(77318) 說來(6135) 那(754138) 是(4642407) 一(3701681) 種(701563) 文化(115697) 氣氛(16132) 一(3701681) 種(701563) 挾帶(235) 歷史(96060) 民俗(2342) 與(968432) 風情(1988) 的(16029838) 複雜(29761) 綜合體(477),"{'High': 40, 'Low': 1}","{'第3*級': 1, '第1級': 12, 'Unknown': 11, '第2級': 3, '第4*級': 3, '第4級': 3, '第5級': 2, '第6級': 5, '第3級': 1}",1,Y,Y,N,N
水鄉風情耐人尋味，周莊的每一個角落，是活生生的現實生活，但又都是耐人尋味的人文景觀。,水鄉 風情 耐人尋味 周莊 的 每 一 個 角落 是 活生生 的 現實 生活 但 又 都 是 耐人尋味 的 人文 景觀,22,水鄉(173) 風情(1988) 耐人尋味(885) 周莊(7) 的(16029838) 每(333357) 一(3701681) 個(2296574) 角落(11104) 是(4642407) 活生生(3317) 的(16029838) 現實(34782) 生活(213189) 但(597124) 又(535555) 都(1125846) 是(4642407) 耐人尋味(885) 的(16029838) 人文(6474) 景觀(4987),"{'High': 21, 'Low': 1}","{'Unknown': 2, '第6級': 4, '第7級': 2, '第1級': 8, '第1*級': 2, '第5級': 1, '第4*級': 1, '第3級': 1, '第2級': 1}",3,Y,Y,N,N
周莊其實在七、八年前，就與台灣有過接觸，周莊附近有很多中小型工廠，都是台商去投資經營的，如染料、製鞋、製傘，一九八九年仲春，台灣已過世的女作家三毛，也曾訪過周莊，後來在前兩年，也有台灣建築學者訪問過周莊，江蘇省在四年前就向海內外推出周莊之旅，可惜台灣的旅行社，在安排華東遊程時，始終未將周莊列人。,周莊 其實 在 七 八 年 前 就 與 台灣 有 過 接觸 周莊 附近 有 很多 中小型 工廠 都 是 台商 去 投資 經營 的 如 染料 製鞋 製 傘 一九八九年 仲春 台灣 已 過世 的 女 作家 三毛 也 曾 訪 過 周莊 後來 在 前 兩 年 也 有 台灣 建築 學者 訪問 過 周莊 江蘇省 在 四 年 前 就 向 海內外 推出 周莊 之 旅 可惜 台灣 的 旅行社 在 安排 華東 遊程 時 始終 未 將 周莊 列 人,85,周莊(7) 其實(109290) 在(3284238) 七(59385) 八(54961) 年(514736) 前(272709) 就(1737544) 與(968432) 台灣(130718) 有(2217079) 過(412878) 接觸(22727) 周莊(7) 附近(32204) 有(2217079) 很多(113128) 中小型(448) 工廠(16192) 都(1125846) 是(4642407) 台商(903) 去(479993) 投資(38191) 經營(39913) 的(16029838) 如(195069) 染料(685) 製鞋(176) 製(4800) 傘(3227) 一九八九年(2106) 仲春(80) 台灣(130718) 已(215610) 過世(8929) 的(16029838) 女(51944) 作家(24304) 三毛(333) 也(1590760) 曾(132981) 訪(8839) 過(412878) 周莊(7) 後來(95618) 在(3284238) 前(272709) 兩(526190) 年(514736) 也(1590760) 有(2217079) 台灣(130718) 建築(31065) 學者(28981) 訪問(12881) 過(412878) 周莊(7) 江蘇省(3805) 在(3284238) 四(141667) 年(514736) 前(272709) 就(1737544) 向(231672) 海內外(983) 推出(10009) 周莊(7) 之(875481) 旅(8620) 可惜(16141) 台灣(130718) 的(16029838) 旅行社(991) 在(3284238) 安排(30105) 華東(389) 遊程(16) 時(623734) 始終(19593) 未(101927) 將(448374) 周莊(7) 列(10857) 人(1550512),"{'Low': 8, 'High': 77}","{'Unknown': 20, '第3*級': 3, '第1*級': 9, '第1級': 28, '第4*級': 6, '第4級': 6, '第5級': 8, '第3級': 2, '第2級': 2, '第6級': 1}",5,Y,N,N,Y
周莊在古時候原是個水鄉小鎮，後來由小鎮迅速發展為商業大鎮，人口也增加迅速，這與江南富豪沈萬三有很直接關係。,周莊 在 古時候 原 是 個 水鄉 小鎮 後來 由 小鎮 迅速 發展為 商業 大鎮 人口 也 增加 迅速 這 與 江南 富豪 沈萬三 有 很 直接 關係,28,周莊(7) 在(3284238) 古時候(1102) 原(33852) 是(4642407) 個(2296574) 水鄉(173) 小鎮(5758) 後來(95618) 由(208604) 小鎮(5758) 迅速(19888) 發展為(952) 商業(19292) 大鎮(28) 人口(17562) 也(1590760) 增加(48296) 迅速(19888) 這(2114032) 與(968432) 江南(5517) 富豪(2325) 沈萬三(86) 有(2217079) 很(715675) 直接(54798) 關係(162883),"{'Low': 3, 'High': 25}","{'Unknown': 11, '第1*級': 1, '第1級': 6, '第2級': 1, '第4*級': 4, '第4級': 2, '第6級': 1, '第3級': 2}",3,Y,N,N,Y
沈萬三又名沈三秀，是元朝末年的人，歷史書上說，沈萬三原是「躬稼起家」，後來得到汾湖陸氏巨資，再加上他個人擅長經營，以周莊為根據地，從事海外貿易，一躍而成為巨富。,沈萬三 又 名 沈三秀 是 元朝 末年 的 人 歷史 書 上 說 沈萬三 原是 躬 稼 起家 後來 得到 汾湖 陸氏 巨資 再 加上 他 個人 擅長 經營 以 周莊 為 根據地 從事 海外 貿易 一 躍 而 成為 巨富,41,沈萬三(86) 又(535555) 名(136287) 沈三秀(Unknown) 是(4642407) 元朝(1478) 末年(2430) 的(16029838) 人(1550512) 歷史(96060) 書(174356) 上(1233218) 說(1285247) 沈萬三(86) 原是(4301) 躬(907) 稼(154) 起家(1159) 後來(95618) 得到(84614) 汾湖(1) 陸氏(125) 巨資(183) 再(326207) 加上(38121) 他(2487930) 個人(76253) 擅長(7376) 經營(39913) 以(547785) 周莊(7) 為(761341) 根據地(1790) 從事(22774) 海外(10798) 貿易(16952) 一(3701681) 躍(2948) 而(937923) 成為(143834) 巨富(250),"{'Low': 5, 'High': 36}","{'Unknown': 15, '第1*級': 2, '第2級': 2, '第1級': 8, '第7級': 2, '第3級': 2, '第3*級': 1, '第4級': 2, '第6級': 1, '第5級': 4, '第4*級': 2}",4,Y,Y,N,Y
明朝建國後，沈萬三拿出巨資，幫明太祖朱元璋修南京城，據說，南城牆有三分之一，是沈萬三修出來的，朱元璋也封了沈萬三萬個兒子做官。,明朝 建國 後 沈萬三 拿出 巨資 幫 明太祖 朱元璋 修 南京城 據說 南 城牆 有 三分之一 是 沈萬三 修出來 的 朱元璋 也 封 了 沈萬三 萬 個 兒子 做官,29,明朝(7488) 建國(2249) 後(422857) 沈萬三(86) 拿出(14551) 巨資(183) 幫(58356) 明太祖(765) 朱元璋(5957) 修(13968) 南京城(404) 據說(16336) 南(24203) 城牆(3388) 有(2217079) 三分之一(3691) 是(4642407) 沈萬三(86) 修出來(12) 的(16029838) 朱元璋(5957) 也(1590760) 封(32905) 了(3199291) 沈萬三(86) 萬(13178) 個(2296574) 兒子(60663) 做官(2205),"{'High': 25, 'Low': 4}","{'第7級': 1, 'Unknown': 12, '第1級': 7, '第4級': 2, '第2級': 2, '第4*級': 1, '第6級': 2, '第3級': 1, '第1*級': 1}",9,Y,N,N,Y
但是沈萬三的富可敵國，最後終究還是引起朱元璋的眼紅，朱明王朝三次重重打擊沈萬三，沈氏家族不是被流放，就是被誅殺，連沈萬三也被發配充軍到雲南，下場淒慘，幾近家破人亡。,但是 沈萬三 的 富可敵國 最後 終究 還是 引起 朱元璋 的 眼紅 朱明 王朝 三 次 重重 打擊 沈萬三 沈氏 家族 不 是 被 流放 就是 被 誅殺 連 沈萬三 也 被 發配 充軍 到 雲南 下場 淒慘 幾近 家破人亡,39,但是(247988) 沈萬三(86) 的(16029838) 富可敵國(186) 最後(142102) 終究(7789) 還是(155231) 引起(36729) 朱元璋(5957) 的(16029838) 眼紅(452) 朱明(50) 王朝(12044) 三(313861) 次(331701) 重重(6785) 打擊(11256) 沈萬三(86) 沈氏(111) 家族(23407) 不(2282521) 是(4642407) 被(540683) 流放(1613) 就是(2943) 被(540683) 誅殺(3184) 連(91153) 沈萬三(86) 也(1590760) 被(540683) 發配(385) 充軍(520) 到(546906) 雲南(3924) 下場(4027) 淒慘(785) 幾近(1842) 家破人亡(443),"{'High': 35, 'Low': 4}","{'第2級': 6, 'Unknown': 12, '第1級': 7, '第6級': 3, '第1*級': 1, '第4*級': 1, '第7級': 5, '第5級': 3, '第3*級': 1}",6,Y,Y,N,Y
古蹟林立景點繁多：周莊內有一座「沈廳」，是棟七進五門樓，有大小房間一百多間，分布一百公尺長的中軸線兩邊，相傳就是沈萬三的後人沈本仁，在清乾隆年間所蓋，周莊的遊客，沈廳幾乎是必遊的景點。,古蹟 林立 景點 繁多 周莊 內 有 一 座 沈廳 是 棟 七 進 五 門樓 有 大小 房間 一百多 間 分布 一百 公尺 長 的 中軸線 兩 邊 相傳 就 是 沈萬三 的 後人 沈本仁 在 清 乾隆 年間 所 蓋 周莊 的 遊客 沈廳 幾乎 是 必 遊 的 景點,52,古蹟(2555) 林立(1344) 景點(1844) 繁多(1442) 周莊(7) 內(183051) 有(2217079) 一(3701681) 座(49959) 沈廳(Unknown) 是(4642407) 棟(14573) 七(59385) 進(40005) 五(112649) 門樓(300) 有(2217079) 大小(17587) 房間(44038) 一百多(3148) 間(115638) 分布(5163) 一百(17093) 公尺(19233) 長(107092) 的(16029838) 中軸線(106) 兩(526190) 邊(123152) 相傳(4515) 就(1737544) 是(4642407) 沈萬三(86) 的(16029838) 後人(5257) 沈本仁(Unknown) 在(3284238) 清(31773) 乾隆(21059) 年間(3925) 所(527327) 蓋(21495) 周莊(7) 的(16029838) 遊客(4899) 沈廳(Unknown) 幾乎(74298) 是(4642407) 必(37598) 遊(6316) 的(16029838) 景點(1844),"{'High': 46, 'Low': 6}","{'第5級': 3, '第7級': 2, 'Unknown': 16, '第3級': 1, '第1級': 14, '第3*級': 1, '第4級': 5, '第1*級': 4, '第6級': 4, '第4*級': 1, '第2級': 1}",4,Y,N,N,Y
由於沈廳的基本建築結構，至今仍大致保留，沒遭破壞，成為研究江南水鄉建築的典型。,由於 沈廳 的 基本 建築 結構 至今 仍 大致 保留 沒 遭 破壞 成為 研究 江南 水鄉 建築 的 典型,20,由於(88111) 沈廳(Unknown) 的(16029838) 基本(52069) 建築(31065) 結構(43294) 至今(14540) 仍(92056) 大致(7165) 保留(11400) 沒(306167) 遭(18764) 破壞(18326) 成為(143834) 研究(182500) 江南(5517) 水鄉(173) 建築(31065) 的(16029838) 典型(13843),"{'High': 19, 'Low': 1}","{'第4*級': 4, 'Unknown': 4, '第1級': 3, '第5級': 5, '第4級': 2, '第7級': 1, '第3級': 1}",0,Y,Y,N,N
周莊內另一座著名建築是「張廳」，是明代中山王徐達之弟徐逵後人所建，後來因賣給張姓，才改名叫張廳。,周莊 內 另 一 座 著名 建築 是 張廳 是 明代 中山王 徐達 之 弟 徐逵 後人 所 建 後來 因 賣給 張姓 才 改名 叫 張廳,27,周莊(7) 內(183051) 另(138369) 一(3701681) 座(49959) 著名(20279) 建築(31065) 是(4642407) 張廳(Unknown) 是(4642407) 明代(4538) 中山王(139) 徐達(460) 之(875481) 弟(3543) 徐逵(3) 後人(5257) 所(527327) 建(13839) 後來(95618) 因(119364) 賣給(3949) 張姓(145) 才(394539) 改名(2054) 叫(111645) 張廳(Unknown),"{'Low': 4, 'High': 23}","{'Unknown': 12, '第3級': 2, '第1級': 5, '第3*級': 1, '第6級': 2, '第4*級': 1, '第5級': 1, '第2級': 3}",1,Y,N,N,Y
張廳的建築最引人入勝之處，是在兩側廂房旁，有一條幽暗深長的巷弄，足足有二十多公尺長，牆上保存著被火熏得發黑的壁龕，走到底，卻意外地出現一條細長小河，小船可以沿著小河，進到裡面的小花園，一派「轎從前門過，船自家中過」的情景，令人著迷。,張廳 的 建築 最 引人入勝 之 處 是 在 兩 側 廂房 旁 有 一 條 幽暗 深長 的 巷弄 足足 有 二十多 公尺 長 牆 上 保存 著 被 火 熏 得 發黑 的 壁龕 走到 底 卻 意外 地 出現 一 條 細長 小河 小 船 可以 沿著 小河 進到 裡面 的 小 花園 一 派 轎 從 前門 過 船 自 家 中 過 的 情景 令 人 著迷,72,張廳(Unknown) 的(16029838) 建築(31065) 最(421680) 引人入勝(983) 之(875481) 處(84410) 是(4642407) 在(3284238) 兩(526190) 側(16187) 廂房(847) 旁(39478) 有(2217079) 一(3701681) 條(115362) 幽暗(1168) 深長(1158) 的(16029838) 巷弄(914) 足足(2167) 有(2217079) 二十多(4393) 公尺(19233) 長(107092) 牆(26918) 上(1233218) 保存(10152) 著(1004687) 被(540683) 火(24391) 熏(440) 得(573721) 發黑(434) 的(16029838) 壁龕(56) 走到(32033) 底(37174) 卻(333007) 意外(21631) 地(754998) 出現(124694) 一(3701681) 條(115362) 細長(1852) 小河(137) 小(318835) 船(45130) 可以(560531) 沿著(Unknown) 小河(137) 進到(3246) 裡面(40741) 的(16029838) 小(318835) 花園(11369) 一(3701681) 派(45750) 轎(2750) 從(496546) 前門(1889) 過(412878) 船(45130) 自(59676) 家(236822) 中(1011729) 過(412878) 的(16029838) 情景(7266) 令(128742) 人(1550512) 著迷(3061),"{'Low': 3, 'High': 69}","{'Unknown': 21, '第1級': 18, '第4*級': 1, '第1*級': 7, '第7級': 2, '第5級': 6, '第6級': 4, '第2級': 4, '第4級': 6, '第3*級': 1, '第3級': 2}",2,Y,N,N,N
雙橋神韻已成地標：周莊最耐人尋味的是它橫臥在水巷上的石橋，這座古鎮的石橋，達十座，建造歷史也不同，從元、明、清三個朝代一直留傳下來，其中特別著名的是雙橋。,雙橋 神韻 已 成 地標 周莊 最 耐人尋味 的 是 它 橫臥 在 水巷 上 的 石橋 這 座 古鎮 的 石橋 達 十 座 建造 歷史 也 不同 從 元 明 清 三 個 朝代 一直 留傳 下來 其中 特別 著名 的 是 雙橋,45,雙橋(2) 神韻(314) 已(215610) 成(76470) 地標(888) 周莊(7) 最(421680) 耐人尋味(885) 的(16029838) 是(4642407) 它(316854) 橫臥(148) 在(3284238) 水巷(15) 上(1233218) 的(16029838) 石橋(510) 這(2114032) 座(49959) 古鎮(66) 的(16029838) 石橋(510) 達(25383) 十(77415) 座(49959) 建造(9606) 歷史(96060) 也(1590760) 不同(159432) 從(496546) 元(60807) 明(21507) 清(31773) 三(313861) 個(2296574) 朝代(1630) 一直(119877) 留傳(270) 下來(32851) 其中(95627) 特別(91212) 著名(20279) 的(16029838) 是(4642407) 雙橋(2),"{'Low': 5, 'High': 40}","{'Unknown': 13, '第3級': 3, '第4*級': 2, '第7級': 2, '第1*級': 4, '第1級': 13, '第3*級': 3, '第5級': 1, '第6級': 2, '第2級': 2}",1,Y,N,N,N
雙橋又稱鑰匙橋，因為它是由一座石拱橋和一座石梁橋組成，橋面一橫一豎，橋洞一方一圓，樣子像古時候使用的鑰匙而得名。,雙橋 又 稱 鑰匙橋 因為 它 是 由 一 座 石 拱橋 和 一 座 石梁橋 組成 橋面 一 橫 一 豎 橋洞 一 方 一 圓 樣子 像 古時候 使用 的 鑰匙 而 得名,35,雙橋(2) 又(535555) 稱(60191) 鑰匙橋(Unknown) 因為(425061) 它(316854) 是(4642407) 由(208604) 一(3701681) 座(49959) 石(12692) 拱橋(277) 和(1338337) 一(3701681) 座(49959) 石梁橋(Unknown) 組成(20095) 橋面(256) 一(3701681) 橫(5838) 一(3701681) 豎(2210) 橋洞(Unknown) 一(3701681) 方(33724) 一(3701681) 圓(14376) 樣子(37812) 像(289494) 古時候(1102) 使用(99640) 的(16029838) 鑰匙(9131) 而(937923) 得名(829),"{'Low': 4, 'High': 31}","{'Unknown': 12, '第1*級': 4, '第1級': 8, '第4*級': 1, '第3*級': 4, '第4級': 2, '第6級': 1, '第2級': 1, '第3級': 1, '第5級': 1}",3,Y,Y,N,N
這兩座橋均建於明朝萬曆年間，一般公認，雙橋是最能表現古鎮神韻的地方。,這 兩 座 橋 均 建 於 明朝 萬曆 年間 一般 公認 雙橋 是 最 能 表現 古鎮 神韻 的 地方,21,這(2114032) 兩(526190) 座(49959) 橋(12169) 均(27783) 建(13839) 於(327210) 明朝(7488) 萬曆(3448) 年間(3925) 一般(80732) 公認(2800) 雙橋(2) 是(4642407) 最(421680) 能(582260) 表現(67272) 古鎮(66) 神韻(314) 的(16029838) 地方(139164),"{'High': 19, 'Low': 2}","{'第1級': 4, '第3*級': 2, '第4級': 2, '第6級': 3, 'Unknown': 5, '第5級': 1, '第7級': 1, '第1*級': 3}",0,Y,N,N,N
周莊之所以能成為國際上著名的景點，更在一九八五年，被列為世界聯合國協會的首日封，要歸功於一位青年畫家陳逸飛，就是陳逸飛以雙橋作素材，創作一幅題為「故鄉回憶」的油畫。,周莊 之所以 能 成為 國際 上 著名 的 景點 更 在 一九八五年 被 列為 世界 聯合國 協會 的 首日封 要 歸功於 一 位 青年 畫家 陳逸飛 就是 陳逸飛 以 雙橋 作 素材 創作 一 幅 題為 故鄉 回憶 的 油畫,40,周莊(7) 之所以(21602) 能(582260) 成為(143834) 國際(40846) 上(1233218) 著名(20279) 的(16029838) 景點(1844) 更(361676) 在(3284238) 一九八五年(1853) 被(540683) 列為(3260) 世界(165235) 聯合國(4377) 協會(13492) 的(16029838) 首日封(3) 要(851264) 歸功於(Unknown) 一(3701681) 位(284809) 青年(18436) 畫家(16634) 陳逸飛(5) 就是(2943) 陳逸飛(5) 以(547785) 雙橋(2) 作(78184) 素材(3742) 創作(30713) 一(3701681) 幅(22056) 題為(961) 故鄉(6556) 回憶(17740) 的(16029838) 油畫(1745),"{'Low': 6, 'High': 34}","{'Unknown': 12, '第5級': 8, '第1*級': 2, '第4級': 1, '第1級': 8, '第6級': 2, '第2級': 2, '第4*級': 3, '第3*級': 1, '第7級': 1}",7,Y,Y,N,Y
這幅畫於一九八四年美國展出，引起轟動，將美國民眾帶入了神話般的境地。,這 幅 畫 於 一九八四年 美國 展出 引起 轟動 將 美國 民眾 帶入 了 神話 般 的 境地,18,這(2114032) 幅(22056) 畫(57787) 於(327210) 一九八四年(1972) 美國(148299) 展出(3360) 引起(36729) 轟動(2232) 將(448374) 美國(148299) 民眾(17097) 帶入(1759) 了(3199291) 神話(11011) 般(44639) 的(16029838) 境地(2104),{'High': 18},"{'第1級': 4, '第4*級': 3, '第1*級': 1, '第5級': 3, 'Unknown': 4, '第6級': 2, '第7級': 1}",1,Y,N,N,N
美國石油大王，西方石油公司董事長阿曼德‧哈默，買下了陳逸飛的「雙橋」，一九八四年十一月，他訪問中國大陸時，將此畫送給了鄧小平，表示讓「畫回到屬於它的家」。,美國 石油 大王 西方 石油 公司 董事長 阿曼德哈默 買下 了 陳逸飛 的 雙橋 一九八四年 十一月 他 訪問 中國 大陸 時 將 此 畫 送給 了 鄧小平 表示 讓 畫 回到 屬於 它 的 家,34,美國(148299) 石油(5309) 大王(9556) 西方(28701) 石油(5309) 公司(168500) 董事長(8106) 阿曼德哈默(Unknown) 買下(4461) 了(3199291) 陳逸飛(5) 的(16029838) 雙橋(2) 一九八四年(1972) 十一月(12863) 他(2487930) 訪問(12881) 中國(214840) 大陸(27031) 時(623734) 將(448374) 此(288458) 畫(57787) 送給(10154) 了(3199291) 鄧小平(4444) 表示(74452) 讓(526314) 畫(57787) 回到(60084) 屬於(39478) 它(316854) 的(16029838) 家(236822),"{'High': 31, 'Low': 3}","{'第1級': 6, '第5級': 6, 'Unknown': 12, '第2級': 3, '第4級': 1, '第3*級': 2, '第1*級': 3, '第4*級': 1}",6,Y,N,N,Y
周莊另一座著名的石橋「富安橋」，也是座從元代就修建的橋，後經明、清兩代迭次重建的單孔拱橋。,周莊 另 一 座 著名 的 石橋 富安橋 也 是 座 從 元代 就 修建 的 橋 後 經 明 清 兩 代 迭次 重建 的 單孔 拱橋,28,周莊(7) 另(138369) 一(3701681) 座(49959) 著名(20279) 的(16029838) 石橋(510) 富安橋(Unknown) 也(1590760) 是(4642407) 座(49959) 從(496546) 元代(1051) 就(1737544) 修建(2676) 的(16029838) 橋(12169) 後(422857) 經(38471) 明(21507) 清(31773) 兩(526190) 代(39507) 迭次(Unknown) 重建(7085) 的(16029838) 單孔(9) 拱橋(277),"{'Low': 4, 'High': 24}","{'Unknown': 9, '第3級': 1, '第1級': 9, '第3*級': 2, '第6級': 2, '第1*級': 1, '第4級': 2, '第4*級': 1, '第5級': 1}",1,Y,N,N,N
相傳沈萬三的弟弟沈萬四，因不願重蹈哥哥與朱元璋作對，最後被發配充軍的覆轍，而主動捐錢造橋修路，富安橋的名字，就是表達了他致富以後，祈求安康的心願，所以才叫「富安」。,相傳 沈萬三 的 弟弟 沈萬四 因 不 願 重蹈 哥哥 與 朱元璋 作對 最後 被 發配 充軍 的 覆轍 而 主動 捐 錢 造橋 修路 富安橋 的 名字 就是 表達 了 他 致富 以後 祈求 安康 的 心願 所以 才 叫 富安,42,相傳(4515) 沈萬三(86) 的(16029838) 弟弟(17584) 沈萬四(Unknown) 因(119364) 不(2282521) 願(30213) 重蹈(512) 哥哥(18973) 與(968432) 朱元璋(5957) 作對(1114) 最後(142102) 被(540683) 發配(385) 充軍(520) 的(16029838) 覆轍(471) 而(937923) 主動(18624) 捐(3625) 錢(89883) 造橋(162) 修路(221) 富安橋(Unknown) 的(16029838) 名字(42571) 就是(2943) 表達(34582) 了(3199291) 他(2487930) 致富(1583) 以後(71883) 祈求(3794) 安康(281) 的(16029838) 心願(3025) 所以(239080) 才(394539) 叫(111645) 富安(6),"{'High': 38, 'Low': 4}","{'第6級': 4, 'Unknown': 15, '第1級': 11, '第5級': 3, '第4*級': 3, '第2級': 3, '第7級': 1, '第1*級': 2}",4,Y,Y,N,Y
所以才叫「富安」。,所以 才 叫 富安,4,所以(239080) 才(394539) 叫(111645) 富安(6),"{'High': 3, 'Low': 1}","{'第1*級': 1, '第2級': 1, '第1級': 1, 'Unknown': 1}",0,Y,Y,N,Y
蘭州，是甘肅省的省會，也是全省的政治、經濟、文化、科學中心，土地總面積為一萬三千零四十三平方公里，總人口數有二百多萬人。,蘭州 是 甘肅省 的 省會 也 是 全 省 的 政治 經濟 文化 科學 中心 土地 總面積 為 一萬三千零四十三 平方公里 總人口數 有 二百多萬 人,24,蘭州(787) 是(4642407) 甘肅省(3327) 的(16029838) 省會(328) 也(1590760) 是(4642407) 全(178642) 省(17570) 的(16029838) 政治(79504) 經濟(83046) 文化(115697) 科學(55156) 中心(46076) 土地(32151) 總面積(332) 為(761341) 一萬三千零四十三(Unknown) 平方公里(1294) 總人口數(95) 有(2217079) 二百多萬(86) 人(1550512),"{'High': 21, 'Low': 3}","{'Unknown': 9, '第1級': 7, '第2級': 2, '第4級': 5, '第3級': 1}",6,Y,N,N,N
市民以漢族為主，約佔總人口的百分之九十七，另外還有回、滿、東鄉、藏與土族三十六個少數民族。,市民 以 漢族 為主 約 佔 總人口 的 百分之九十七 另外 還 有 回 滿 東鄉 藏 與 土族 三十六 個 少數 民族,22,市民(6158) 以(547785) 漢族(2780) 為主(12900) 約(47731) 佔(11252) 總人口(454) 的(16029838) 百分之九十七(52) 另外(48233) 還(625086) 有(2217079) 回(92620) 滿(46727) 東鄉(116) 藏(19307) 與(968432) 土族(40) 三十六(3749) 個(2296574) 少數(17629) 民族(25724),"{'High': 20, 'Low': 2}","{'第5級': 3, 'Unknown': 8, '第3*級': 1, '第1級': 3, '第3級': 2, '第2級': 1, '第4*級': 3, '第4級': 1}",3,Y,Y,N,Y
蘭州位於黃河中上游的西北黃土高原，是一座南北狹而東西長的帶形城市，海拔一千五百二十公尺。,蘭州 位於 黃河 中上游 的 西北 黃土高原 是 一 座 南北 狹 而 東西 長 的 帶形 城市 海拔 一千五百二十 公尺,21,蘭州(787) 位於(19612) 黃河(5124) 中上游(24) 的(16029838) 西北(5567) 黃土高原(Unknown) 是(4642407) 一(3701681) 座(49959) 南北(4305) 狹(1465) 而(937923) 東西(139472) 長(107092) 的(16029838) 帶形(2) 城市(32018) 海拔(2509) 一千五百二十(11) 公尺(19233),"{'High': 17, 'Low': 4}","{'Unknown': 10, '第6級': 2, '第1級': 5, '第3*級': 1, '第5級': 1, '第3級': 1, '第4級': 1}",3,Y,Y,N,N
黃土高原上很少有寬闊平坦的谷地，可以發展出機能健全的都市，蘭州則是少數中的例外，它好像是黃土高原上的巨型冰糖葫蘆，這串葫蘆已被中國人利用了二千多年，而那顆最大的山楂果，正是今天蘭州市的市中心。,黃土高原 上 很少 有 寬闊 平坦 的 谷地 可以 發展出 機能 健全 的 都市 蘭州 則 是 少數 中 的 例外 它 好像 是 黃土高原 上 的 巨型 冰糖 葫蘆 這 串 葫蘆 已 被 中國人 利用 了 二千多 年 而 那 顆 最 大 的 山楂果 正 是 今天 蘭州市 的 市中心,53,黃土高原(Unknown) 上(1233218) 很少(20291) 有(2217079) 寬闊(2492) 平坦(2430) 的(16029838) 谷地(579) 可以(560531) 發展出(9690) 機能(4575) 健全(4060) 的(16029838) 都市(9548) 蘭州(787) 則(254096) 是(4642407) 少數(17629) 中(1011729) 的(16029838) 例外(8838) 它(316854) 好像(67024) 是(4642407) 黃土高原(Unknown) 上(1233218) 的(16029838) 巨型(1386) 冰糖(430) 葫蘆(3104) 這(2114032) 串(5561) 葫蘆(3104) 已(215610) 被(540683) 中國人(22060) 利用(49229) 了(3199291) 二千多(363) 年(514736) 而(937923) 那(754138) 顆(32006) 最(421680) 大(525780) 的(16029838) 山楂果(6) 正(179334) 是(4642407) 今天(73277) 蘭州市(143) 的(16029838) 市中心(1655),"{'Low': 3, 'High': 50}","{'Unknown': 15, '第1級': 18, '第6級': 3, '第5級': 4, '第4級': 2, '第4*級': 1, '第1*級': 2, '第2級': 2, '第7級': 2, '第3級': 2, '第3*級': 2}",8,Y,Y,N,N
「黃河之水天上來」，黃河自西向東縱貫整個蘭州市，市區東西長約五十公里，南北寬約六公里，南有皋蘭山，北有九州山，山水造就了很多著名的風景。,黃河 之 水 天 上 來 黃河 自 西 向 東 縱貫 整個 蘭州市 市區 東西 長 約 五十 公里 南北 寬 約 六 公里 南 有 皋蘭山 北 有 九州山 山水 造就 了 很多 著名 的 風景,38,黃河(5124) 之(875481) 水(86260) 天(330413) 上(1233218) 來(742183) 黃河(5124) 自(59676) 西(42024) 向(231672) 東(28440) 縱貫(298) 整個(Unknown) 蘭州市(143) 市區(3749) 東西(139472) 長(107092) 約(47731) 五十(17500) 公里(16646) 南北(4305) 寬(12844) 約(47731) 六(77936) 公里(16646) 南(24203) 有(2217079) 皋蘭山(1) 北(20351) 有(2217079) 九州山(Unknown) 山水(2067) 造就(3295) 了(3199291) 很多(113128) 著名(20279) 的(16029838) 風景(7771),"{'High': 35, 'Low': 3}","{'Unknown': 12, '第5級': 2, '第1級': 9, '第2級': 4, '第2*級': 2, '第3*級': 3, '第4級': 3, '第6級': 3}",3,Y,N,N,N
皋蘭山是蘭州最高山，位於山頂的樓閣已達二千一百公尺，皋蘭是蒙古語，意思就是水邊的高地。,皋蘭山 是 蘭州 最 高 山 位於 山頂 的 樓閣 已 達 二千一百 公尺 皋蘭 是 蒙古語 意思 就 是 水 邊 的 高地,24,皋蘭山(1) 是(4642407) 蘭州(787) 最(421680) 高(128858) 山(54936) 位於(19612) 山頂(4697) 的(16029838) 樓閣(873) 已(215610) 達(25383) 二千一百(38) 公尺(19233) 皋蘭(9) 是(4642407) 蒙古語(114) 意思(50961) 就(1737544) 是(4642407) 水(86260) 邊(123152) 的(16029838) 高地(1502),"{'Low': 3, 'High': 21}","{'Unknown': 9, '第1級': 8, '第1*級': 4, '第6級': 1, '第3級': 1, '第4級': 1}",3,Y,N,N,Y
瓜果品種多又甜。,瓜果 品種 多 又 甜,5,瓜果(339) 品種(2982) 多(318992) 又(535555) 甜(6593),{'High': 5},"{'Unknown': 1, '第5級': 1, '第1級': 1, '第1*級': 2}",0,Y,Y,N,N
蘭州屬於大陸性乾旱氣候，降水量少，而且集中於七、八、九三個月，夏無酷暑、冬無嚴寒，年均溫攝氏九點三度，平均日照時數是二千四百四十六個小時，由於日照時間長、溫差大、加上氣候乾燥等原因，蘭州所產的瓜果含糖量高，果大汁多，品種很豐富，比較著名的有白蘭果、冬果梨、桃、蘋果等。,蘭州 屬於 大陸性 乾旱 氣候 降水量 少 而且 集中 於 七 八 九 三 個 月 夏 無 酷暑 冬 無 嚴寒 年均溫 攝氏 九點三 度 平均 日照 時數 是 二千四百四十六 個 小時 由於 日照 時間 長 溫差 大 加上 氣候 乾燥 等 原因 蘭州 所 產 的 瓜果 含糖量 高 果 大 汁 多 品種 很 豐富 比較 著名 的 有 白蘭果 冬果梨 桃 蘋果 等,67,蘭州(787) 屬於(39478) 大陸性(34) 乾旱(1211) 氣候(6752) 降水量(34) 少(50762) 而且(180402) 集中(18277) 於(327210) 七(59385) 八(54961) 九(34506) 三(313861) 個(2296574) 月(148997) 夏(10706) 無(157858) 酷暑(165) 冬(6443) 無(157858) 嚴寒(820) 年均溫(7) 攝氏(1372) 九點三(3) 度(25018) 平均(13871) 日照(604) 時數(1035) 是(4642407) 二千四百四十六(Unknown) 個(2296574) 小時(48521) 由於(88111) 日照(604) 時間(213595) 長(107092) 溫差(286) 大(525780) 加上(38121) 氣候(6752) 乾燥(3663) 等(327380) 原因(67404) 蘭州(787) 所(527327) 產(8102) 的(16029838) 瓜果(339) 含糖量(23) 高(128858) 果(3987) 大(525780) 汁(4338) 多(318992) 品種(2982) 很(715675) 豐富(24271) 比較(112212) 著名(20279) 的(16029838) 有(2217079) 白蘭果(Unknown) 冬果梨(Unknown) 桃(3080) 蘋果(8774) 等(327380),"{'High': 59, 'Low': 8}","{'Unknown': 20, '第5級': 6, '第6級': 3, '第4級': 4, '第1級': 19, '第3級': 3, '第4*級': 2, '第2級': 4, '第7級': 1, '第3*級': 4, '第2*級': 1}",8,Y,Y,N,N
由於蘭州水果品種多，質量好而被譽為「瓜果城」。,由於 蘭州 水果 品種 多 質量 好 而 被 譽為 瓜果城,11,由於(88111) 蘭州(787) 水果(8276) 品種(2982) 多(318992) 質量(3372) 好(448428) 而(937923) 被(540683) 譽為(1433) 瓜果城(Unknown),"{'High': 10, 'Low': 1}","{'第4*級': 1, 'Unknown': 5, '第1*級': 1, '第5級': 2, '第1級': 1, '第2級': 1}",1,Y,Y,N,N
蘭州舊名稱「金城」，顧名思義，是因為此地在很久以前，也是儲藏金礦的地方，古書記載，蘭州已經有二千年以上的歷史。,蘭州 舊 名稱 金城 顧名思義 是 因為 此 地 在 很 久 以前 也 是 儲藏 金礦 的 地方 古書 記載 蘭州 已經 有 二千 年 以上 的 歷史,29,蘭州(787) 舊(32022) 名稱(11922) 金城(550) 顧名思義(774) 是(4642407) 因為(425061) 此(288458) 地(754998) 在(3284238) 很(715675) 久(68086) 以前(59453) 也(1590760) 是(4642407) 儲藏(892) 金礦(680) 的(16029838) 地方(139164) 古書(1240) 記載(18376) 蘭州(787) 已經(245160) 有(2217079) 二千(2163) 年(514736) 以上(36569) 的(16029838) 歷史(96060),{'High': 29},"{'Unknown': 8, '第1*級': 5, '第4*級': 1, '第7級': 1, '第1級': 9, '第5級': 2, '第2級': 1, '第3*級': 1, '第3級': 1}",1,Y,Y,N,N
民國建立後，國父孫中山先生曾經建議國都應設於蘭州，因為當時從全國版圖來看，蘭州是位於全國版圖的幾何中心位置。,民國 建立 後 國父 孫中山 先生 曾經 建議 國都 應 設於 蘭州 因為 當時 從 全 國 版圖 來 看 蘭州 是 位於 全 國 版圖 的 幾何 中心 位置,30,民國(16130) 建立(52946) 後(422857) 國父(1147) 孫中山(2757) 先生(159645) 曾經(52970) 建議(45709) 國都(509) 應(82417) 設於(431) 蘭州(787) 因為(425061) 當時(126214) 從(496546) 全(178642) 國(73377) 版圖(1892) 來(742183) 看(444691) 蘭州(787) 是(4642407) 位於(19612) 全(178642) 國(73377) 版圖(1892) 的(16029838) 幾何(3972) 中心(46076) 位置(32151),{'High': 30},"{'Unknown': 9, '第5級': 1, '第1級': 7, '第7級': 3, '第4級': 1, '第3*級': 2, '第1*級': 2, '第2級': 2, '第6級': 1, '第3級': 1, '第4*級': 1}",1,Y,Y,N,Y
位居全國中心點，如果從蘭州出發，往北到新疆塔城、往東到黑龍江省的虎林縣，往南到南沙群島等三個邊界點，三條路線的長度大致相等，所以又有人建議，在蘭州應該建一座「國心博物館」，標示著蘭州為全國中心位置的意義。,位居 全 國 中心點 如果 從 蘭州 出發 往 北 到 新疆 塔城 往 東 到 黑龍江省 的 虎林縣 往 南 到 南沙群島 等 三 個 邊界點 三 條 路線 的 長度 大致 相等 所以 又 有 人 建議 在 蘭州 應該 建 一 座 國心 博物館 標示 著 蘭州 為 全 國 中心 位置 的 意義,57,位居(1588) 全(178642) 國(73377) 中心點(608) 如果(322121) 從(496546) 蘭州(787) 出發(17257) 往(95775) 北(20351) 到(546906) 新疆(3583) 塔城(51) 往(95775) 東(28440) 到(546906) 黑龍江省(123) 的(16029838) 虎林縣(Unknown) 往(95775) 南(24203) 到(546906) 南沙群島(163) 等(327380) 三(313861) 個(2296574) 邊界點(Unknown) 三(313861) 條(115362) 路線(9508) 的(16029838) 長度(4857) 大致(7165) 相等(2092) 所以(239080) 又(535555) 有(2217079) 人(1550512) 建議(45709) 在(3284238) 蘭州(787) 應該(165478) 建(13839) 一(3701681) 座(49959) 國心(1) 博物館(9905) 標示(4576) 著(1004687) 蘭州(787) 為(761341) 全(178642) 國(73377) 中心(46076) 位置(32151) 的(16029838) 意義(71714),"{'High': 53, 'Low': 4}","{'第7級': 1, '第2級': 9, '第1級': 14, 'Unknown': 15, '第1*級': 5, '第4級': 3, '第2*級': 1, '第3*級': 3, '第5級': 2, '第6級': 2, '第3級': 1, '第4*級': 1}",6,Y,Y,N,N
現在的蘭州，比起過去交通已經便利許多，特別是空中交通上，蘭州現在新建的機場叫「中川機場」，是因為機場所在地的地名叫中川，這裡是距離蘭州市最近的一塊平原，因此被用來蓋機場，但是機場距蘭州市還有七十五公里遠，是目前中國大陸的所有機場中，距離城市最遠的三座機場之一，另外兩座是西昌邦達機場與拉薩的貢噶機場。,現在 的 蘭州 比起 過去 交通 已經 便利 許多 特別 是 空中 交通 上 蘭州 現在 新建 的 機場 叫 中川 機場 是 因為 機場 所在地 的 地 名叫 中川 這裡 是 距離 蘭州市 最近 的 一 塊 平原 因此 被 用來 蓋 機場 但是 機場 距 蘭州市 還 有 七十五 公里 遠 是 目前 中國 大陸 的 所有 機場 中 距離 城市 最 遠 的 三 座 機場 之 一 另外 兩 座 是 西昌 邦達 機場 與 拉薩 的 貢噶 機場,83,現在(218744) 的(16029838) 蘭州(787) 比起(8887) 過去(88758) 交通(11639) 已經(245160) 便利(3921) 許多(159791) 特別(91212) 是(4642407) 空中(9571) 交通(11639) 上(1233218) 蘭州(787) 現在(218744) 新建(1093) 的(16029838) 機場(7570) 叫(111645) 中川(149) 機場(7570) 是(4642407) 因為(425061) 機場(7570) 所在地(1929) 的(16029838) 地(754998) 名叫(10798) 中川(149) 這裡(100385) 是(4642407) 距離(27644) 蘭州市(143) 最近(30174) 的(16029838) 一(3701681) 塊(54148) 平原(4378) 因此(184606) 被(540683) 用來(29356) 蓋(21495) 機場(7570) 但是(247988) 機場(7570) 距(4162) 蘭州市(143) 還(625086) 有(2217079) 七十五(1126) 公里(16646) 遠(57546) 是(4642407) 目前(48695) 中國(214840) 大陸(27031) 的(16029838) 所有(146771) 機場(7570) 中(1011729) 距離(27644) 城市(32018) 最(421680) 遠(57546) 的(16029838) 三(313861) 座(49959) 機場(7570) 之(875481) 一(3701681) 另外(48233) 兩(526190) 座(49959) 是(4642407) 西昌(34) 邦達(3) 機場(7570) 與(968432) 拉薩(452) 的(16029838) 貢噶(2) 機場(7570),"{'High': 80, 'Low': 3}","{'第1級': 24, 'Unknown': 17, '第4級': 8, '第3級': 4, '第2級': 8, '第3*級': 4, '第4*級': 4, '第2*級': 9, '第1*級': 2, '第5級': 3}",4,Y,Y,N,Y
一九九四年，從機場修了一條高速公路到蘭州，有七十公里遠，但行車還是需要一個小時。,一九九四年 從 機場 修 了 一 條 高速 公路 到 蘭州 有 七十 公里 遠 但 行車 還是 需要 一 個 小時,22,一九九四年(2312) 從(496546) 機場(7570) 修(13968) 了(3199291) 一(3701681) 條(115362) 高速(4778) 公路(7300) 到(546906) 蘭州(787) 有(2217079) 七十(4970) 公里(16646) 遠(57546) 但(597124) 行車(413) 還是(155231) 需要(166793) 一(3701681) 個(2296574) 小時(48521),{'High': 22},"{'Unknown': 5, '第1*級': 2, '第2*級': 1, '第4級': 2, '第1級': 6, '第2級': 4, '第4*級': 1, '第3*級': 1}",1,Y,Y,N,N
遊客從機場往蘭州市的途中，就可以領略黃土高原的本質，沿途所見，都是一片黃土世界，這就是中國西北的基本色調，也是遠離海洋、乾旱少雨的主要特徵。,遊客 從 機場 往 蘭州市 的 途中 就 可以 領略 黃土高原 的 本質 沿途 所 見 都 是 一 片 黃土 世界 這 就 是 中國 西北 的 基本 色調 也 是 遠離 海洋 乾旱 少 雨 的 主要 特徵,40,遊客(4899) 從(496546) 機場(7570) 往(95775) 蘭州市(143) 的(16029838) 途中(8114) 就(1737544) 可以(560531) 領略(982) 黃土高原(Unknown) 的(16029838) 本質(19801) 沿途(2767) 所(527327) 見(179113) 都(1125846) 是(4642407) 一(3701681) 片(71870) 黃土(694) 世界(165235) 這(2114032) 就(1737544) 是(4642407) 中國(214840) 西北(5567) 的(16029838) 基本(52069) 色調(2089) 也(1590760) 是(4642407) 遠離(8251) 海洋(8653) 乾旱(1211) 少(50762) 雨(16736) 的(16029838) 主要(78757) 特徵(15753),"{'High': 39, 'Low': 1}","{'Unknown': 7, '第1*級': 3, '第2*級': 1, '第2級': 4, '第1級': 16, '第7級': 2, '第6級': 3, '第5級': 2, '第4級': 2}",2,Y,N,N,N
它雖然沒有江南的青山綠水，但卻有一股與眾不同的粗獷之美。,它 雖然 沒有 江南 的 青山綠水 但 卻 有 一 股 與眾不同 的 粗獷 之 美,16,它(316854) 雖然(152988) 沒有(594280) 江南(5517) 的(16029838) 青山綠水(123) 但(597124) 卻(333007) 有(2217079) 一(3701681) 股(29263) 與眾不同(2944) 的(16029838) 粗獷(611) 之(875481) 美(53380),{'High': 16},"{'第1*級': 2, '第2級': 2, '第1級': 5, 'Unknown': 2, '第4級': 1, '第6級': 2, '第7級': 1, '第5級': 1}",2,Y,Y,N,N
昔日窯洞已廢棄此外，在這一條從機場進入蘭州市區的公路上，還可以看到很多從黃土堆的陡峭處，開挖出來的窯洞。,昔日 窯洞 已 廢棄 此外 在 這 一 條 從 機場 進入 蘭州 市區 的 公路 上 還可以 看到 很多 從 黃土堆 的 陡峭 處 開挖出來 的 窯洞,28,昔日(4668) 窯洞(140) 已(215610) 廢棄(2274) 此外(30247) 在(3284238) 這(2114032) 一(3701681) 條(115362) 從(496546) 機場(7570) 進入(66885) 蘭州(787) 市區(3749) 的(16029838) 公路(7300) 上(1233218) 還可以(9751) 看到(159419) 很多(113128) 從(496546) 黃土堆(7) 的(16029838) 陡峭(1379) 處(84410) 開挖出來(1) 的(16029838) 窯洞(140),"{'High': 26, 'Low': 2}","{'第6級': 2, 'Unknown': 8, '第3級': 1, '第5級': 1, '第1*級': 4, '第1級': 6, '第2級': 1, '第2*級': 1, '第4級': 1, '第3*級': 2, '第7級': 1}",3,Y,Y,N,N
這些窯洞的目的不一，過去窯洞是用來貯藏乾糧，或是躲避盜賊，或是看守良田的農夫遮風避雨的地方，但早已廢棄不用，與今日蘭州到處是高樓大廈的居住環境相比，實在不可同日而語。,這些 窯洞 的 目的 不一 過去 窯洞 是 用來 貯藏 乾糧 或是 躲避 盜賊 或是 看守 良田 的 農夫 遮風 避雨 的 地方 但 早已 廢棄 不 用 與 今日 蘭州 到處 是 高樓大廈 的 居住 環境 相比 實在 不可 同日而語,41,這些(315113) 窯洞(140) 的(16029838) 目的(45226) 不一(3317) 過去(88758) 窯洞(140) 是(4642407) 用來(29356) 貯藏(395) 乾糧(704) 或是(75906) 躲避(2699) 盜賊(2272) 或是(75906) 看守(2193) 良田(353) 的(16029838) 農夫(4851) 遮風(262) 避雨(424) 的(16029838) 地方(139164) 但(597124) 早已(21910) 廢棄(2274) 不(2282521) 用(377038) 與(968432) 今日(20291) 蘭州(787) 到處(19723) 是(4642407) 高樓大廈(420) 的(16029838) 居住(12699) 環境(71054) 相比(8604) 實在(51634) 不可(50808) 同日而語(438),{'High': 41},"{'Unknown': 13, '第1級': 8, '第3*級': 1, '第4級': 1, '第5級': 5, '第6級': 4, '第2級': 3, '第7級': 1, '第1*級': 1, '第4*級': 2, '第3級': 2}",2,Y,Y,N,N
蘭州為何會成為大西北的重鎮呢？,蘭州 為何 會 成為 大 西北 的 重鎮 呢,9,蘭州(787) 為何(25238) 會(1014977) 成為(143834) 大(525780) 西北(5567) 的(16029838) 重鎮(1282) 呢(204566),{'High': 9},"{'Unknown': 2, '第5級': 2, '第1*級': 1, '第1級': 3, '第7級': 1}",0,Y,N,N,N
主要的原因，還是因為蘭州位於古代中國與西域各國來往的路途上，蘭州是古絲路上的一大城市，它是古代中國與西方國家交往的重點轉運站。,主要 的 原因 還是 因為 蘭州 位於 古代 中國 與 西域 各 國 來往 的 路途 上 蘭州 是 古 絲路 上 的 一 大 城市 它 是 古代 中國 與 西方 國家 交往 的 重點 轉運站,37,主要(78757) 的(16029838) 原因(67404) 還是(155231) 因為(425061) 蘭州(787) 位於(19612) 古代(18507) 中國(214840) 與(968432) 西域(3003) 各(243023) 國(73377) 來往(4667) 的(16029838) 路途(2021) 上(1233218) 蘭州(787) 是(4642407) 古(21972) 絲路(395) 上(1233218) 的(16029838) 一(3701681) 大(525780) 城市(32018) 它(316854) 是(4642407) 古代(18507) 中國(214840) 與(968432) 西方(28701) 國家(109166) 交往(10508) 的(16029838) 重點(22761) 轉運站(112),{'High': 37},"{'第4級': 2, '第1級': 13, '第3*級': 1, '第1*級': 4, 'Unknown': 8, '第6級': 2, '第4*級': 4, '第2級': 1, '第3級': 1, '第5級': 1}",1,Y,Y,N,N
行走於絲路上的旅人，到蘭州歇腳，飲馬餵駝、轉賣錢財、或在此地紮木筏準備渡黃河，購買武器以備不測。,行走 於 絲路 上 的 旅人 到 蘭州 歇腳 飲 馬 餵 駝 轉賣 錢財 或 在 此 地 紮 木筏 準備 渡 黃河 購買 武器 以 備 不測,29,行走(5800) 於(327210) 絲路(395) 上(1233218) 的(16029838) 旅人(1599) 到(546906) 蘭州(787) 歇腳(279) 飲(4712) 馬(49895) 餵(7079) 駝(555) 轉賣(193) 錢財(3144) 或(478077) 在(3284238) 此(288458) 地(754998) 紮(1077) 木筏(420) 準備(64901) 渡(4490) 黃河(5124) 購買(14998) 武器(13794) 以(547785) 備(5584) 不測(1000),{'High': 29},"{'第5級': 6, 'Unknown': 12, '第1級': 3, '第2級': 2, '第4*級': 1, '第3級': 1, '第1*級': 1, '第7級': 1, '第6級': 1, '第4級': 1}",0,Y,Y,N,N
蘭州或許在古代就是從一個黃河渡口發展出來的小市集。,蘭州 或許 在 古代 就 是 從 一 個 黃河 渡口 發展出來 的 小 市集,15,蘭州(787) 或許(60077) 在(3284238) 古代(18507) 就(1737544) 是(4642407) 從(496546) 一(3701681) 個(2296574) 黃河(5124) 渡口(456) 發展出來(2633) 的(16029838) 小(318835) 市集(2223),{'High': 15},"{'Unknown': 5, '第4級': 1, '第1*級': 2, '第4*級': 1, '第1級': 6}",1,Y,N,N,N
從漢唐以來，絲路就是中國與西方國家來往的最主要通道，在那個陸路的歷史年代，蘭州以其地理優勢，成為絲路上的重鎮，是通西域的必經之路。,從 漢唐 以來 絲路 就 是 中國 與 西方 國家 來往 的 最 主要 通道 在 那 個 陸路 的 歷史 年代 蘭州 以 其 地理 優勢 成為 絲路 上 的 重鎮 是 通 西域 的 必 經 之 路,40,從(496546) 漢唐(406) 以來(26654) 絲路(395) 就(1737544) 是(4642407) 中國(214840) 與(968432) 西方(28701) 國家(109166) 來往(4667) 的(16029838) 最(421680) 主要(78757) 通道(4751) 在(3284238) 那(754138) 個(2296574) 陸路(827) 的(16029838) 歷史(96060) 年代(15510) 蘭州(787) 以(547785) 其(307905) 地理(7072) 優勢(16050) 成為(143834) 絲路(395) 上(1233218) 的(16029838) 重鎮(1282) 是(4642407) 通(19493) 西域(3003) 的(16029838) 必(37598) 經(38471) 之(875481) 路(74635),{'High': 40},"{'第1*級': 4, 'Unknown': 10, '第4*級': 5, '第1級': 12, '第4級': 1, '第6級': 3, '第3級': 1, '第5級': 3, '第7級': 1}",0,Y,Y,N,N
當年的牛馬車隊、皮筏浮橋，已經被今天現代化的交通工具所取代，但今天的蘭州，還是不改其空間的優越性。,當年 的 牛馬 車隊 皮筏 浮橋 已經 被 今天 現代化 的 交通 工具 所 取代 但 今天 的 蘭州 還是 不 改 其 空間 的 優越性,26,當年(25091) 的(16029838) 牛馬(485) 車隊(1031) 皮筏(37) 浮橋(338) 已經(245160) 被(540683) 今天(73277) 現代化(6049) 的(16029838) 交通(11639) 工具(26319) 所(527327) 取代(14551) 但(597124) 今天(73277) 的(16029838) 蘭州(787) 還是(155231) 不(2282521) 改(12785) 其(307905) 空間(52519) 的(16029838) 優越性(411),"{'High': 25, 'Low': 1}","{'第4*級': 1, '第1級': 7, 'Unknown': 6, '第2級': 4, '第5級': 2, '第3級': 1, '第4級': 2, '第1*級': 1, '第3*級': 1, '第6級': 1}",2,Y,Y,N,N
五十年代初期，中國大陸為了與東歐社會主義陣容靠攏，決定全力扶植最靠近東歐的西北地區，發展西北成為可靠的大後方，於是重點發展石化工業、機器製造業、冶金等重工業，蘭州在這項大戰略政策下，相對也得到很大的發展。,五十年代 初期 中國 大陸 為了 與 東歐 社會主義 陣容 靠攏 決定 全力 扶植 最 靠近 東歐 的 西北 地區 發展 西北 成為 可靠 的 大後方 於是 重點 發展 石化工業 機器 製造業 冶金 等 重工業 蘭州 在 這 項 大 戰略 政策 下 相對 也 得到 很 大 的 發展,49,五十年代(677) 初期(11598) 中國(214840) 大陸(27031) 為了(Unknown) 與(968432) 東歐(1216) 社會主義(5167) 陣容(1124) 靠攏(870) 決定(101837) 全力(4329) 扶植(529) 最(421680) 靠近(12300) 東歐(1216) 的(16029838) 西北(5567) 地區(40339) 發展(117494) 西北(5567) 成為(143834) 可靠(6472) 的(16029838) 大後方(188) 於是(108155) 重點(22761) 發展(117494) 石化工業(Unknown) 機器(16652) 製造業(2014) 冶金(169) 等(327380) 重工業(317) 蘭州(787) 在(3284238) 這(2114032) 項(88887) 大(525780) 戰略(10042) 政策(30965) 下(329549) 相對(20694) 也(1590760) 得到(84614) 很(715675) 大(525780) 的(16029838) 發展(117494),"{'High': 47, 'Low': 2}","{'Unknown': 16, '第1級': 9, '第3*級': 3, '第4*級': 4, '第6級': 2, '第7級': 1, '第2級': 1, '第1*級': 3, '第4級': 7, '第5級': 3}",6,Y,Y,N,N
霍去病揮鞭成泉。,霍去病 揮鞭 成 泉,4,霍去病(412) 揮鞭(115) 成(76470) 泉(2424),{'High': 4},"{'Unknown': 2, '第4*級': 1, '第6級': 1}",1,Y,N,N,Y
蘭州旅遊景點大多與山或黃河有關，著名的山景是五泉山與白塔山兩處，五泉山遠從二千年前的西漢即聞名，因為山上有五眼泉而得名，相傳是西漢霍去病西征經過蘭州途中，駐兵皋蘭山下，人困馬乏，士卒飢渴，霍去病心急如焚，便奮然揮鞭連擊五下，鞭響泉湧，地下冒出五泉。,蘭州 旅遊 景點 大多 與 山 或 黃河 有關 著名 的 山景 是 五泉山 與 白塔山 兩 處 五泉山 遠 從 二千 年 前 的 西漢 即 聞名 因為 山 上 有 五眼泉 而 得名 相傳 是 西漢 霍去病 西征 經過 蘭州 途中 駐兵 皋蘭山 下 人困馬乏 士卒 飢渴 霍去病 心急如焚 便 奮然 揮鞭 連 擊 五 下 鞭 響 泉湧 地 下 冒出 五 泉,66,蘭州(787) 旅遊(8465) 景點(1844) 大多(12946) 與(968432) 山(54936) 或(478077) 黃河(5124) 有關(69607) 著名(20279) 的(16029838) 山景(83) 是(4642407) 五泉山(2) 與(968432) 白塔山(4) 兩(526190) 處(84410) 五泉山(2) 遠(57546) 從(496546) 二千(2163) 年(514736) 前(272709) 的(16029838) 西漢(2569) 即(110826) 聞名(4406) 因為(425061) 山(54936) 上(1233218) 有(2217079) 五眼泉(Unknown) 而(937923) 得名(829) 相傳(4515) 是(4642407) 西漢(2569) 霍去病(412) 西征(610) 經過(64617) 蘭州(787) 途中(8114) 駐兵(64) 皋蘭山(1) 下(329549) 人困馬乏(Unknown) 士卒(2585) 飢渴(733) 霍去病(412) 心急如焚(315) 便(220860) 奮然(37) 揮鞭(115) 連(91153) 擊(5446) 五(112649) 下(329549) 鞭(775) 響(12644) 泉湧(523) 地(754998) 下(329549) 冒出(4796) 五(112649) 泉(2424),"{'High': 57, 'Low': 9}","{'Unknown': 28, '第4級': 2, '第5級': 2, '第4*級': 3, '第1*級': 7, '第3級': 1, '第6級': 6, '第1級': 11, '第2級': 2, '第7級': 3, '第3*級': 1}",9,Y,Y,N,Y
五泉山目前已闢成一處景觀優美的公園。,五泉山 目前 已 闢成 一 處 景觀 優美 的 公園,10,五泉山(2) 目前(48695) 已(215610) 闢成(28) 一(3701681) 處(84410) 景觀(4987) 優美(4205) 的(16029838) 公園(13910),"{'Low': 2, 'High': 8}","{'Unknown': 3, '第4級': 1, '第3級': 1, '第1級': 2, '第6級': 2, '第1*級': 1}",1,Y,N,N,N
白塔山，位於蘭州市黃河北岸，海拔一千七百公尺，山勢起伏，綠樹簇擁，山上因有一座建於元代的白塔寺而得名。,白塔山 位於 蘭州市 黃河 北岸 海拔 一千七百 公尺 山勢 起伏 綠樹 簇擁 山 上 因 有 一 座 建 於 元代 的 白塔寺 而 得名,25,白塔山(4) 位於(19612) 蘭州市(143) 黃河(5124) 北岸(1340) 海拔(2509) 一千七百(185) 公尺(19233) 山勢(504) 起伏(5179) 綠樹(4) 簇擁(1072) 山(54936) 上(1233218) 因(119364) 有(2217079) 一(3701681) 座(49959) 建(13839) 於(327210) 元代(1051) 的(16029838) 白塔寺(35) 而(937923) 得名(829),"{'Low': 3, 'High': 22}","{'Unknown': 12, '第6級': 3, '第4級': 1, '第7級': 1, '第1*級': 1, '第1級': 4, '第3*級': 1, '第5級': 2}",4,Y,Y,N,N
在古代，白塔山可是軍事重要據點，居高臨下，坐控黃河與蘭州城。,在 古代 白塔山 可 是 軍事 重要 據點 居高臨下 坐控 黃河 與 蘭州城,13,在(3284238) 古代(18507) 白塔山(4) 可(307359) 是(4642407) 軍事(21013) 重要(154863) 據點(2750) 居高臨下(566) 坐控(Unknown) 黃河(5124) 與(968432) 蘭州城(5),"{'High': 10, 'Low': 3}","{'第1*級': 1, '第4*級': 3, 'Unknown': 4, '第1級': 1, '第5級': 1, '第2級': 1, '第6級': 1, '第7級': 1}",3,Y,Y,N,N
位於白塔山下有一座黃河鐵橋，是蘭州歷史最悠久的古橋，有「天下黃河第一橋」之稱。,位於 白塔山 下 有 一 座 黃河 鐵橋 是 蘭州 歷史 最 悠久 的 古橋 有 天下 黃河 第一 橋 之 稱,22,位於(19612) 白塔山(4) 下(329549) 有(2217079) 一(3701681) 座(49959) 黃河(5124) 鐵橋(279) 是(4642407) 蘭州(787) 歷史(96060) 最(421680) 悠久(2063) 的(16029838) 古橋(37) 有(2217079) 天下(39391) 黃河(5124) 第一(172544) 橋(12169) 之(875481) 稱(60191),"{'High': 20, 'Low': 2}","{'第6級': 2, 'Unknown': 7, '第1*級': 2, '第1級': 5, '第3*級': 1, '第3級': 1, '第5級': 2, '第2級': 1, '第4級': 1}",1,Y,N,N,Y
橋長二百三十二點三公尺，寬八公尺，五孔，四墩，此橋原建於清光緒年間(西元一九0七年{8000}{8000}{8000}，為德商泰來洋行所建，一九五四年，鐵橋重新加固，並且增加弧形鋼架拱梁。,橋 長 二百三十二點三 公尺 寬 八 公尺 五 孔 四 墩 此 橋 原 建 於 清 光緒 年間 西元 一九0七年 800080008000 為 德商 泰來 洋行 所 建 一九五四年 鐵橋 重新 加固 並且 增加 弧形 鋼架 拱梁,37,橋(12169) 長(107092) 二百三十二點三(Unknown) 公尺(19233) 寬(12844) 八(54961) 公尺(19233) 五(112649) 孔(4664) 四(141667) 墩(246) 此(288458) 橋(12169) 原(33852) 建(13839) 於(327210) 清(31773) 光緒(10471) 年間(3925) 西元(19393) 一九0七年(Unknown) 800080008000(Unknown) 為(761341) 德商(21) 泰來(21) 洋行(1540) 所(527327) 建(13839) 一九五四年(983) 鐵橋(279) 重新(44668) 加固(256) 並且(60996) 增加(48296) 弧形(679) 鋼架(116) 拱梁(1),"{'High': 31, 'Low': 6}","{'第4級': 7, 'Unknown': 19, '第1級': 3, '第6級': 2, '第5級': 3, '第4*級': 2, '第2級': 1}",4,Y,Y,N,Y
為紀念孫中山先生倡議蘭州建國都的構想，此橋現改名為「中山橋」。,為 紀念 孫中山 先生 倡議 蘭州 建 國都 的 構想 此 橋 現 改名為 中山橋,15,為(761341) 紀念(7956) 孫中山(2757) 先生(159645) 倡議(1128) 蘭州(787) 建(13839) 國都(509) 的(16029838) 構想(6562) 此(288458) 橋(12169) 現(9910) 改名為(1708) 中山橋(20),"{'High': 14, 'Low': 1}","{'Unknown': 9, '第4級': 2, '第1級': 2, '第5級': 2}",3,Y,N,N,Y
此橋也是黃河從發源地東流後，所碰到建造歷史最早的大鐵橋。,此 橋 也 是 黃河 從 發源地 東流 後 所 碰到 建造 歷史 最早 的 大 鐵橋,17,此(288458) 橋(12169) 也(1590760) 是(4642407) 黃河(5124) 從(496546) 發源地(547) 東流(206) 後(422857) 所(527327) 碰到(15360) 建造(9606) 歷史(96060) 最早(9441) 的(16029838) 大(525780) 鐵橋(279),{'High': 17},"{'第5級': 2, '第4級': 2, '第1級': 5, 'Unknown': 4, '第1*級': 1, '第7級': 1, '第2級': 1, '第3級': 1}",1,Y,N,N,N
此外，蘭州的濱河公園，還有代表黃河灌溉歷史的水車園，與黃河母親塑像，都是與黃河有關的代表性景點。,此外 蘭州 的 濱河 公園 還 有 代表 黃河 灌溉 歷史 的 水車園 與 黃河 母親 塑像 都 是 與 黃河 有關 的 代表性 景點,25,此外(30247) 蘭州(787) 的(16029838) 濱河(11) 公園(13910) 還(625086) 有(2217079) 代表(58333) 黃河(5124) 灌溉(1649) 歷史(96060) 的(16029838) 水車園(Unknown) 與(968432) 黃河(5124) 母親(84326) 塑像(1278) 都(1125846) 是(4642407) 與(968432) 黃河(5124) 有關(69607) 的(16029838) 代表性(3248) 景點(1844),"{'High': 23, 'Low': 2}","{'第5級': 2, 'Unknown': 8, '第1級': 6, '第1*級': 1, '第4級': 2, '第7級': 2, '第3級': 2, '第4*級': 2}",2,Y,Y,N,N
中國大陸沿黃河的城市中，僅有河南鄭州與甘肅蘭州有「黃河母親」塑像，但蘭州的塑像是母親抱著小孩泡在水裡，造型逼真，令人印象深刻。,中國 大陸 沿 黃河 的 城市 中 僅有 河南 鄭州 與 甘肅 蘭州 有 黃河 母親 塑像 但 蘭州 的 塑像 是 母親 抱 著 小孩 泡 在 水 裡 造型 逼真 令 人 印象深刻,35,中國(214840) 大陸(27031) 沿(19661) 黃河(5124) 的(16029838) 城市(32018) 中(1011729) 僅有(4494) 河南(4947) 鄭州(497) 與(968432) 甘肅(1641) 蘭州(787) 有(2217079) 黃河(5124) 母親(84326) 塑像(1278) 但(597124) 蘭州(787) 的(16029838) 塑像(1278) 是(4642407) 母親(84326) 抱(20933) 著(1004687) 小孩(47282) 泡(7148) 在(3284238) 水(86260) 裡(520435) 造型(6053) 逼真(1318) 令(128742) 人(1550512) 印象深刻(Unknown),"{'High': 34, 'Low': 1}","{'第1級': 8, '第3*級': 1, '第5級': 3, 'Unknown': 10, '第3級': 4, '第6級': 2, '第4*級': 1, '第7級': 2, '第2級': 1, '第4級': 1, '第1*級': 2}",1,Y,Y,N,N
博物館值得參觀，蘭州的甘肅省立博物館，是很值得參觀的旅遊去處，在此地，對中國古文明的源起與絲路的歷史，有非常詳盡的介紹，在中國大陸其他地區，還找不到能與這座博物館相比的。,博物館 值得 參觀 蘭州 的 甘肅 省立 博物館 是 很 值得 參觀 的 旅遊 去處 在 此 地 對 中國 古 文明 的 源起 與 絲路 的 歷史 有 非常 詳盡 的 介紹 在 中國 大陸 其他 地區 還 找 不 到 能 與 這 座 博物館 相比 的,49,博物館(9905) 值得(34362) 參觀(9034) 蘭州(787) 的(16029838) 甘肅(1641) 省立(705) 博物館(9905) 是(4642407) 很(715675) 值得(34362) 參觀(9034) 的(16029838) 旅遊(8465) 去處(972) 在(3284238) 此(288458) 地(754998) 對(897964) 中國(214840) 古(21972) 文明(17878) 的(16029838) 源起(593) 與(968432) 絲路(395) 的(16029838) 歷史(96060) 有(2217079) 非常(152032) 詳盡(2726) 的(16029838) 介紹(26468) 在(3284238) 中國(214840) 大陸(27031) 其他(189445) 地區(40339) 還(625086) 找(108128) 不(2282521) 到(546906) 能(582260) 與(968432) 這(2114032) 座(49959) 博物館(9905) 相比(8604) 的(16029838),{'High': 49},"{'第4級': 7, '第3*級': 4, 'Unknown': 9, '第1級': 16, '第1*級': 5, '第5級': 3, '第4*級': 2, '第3級': 1, '第6級': 1, '第2級': 1}",3,Y,Y,N,N
博物館的展出內容，簡單但有力地告訴人們，在世界上最早產生農業、畜牧業與彩陶的地區，與後來的絲綢之路所經過的地區十分一致，這證明了在遠古時代，世界上各文明地區在漫長的發展中，既是獨立發展，但也有一定的聯繫存在。,博物館 的 展出 內容 簡單 但 有力 地 告訴 人們 在 世界 上 最早 產生 農業 畜牧業 與 彩陶 的 地區 與 後來 的 絲綢 之 路 所 經過 的 地區 十分 一致 這 證明 了 在 遠古 時代 世界 上 各 文明 地區 在 漫長 的 發展 中 既是 獨立 發展 但 也 有 一定 的 聯繫 存在,59,博物館(9905) 的(16029838) 展出(3360) 內容(55074) 簡單(52683) 但(597124) 有力(7920) 地(754998) 告訴(122898) 人們(77778) 在(3284238) 世界(165235) 上(1233218) 最早(9441) 產生(82753) 農業(9412) 畜牧業(143) 與(968432) 彩陶(132) 的(16029838) 地區(40339) 與(968432) 後來(95618) 的(16029838) 絲綢(1707) 之(875481) 路(74635) 所(527327) 經過(64617) 的(16029838) 地區(40339) 十分(63196) 一致(17053) 這(2114032) 證明(32919) 了(3199291) 在(3284238) 遠古(1426) 時代(74034) 世界(165235) 上(1233218) 各(243023) 文明(17878) 地區(40339) 在(3284238) 漫長(5523) 的(16029838) 發展(117494) 中(1011729) 既是(4721) 獨立(29364) 發展(117494) 但(597124) 也(1590760) 有(2217079) 一定(138695) 的(16029838) 聯繫(12186) 存在(75197),{'High': 59},"{'第4級': 10, '第1級': 12, 'Unknown': 11, '第2級': 9, '第5級': 6, '第4*級': 5, '第1*級': 4, '第7級': 1, '第6級': 1}",2,Y,Y,N,N
博物館內有一座「黃河古象」化石模型真品已運到北京，那是一九七三年在甘肅省境內所發現的，科學家證明黃河古象離今約二百五十萬年前。,博物館 內 有 一 座 黃河 古象 化石 模型 真品 已 運到 北京 那 是 一九七三年 在 甘肅省 境 內 所 發現 的 科學家 證明 黃河 古象 離 今 約 二百五十萬 年 前,33,博物館(9905) 內(183051) 有(2217079) 一(3701681) 座(49959) 黃河(5124) 古象(Unknown) 化石(2350) 模型(9142) 真品(220) 已(215610) 運到(1728) 北京(36363) 那(754138) 是(4642407) 一九七三年(1478) 在(3284238) 甘肅省(3327) 境(15223) 內(183051) 所(527327) 發現(175233) 的(16029838) 科學家(18346) 證明(32919) 黃河(5124) 古象(Unknown) 離(29476) 今(33635) 約(47731) 二百五十萬(148) 年(514736) 前(272709),"{'High': 31, 'Low': 2}","{'第4級': 2, '第3級': 3, '第1級': 7, '第3*級': 2, 'Unknown': 14, '第5級': 1, '第1*級': 1, '第2級': 3}",5,Y,N,N,N
誰能想像得到，在今天乾燥的黃土高原，在二百五十萬年前，竟然是個水草肥沃，適合大象生長的地區？,誰 能 想像 得 到 在 今天 乾燥 的 黃土高原 在 二百五十萬 年 前 竟然 是 個 水草 肥沃 適合 大象 生長 的 地區,24,誰(110452) 能(582260) 想像(45673) 得(573721) 到(546906) 在(3284238) 今天(73277) 乾燥(3663) 的(16029838) 黃土高原(Unknown) 在(3284238) 二百五十萬(148) 年(514736) 前(272709) 竟然(31233) 是(4642407) 個(2296574) 水草(843) 肥沃(1097) 適合(25592) 大象(3621) 生長(11628) 的(16029838) 地區(40339),"{'High': 23, 'Low': 1}","{'第1級': 9, '第1*級': 3, '第4級': 2, 'Unknown': 3, '第6級': 1, '第4*級': 2, '第7級': 2, '第3級': 1, '第5級': 1}",2,Y,N,N,N
蘭州的魅力就是如此神奇，它讓中國人發現中國，也讓世界了解中國，這真是一塊充滿神秘與誘人的土地。,蘭州 的 魅力 就 是 如此 神奇 它 讓 中國人 發現 中國 也 讓 世界 了解 中國 這 真是 一 塊 充滿 神秘 與 誘人 的 土地,27,蘭州(787) 的(16029838) 魅力(8207) 就(1737544) 是(4642407) 如此(133083) 神奇(8107) 它(316854) 讓(526314) 中國人(22060) 發現(175233) 中國(214840) 也(1590760) 讓(526314) 世界(165235) 了解(82970) 中國(214840) 這(2114032) 真是(17243) 一(3701681) 塊(54148) 充滿(43990) 神秘(7052) 與(968432) 誘人(1541) 的(16029838) 土地(32151),{'High': 27},"{'Unknown': 3, '第1級': 10, '第5級': 4, '第1*級': 1, '第2級': 4, '第3*級': 1, '第4*級': 2, '第6級': 1, '第4級': 1}",1,Y,Y,N,N
這真是一塊充滿神秘與誘人的土地。,這 真是 一塊 充滿 神秘 與 誘人 的 土地,9,這(2114032) 真是(17243) 一塊(774) 充滿(43990) 神秘(7052) 與(968432) 誘人(1541) 的(16029838) 土地(32151),{'High': 9},"{'第1級': 2, 'Unknown': 1, '第2*級': 1, '第4*級': 2, '第5級': 1, '第6級': 1, '第4級': 1}",0,Y,Y,N,N
香港這個萬象之都除了可以大肆購物之外，親子共遊就一定不能錯過海洋公園。,香港 這 個 萬象 之 都 除了 可以 大肆 購物 之外 親子 共遊 就 一定 不能 錯過 海洋 公園,19,香港(46937) 這(2114032) 個(2296574) 萬象(567) 之(875481) 都(1125846) 除了(75964) 可以(560531) 大肆(3010) 購物(5443) 之外(45757) 親子(5521) 共遊(3) 就(1737544) 一定(138695) 不能(162852) 錯過(4695) 海洋(8653) 公園(13910),"{'High': 18, 'Low': 1}","{'Unknown': 5, '第1級': 5, '第5級': 3, '第3*級': 1, '第7級': 1, '第4*級': 1, '第1*級': 2, '第4級': 1}",0,Y,N,N,N
尤其在暑假期間，香港政府開放給兒童免費入場，這時到訪能省下不少費用。,尤其 在 暑假 期間 香港 政府 開放 給 兒童 免費 入場 這時 到訪 能 省下 不少 費用,17,尤其(50700) 在(3284238) 暑假(3577) 期間(32981) 香港(46937) 政府(92663) 開放(17546) 給(240485) 兒童(30462) 免費(6101) 入場(626) 這時(49464) 到訪(400) 能(582260) 省下(1412) 不少(35256) 費用(10652),{'High': 17},"{'第3*級': 1, '第1*級': 2, '第3級': 1, '第4*級': 1, 'Unknown': 6, '第4級': 5, '第1級': 1}",0,Y,N,N,N
海洋劇場的殺人鯨表演是香港海洋公園的壓軸。,海洋 劇場 的 殺人鯨 表演 是 香港 海洋 公園 的 壓軸,11,海洋(8653) 劇場(6520) 的(16029838) 殺人鯨(24) 表演(20601) 是(4642407) 香港(46937) 海洋(8653) 公園(13910) 的(16029838) 壓軸(214),"{'High': 10, 'Low': 1}","{'第4級': 3, '第6級': 1, '第1級': 3, 'Unknown': 2, '第1*級': 1, '第7級': 1}",1,Y,N,N,N
香港海洋公園依山勢設計，遊客可選擇兩種不同上山方式。,香港 海洋 公園 依 山勢 設計 遊客 可 選擇 兩 種 不同 上山 方式,14,香港(46937) 海洋(8653) 公園(13910) 依(37519) 山勢(504) 設計(59326) 遊客(4899) 可(307359) 選擇(75178) 兩(526190) 種(701563) 不同(159432) 上山(4033) 方式(133407),{'High': 14},"{'Unknown': 6, '第4級': 1, '第1*級': 1, '第4*級': 3, '第3*級': 1, '第1級': 1, '第3級': 1}",0,Y,N,N,N
一是從海洋公園正門入口，搭乘纜車上山；一是從大樹灣入口處，搭乘手扶梯層級而上。,一 是 從 海洋 公園 正門 入口 搭乘 纜車 上山 一 是 從 大樹灣 入口處 搭乘 手扶梯 層級 而 上,20,一(3701681) 是(4642407) 從(496546) 海洋(8653) 公園(13910) 正門(837) 入口(5175) 搭乘(4116) 纜車(382) 上山(4033) 一(3701681) 是(4642407) 從(496546) 大樹灣(Unknown) 入口處(1097) 搭乘(4116) 手扶梯(1) 層級(2359) 而(937923) 上(1233218),"{'High': 18, 'Low': 2}","{'第1級': 5, '第1*級': 3, '第4級': 1, '第7級': 1, '第3級': 1, '第5級': 3, 'Unknown': 5, '第6級': 1}",3,Y,Y,N,N
這兩種交通工具都有別有風味，最好是搭其一上山，再搭另一個下山，兩全其美。,這 兩 種 交通 工具 都 有別 有 風味 最好 是 搭 其 一 上山 再 搭 另 一 個 下山 兩全其美,22,這(2114032) 兩(526190) 種(701563) 交通(11639) 工具(26319) 都(1125846) 有別(1314) 有(2217079) 風味(3277) 最好(22016) 是(4642407) 搭(16185) 其(307905) 一(3701681) 上山(4033) 再(326207) 搭(16185) 另(138369) 一(3701681) 個(2296574) 下山(5040) 兩全其美(295),{'High': 22},"{'第1級': 8, 'Unknown': 4, '第3級': 5, '第4級': 1, '第6級': 3, '第1*級': 1}",1,Y,N,N,N
海洋公園裡最吸引人的莫過於海洋劇場裡的海豚及殺人鯨的表演，看準的表演時間，可得及早入場，以取得較好的位置。,海洋 公園 裡 最 吸引人 的 莫過於 海洋 劇場 裡 的 海豚 及 殺人鯨 的 表演 看準 的 表演 時間 可 得 及早 入場 以 取得 較 好 的 位置,30,海洋(8653) 公園(13910) 裡(520435) 最(421680) 吸引人(1589) 的(16029838) 莫過於(2581) 海洋(8653) 劇場(6520) 裡(520435) 的(16029838) 海豚(1434) 及(304586) 殺人鯨(24) 的(16029838) 表演(20601) 看準(711) 的(16029838) 表演(20601) 時間(213595) 可(307359) 得(573721) 及早(1867) 入場(626) 以(547785) 取得(25649) 較(78424) 好(448428) 的(16029838) 位置(32151),"{'High': 29, 'Low': 1}","{'第4級': 4, '第1*級': 4, 'Unknown': 7, '第1級': 6, '第6級': 2, '第5級': 3, '第7級': 1, '第4*級': 2, '第2級': 1}",3,Y,Y,N,N
坐在依山而建的看台，欣賞池中跳躍的鯨豚，也順便遠眺一艘艘駛進香港的貨輪，的確是種享受。,坐 在 依 山 而 建 的 看台 欣賞 池 中 跳躍 的 鯨豚 也 順便 遠眺 一艘艘 駛進 香港 的 貨輪 的確 是 種 享受,26,坐(93873) 在(3284238) 依(37519) 山(54936) 而(937923) 建(13839) 的(16029838) 看台(337) 欣賞(17817) 池(4135) 中(1011729) 跳躍(3025) 的(16029838) 鯨豚(117) 也(1590760) 順便(5320) 遠眺(886) 一艘艘(34) 駛進(564) 香港(46937) 的(16029838) 貨輪(196) 的確(33471) 是(4642407) 種(701563) 享受(21312),"{'High': 25, 'Low': 1}","{'第1級': 6, '第1*級': 2, 'Unknown': 11, '第5級': 1, '第4*級': 2, '第6級': 1, '第4級': 2, '第7級': 1}",1,Y,Y,N,N
除了海豚表演外，海洋公園裡還有好多好玩的設施。,除了 海豚 表演 外 海洋 公園 裡 還 有 好多 好玩 的 設施,13,除了(75964) 海豚(1434) 表演(20601) 外(109310) 海洋(8653) 公園(13910) 裡(520435) 還(625086) 有(2217079) 好多(8124) 好玩(6656) 的(16029838) 設施(5472),{'High': 13},"{'第3*級': 1, 'Unknown': 4, '第4級': 2, '第1級': 3, '第1*級': 2, '第6級': 1}",0,Y,N,N,N
像是超動感電影院、蝴蝶屋、鯊魚館、摩天巨輪及瘋狂過山車等，每項都能讓小朋友玩得樂不思蜀，在一旁陪伴的大人們可就辛苦了！,像是 超 動感 電影院 蝴蝶屋 鯊魚館 摩天 巨輪 及 瘋狂 過山車 等 每 項 都 能 讓 小朋友 玩 得 樂不思蜀 在 一 旁 陪伴 的 大人 們 可就 辛苦 了,31,像是(49912) 超(903) 動感(604) 電影院(3128) 蝴蝶屋(Unknown) 鯊魚館(Unknown) 摩天(112) 巨輪(219) 及(304586) 瘋狂(11212) 過山車(8) 等(327380) 每(333357) 項(88887) 都(1125846) 能(582260) 讓(526314) 小朋友(9889) 玩(38177) 得(573721) 樂不思蜀(106) 在(3284238) 一(3701681) 旁(39478) 陪伴(6246) 的(16029838) 大人(35918) 們(140794) 可就(3211) 辛苦(13451) 了(3199291),"{'High': 28, 'Low': 3}","{'Unknown': 12, '第3級': 1, '第5級': 4, '第3*級': 1, '第1*級': 5, '第1級': 4, '第2級': 4}",6,Y,Y,N,N
而在香港市區裡，也有一些像是天文館、科學館等育教於樂的場所，相當適合親子同遊。,而 在 香港 市區 裡 也 有 一些 像是 天文館 科學館 等 育 教 於 樂 的 場所 相當 適合 親子 同 遊,23,而(937923) 在(3284238) 香港(46937) 市區(3749) 裡(520435) 也(1590760) 有(2217079) 一些(156929) 像是(49912) 天文館(50) 科學館(236) 等(327380) 育(1049) 教(42322) 於(327210) 樂(12194) 的(16029838) 場所(8263) 相當(66293) 適合(25592) 親子(5521) 同(102917) 遊(6316),"{'High': 22, 'Low': 1}","{'第5級': 4, '第1*級': 3, 'Unknown': 9, '第3*級': 2, '第1級': 3, '第3級': 2}",2,Y,Y,N,N
誰說香港只能購物呢！,誰 說 香港 只 能 購物 呢,7,誰(110452) 說(1285247) 香港(46937) 只(436725) 能(582260) 購物(5443) 呢(204566),{'High': 7},"{'第1級': 3, 'Unknown': 1, '第1*級': 2, '第4*級': 1}",0,Y,N,N,N
誰說香港只能購物呢！,誰 說 香港 只 能 購物 呢,7,誰(110452) 說(1285247) 香港(46937) 只(436725) 能(582260) 購物(5443) 呢(204566),{'High': 7},"{'第1級': 3, 'Unknown': 1, '第1*級': 2, '第4*級': 1}",0,Y,N,N,N
準備好了嗎？,準備好 了 嗎,3,準備好(9688) 了(3199291) 嗎(248249),{'High': 3},"{'Unknown': 2, '第1級': 1}",1,Y,N,N,N
我們要搭乘太空梭班機，一舉衝破大氣層，到太空去旅行囉。,我們 要 搭乘 太空梭 班機 一舉 衝破 大氣層 到 太空 去 旅行 囉,13,我們(979260) 要(851264) 搭乘(4116) 太空梭(416) 班機(964) 一舉(2838) 衝破(1069) 大氣層(603) 到(546906) 太空(4676) 去(479993) 旅行(18643) 囉(8428),{'High': 13},"{'第1級': 4, '第5級': 2, 'Unknown': 4, '第4級': 1, '第6級': 1, '第2級': 1}",2,Y,N,N,N
先在宇宙站裡停留一會兒，看看二0九0年未來都市的模樣，你喜歡嗎？,先 在 宇宙站 裡 停留 一會兒 看看 二0九0年 未來 都市 的 模樣 你 喜歡 嗎,15,先(136649) 在(3284238) 宇宙站(Unknown) 裡(520435) 停留(7966) 一會兒(19662) 看看(46250) 二0九0年(Unknown) 未來(54445) 都市(9548) 的(16029838) 模樣(16099) 你(1414837) 喜歡(113753) 嗎(248249),"{'High': 13, 'Low': 2}","{'第1*級': 3, 'Unknown': 3, '第5級': 2, '第2*級': 1, '第4級': 2, '第1級': 4}",3,Y,N,N,N
在模擬超光速旋轉天地的幻境中，登上月球表面的神秘城市，充滿了迷情和驚險，來不及思考，又一腳栽進太陽系行星漫遊，氣勢磅礡的流星群沒頭沒腦向你逼近，快招架不住了，猛一回頭，又掉入一個深不見底黑洞裡，它張著大口毫不留情吞噬一切，似乎連我們也不放過，但「磷光飛箭號」卻勇敢而奮力載著我們衝出這可怕的黑暗世界。,在 模擬 超 光速 旋轉 天地 的 幻境 中 登上 月球 表面 的 神秘 城市 充滿 了 迷情 和 驚險 來不及 思考 又 一 腳 栽進 太陽系 行星 漫遊 氣勢 磅礡 的 流星群 沒頭沒腦 向 你 逼近 快 招架不住 了 猛 一 回頭 又 掉入 一 個 深 不 見底 黑洞 裡 它 張 著 大 口 毫不 留情 吞噬 一切 似乎 連 我們 也 不 放過 但 磷光 飛箭號 卻 勇敢 而 奮力 載 著 我們 衝出 這 可怕 的 黑暗 世界,83,在(3284238) 模擬(3988) 超(903) 光速(673) 旋轉(5986) 天地(13048) 的(16029838) 幻境(321) 中(1011729) 登上(6844) 月球(2557) 表面(20092) 的(16029838) 神秘(7052) 城市(32018) 充滿(43990) 了(3199291) 迷情(65) 和(1338337) 驚險(1064) 來不及(7442) 思考(63031) 又(535555) 一(3701681) 腳(47795) 栽進(452) 太陽系(1061) 行星(2955) 漫遊(2175) 氣勢(4177) 磅礡(274) 的(16029838) 流星群(10) 沒頭沒腦(35) 向(231672) 你(1414837) 逼近(3085) 快(116207) 招架不住(5) 了(3199291) 猛(12538) 一(3701681) 回頭(14708) 又(535555) 掉入(1079) 一(3701681) 個(2296574) 深(40153) 不(2282521) 見底(110) 黑洞(1872) 裡(520435) 它(316854) 張(99414) 著(1004687) 大(525780) 口(83854) 毫不(14921) 留情(1561) 吞噬(1792) 一切(95523) 似乎(85481) 連(91153) 我們(979260) 也(1590760) 不(2282521) 放過(3552) 但(597124) 磷光(76) 飛箭號(Unknown) 卻(333007) 勇敢(10375) 而(937923) 奮力(3269) 載(16322) 著(1004687) 我們(979260) 衝出(2161) 這(2114032) 可怕(19096) 的(16029838) 黑暗(16430) 世界(165235),"{'High': 77, 'Low': 6}","{'第1*級': 7, '第6級': 7, 'Unknown': 27, '第5級': 5, '第1級': 17, '第4*級': 5, '第3級': 3, '第4級': 3, '第7級': 3, '第2級': 3, '第3*級': 3}",6,Y,Y,N,Y
重見光明的感覺怎樣？,重見 光明 的 感覺 怎樣,5,重見(219) 光明(6381) 的(16029838) 感覺(91265) 怎樣(31303),{'High': 5},"{'Unknown': 2, '第5級': 1, '第1級': 1, '第3*級': 1}",0,Y,N,N,N
先鬆一口氣，再玩下一個項目：星球震撼。,先 鬆 一口氣 再 玩 下 一 個 項目 星球 震撼,11,先(136649) 鬆(6747) 一口氣(2922) 再(326207) 玩(38177) 下(329549) 一(3701681) 個(2296574) 項目(12387) 星球(3198) 震撼(4583),{'High': 11},"{'第1*級': 4, '第4級': 1, '第5級': 2, '第1級': 2, '第6級': 2}",1,Y,N,N,N
這個號稱能使地球F1賽車相形見絀的銀河特快列車就要開了，激烈晃動不已座椅，震得人頭皮發麻，再配合美國名導演魯卡斯所製作的科幻電影劇情，體驗未知世界的茫然，短短十五分鐘激戰中，歷經無數險厄，終於平安歸來，多麼值得慶幸。,這 個 號稱 能 使 地球 F1 賽車 相形見絀 的 銀河 特快 列車 就 要 開 了 激烈 晃動 不已 座椅 震 得 人 頭皮 發麻 再 配合 美國 名 導演 魯卡斯 所 製作 的 科幻 電影 劇情 體驗 未知 世界 的 茫然 短短 十五 分鐘 激戰 中 歷經 無數 險厄 終於 平安 歸來 多麼 值得 慶幸,57,這(2114032) 個(2296574) 號稱(3257) 能(582260) 使(197544) 地球(21533) F1(Unknown) 賽車(816) 相形見絀(233) 的(16029838) 銀河(1303) 特快(72) 列車(2658) 就(1737544) 要(851264) 開(62807) 了(3199291) 激烈(11890) 晃動(2243) 不已(11973) 座椅(2175) 震(3078) 得(573721) 人(1550512) 頭皮(1416) 發麻(603) 再(326207) 配合(17173) 美國(148299) 名(136287) 導演(24296) 魯卡斯(6) 所(527327) 製作(26135) 的(16029838) 科幻(2331) 電影(115295) 劇情(5815) 體驗(15945) 未知(4058) 世界(165235) 的(16029838) 茫然(3928) 短短(6774) 十五(19907) 分鐘(52479) 激戰(1168) 中(1011729) 歷經(5945) 無數(12002) 險厄(7) 終於(59622) 平安(7479) 歸來(3285) 多麼(20834) 值得(34362) 慶幸(2884),"{'High': 53, 'Low': 4}","{'第1級': 9, '第6級': 8, '第1*級': 5, '第5級': 6, '第4級': 6, 'Unknown': 14, '第7級': 4, '第4*級': 1, '第2級': 3, '第3*級': 1}",2,Y,N,N,Y
驚魂甫定之際，走進宇宙博物館，這是天文迷不容錯過的據點，由日本國內及國外專家參與設計合作建成，館內存放當年阿波羅號太空船機艙、噴氣火箭，還有各種機械介紹、珍貴資料等，讓你在最短時間內，閱覽一本人類宇宙開發史，而成為太空通。,驚魂 甫 定 之 際 走進 宇宙 博物館 這 是 天文迷 不容 錯過 的 據點 由 日本 國內 及 國外 專家 參與 設計 合作 建成 館 內 存放 當年 阿波羅號 太空船 機艙 噴氣 火箭 還 有 各 種 機械 介紹 珍貴 資料 等 讓 你 在 最 短時間 內 閱覽 一 本 人類 宇宙 開發 史 而 成為 太空通,59,驚魂(781) 甫(2367) 定(18743) 之(875481) 際(14344) 走進(19683) 宇宙(25210) 博物館(9905) 這(2114032) 是(4642407) 天文迷(5) 不容(3760) 錯過(4695) 的(16029838) 據點(2750) 由(208604) 日本(105587) 國內(17537) 及(304586) 國外(8646) 專家(26090) 參與(40595) 設計(59326) 合作(35908) 建成(1937) 館(3995) 內(183051) 存放(2003) 當年(25091) 阿波羅號(16) 太空船(1726) 機艙(926) 噴氣(142) 火箭(1720) 還(625086) 有(2217079) 各(243023) 種(701563) 機械(7968) 介紹(26468) 珍貴(7380) 資料(52866) 等(327380) 讓(526314) 你(1414837) 在(3284238) 最(421680) 短時間(Unknown) 內(183051) 閱覽(364) 一(3701681) 本(197156) 人類(78855) 宇宙(25210) 開發(19196) 史(6356) 而(937923) 成為(143834) 太空通(Unknown),"{'High': 55, 'Low': 4}","{'第7級': 3, 'Unknown': 16, '第5級': 10, '第6級': 4, '第4級': 4, '第1級': 8, '第4*級': 4, '第3*級': 2, '第3級': 3, '第2級': 2, '第1*級': 3}",6,Y,Y,N,Y
宇宙大劇場可容納六百個座席，用超大型銀幕放映太空人所拍攝下的宇宙雄姿，臨場感十足；星影夢幻也是採最新特殊投影系統，在球形銀幕上迸射出許多幻想畫面，色彩炫麗令人眼花撩亂，情不自禁就跟著走進一個奇妙空間...。,宇宙 大 劇場 可 容納 六百 個 座席 用 超大型 銀幕 放映 太空人 所 拍攝下 的 宇宙 雄姿 臨場感 十足 星影 夢幻 也 是 採 最 新 特殊 投影 系統 在 球形 銀幕 上 迸 射出 許多 幻想 畫面 色彩 炫麗 令 人 眼花撩亂 情不自禁 就 跟著 走進 一 個 奇妙 空間,52,宇宙(25210) 大(525780) 劇場(6520) 可(307359) 容納(2699) 六百(1929) 個(2296574) 座席(92) 用(377038) 超大型(333) 銀幕(5298) 放映(3543) 太空人(977) 所(527327) 拍攝下(9) 的(16029838) 宇宙(25210) 雄姿(151) 臨場感(152) 十足(6475) 星影(5) 夢幻(2720) 也(1590760) 是(4642407) 採(8996) 最(421680) 新(212453) 特殊(28606) 投影(810) 系統(67366) 在(3284238) 球形(631) 銀幕(5298) 上(1233218) 迸(79) 射出(2042) 許多(159791) 幻想(10417) 畫面(17554) 色彩(16026) 炫麗(155) 令(128742) 人(1550512) 眼花撩亂(704) 情不自禁(1228) 就(1737544) 跟著(84) 走進(19683) 一(3701681) 個(2296574) 奇妙(4721) 空間(52519),"{'High': 47, 'Low': 5}","{'第5級': 9, '第1級': 12, '第6級': 5, '第4*級': 4, 'Unknown': 14, '第7級': 3, '第2級': 1, '第1*級': 2, '第3*級': 1, '第4級': 1}",6,Y,N,N,N
如果這些個深具高度視覺效果的室內設施都無法滿足你，那麼，請嘗試太空世界特別為喜好驚險刺激的遊客準備的顫慄遊戲吧。,如果 這些 個 深具 高度 視覺 效果 的 室 內 設施 都 無法 滿足 你 那麼 請 嘗試 太空 世界 特別 為 喜好 驚險 刺激 的 遊客 準備 的 顫慄 遊戲 吧,32,如果(322121) 這些(315113) 個(2296574) 深具(Unknown) 高度(20229) 視覺(16700) 效果(38188) 的(16029838) 室(11726) 內(183051) 設施(5472) 都(1125846) 無法(150606) 滿足(29073) 你(1414837) 那麼(127785) 請(120629) 嘗試(21645) 太空(4676) 世界(165235) 特別(91212) 為(761341) 喜好(4045) 驚險(1064) 刺激(24326) 的(16029838) 遊客(4899) 準備(64901) 的(16029838) 顫慄(433) 遊戲(31463) 吧(184477),"{'High': 31, 'Low': 1}","{'第2級': 5, 'Unknown': 7, '第1級': 8, '第5級': 4, '第4*級': 3, '第3級': 2, '第6級': 2, '第4級': 1}",0,Y,Y,N,N
世界上最大滾動滑坡車泰坦號，將載著你一路爬升到六十八公尺處，哇，這真像世界頂端。,世界 上 最 大 滾動 滑坡車 泰坦號 將 載 著 你 一路 爬升 到 六十八 公尺 處 哇 這 真 像 世界 頂端,23,世界(165235) 上(1233218) 最(421680) 大(525780) 滾動(1306) 滑坡車(Unknown) 泰坦號(Unknown) 將(448374) 載(16322) 著(1004687) 你(1414837) 一路(14840) 爬升(574) 到(546906) 六十八(484) 公尺(19233) 處(84410) 哇(7634) 這(2114032) 真(137497) 像(289494) 世界(165235) 頂端(3579),"{'High': 21, 'Low': 2}","{'第2級': 2, '第1級': 5, '第1*級': 3, 'Unknown': 8, '第5級': 1, '第6級': 2, '第4級': 1, '第3級': 1}",3,Y,N,N,Y
向下俯瞰，人何其渺小。,向 下 俯瞰 人 何其 渺小,6,向(231672) 下(329549) 俯瞰(1650) 人(1550512) 何其(1391) 渺小(1542),{'High': 6},"{'第2級': 1, '第1*級': 1, '第7級': 2, '第1級': 1, '第6級': 1}",0,Y,N,N,N
但見泰坦號停頓個一、二秒，然後循著八十度斜度俯衝而下，那種失魂驚恐的感覺，連尖叫都來不及張口，一眨眼工夫，人安然落地，心卻還停留在上頭。,但見 泰坦號 停頓 個 一 二 秒 然後 循 著 八十 度 斜度 俯衝 而 下 那 種 失 魂 驚恐 的 感覺 連 尖叫 都 來不及 張口 一眨眼 工夫 人 安然 落地 心 卻 還 停留 在 上頭,39,但見(1560) 泰坦號(Unknown) 停頓(4247) 個(2296574) 一(3701681) 二(152494) 秒(12995) 然後(156193) 循(5359) 著(1004687) 八十(5124) 度(25018) 斜度(147) 俯衝(612) 而(937923) 下(329549) 那(754138) 種(701563) 失(8378) 魂(4287) 驚恐(3697) 的(16029838) 感覺(91265) 連(91153) 尖叫(5915) 都(1125846) 來不及(7442) 張口(561) 一眨眼(551) 工夫(4819) 人(1550512) 安然(1800) 落地(3127) 心(180243) 卻(333007) 還(625086) 停留(7966) 在(3284238) 上頭(5017),"{'High': 38, 'Low': 1}","{'Unknown': 12, '第5級': 5, '第1級': 7, '第4級': 3, '第1*級': 3, '第3級': 1, '第6級': 2, '第3*級': 2, '第7級': 3, '第2級': 1}",3,Y,Y,N,Y
怎樣？,怎樣,1,怎樣(31303),{'High': 1},{'Unknown': 1},0,Y,N,N,N
這個夠震撼吧！,這 個 夠 震撼 吧,5,這(2114032) 個(2296574) 夠(49042) 震撼(4583) 吧(184477),{'High': 5},"{'第1級': 3, '第1*級': 1, '第6級': 1}",0,Y,N,N,N
別急，這還只是暖而已。,別 急 這 還 只 是 暖 而已,8,別(78082) 急(20730) 這(2114032) 還(625086) 只(436725) 是(4642407) 暖(2606) 而已(43005),{'High': 8},"{'第1*級': 2, '第3級': 1, '第1級': 2, 'Unknown': 2, '第4級': 1}",0,Y,N,N,N
今年三月太空世界更隆重推出一種超大型雲霄飛車，它有個美麗的名字，叫螺旋彗星維娜斯，是雲霄飛車天王巨匠安東修華茲柯夫構思四年的心血傑作。,今年 三月 太空 世界 更 隆重 推出 一 種 超大型 雲霄飛車 它 有 個 美麗 的 名字 叫 螺旋 彗星 維娜斯 是 雲霄飛車 天王 巨匠 安東修華茲柯夫 構思 四 年 的 心血 傑作,32,今年(10836) 三月(16043) 太空(4676) 世界(165235) 更(361676) 隆重(2142) 推出(10009) 一(3701681) 種(701563) 超大型(333) 雲霄飛車(428) 它(316854) 有(2217079) 個(2296574) 美麗(24889) 的(16029838) 名字(42571) 叫(111645) 螺旋(1851) 彗星(1194) 維娜斯(8) 是(4642407) 雲霄飛車(428) 天王(1813) 巨匠(205) 安東修華茲柯夫(Unknown) 構思(2683) 四(141667) 年(514736) 的(16029838) 心血(1923) 傑作(2639),"{'High': 30, 'Low': 2}","{'第1級': 11, 'Unknown': 11, '第5級': 2, '第2級': 1, '第6級': 5, '第1*級': 1, '第3*級': 1}",5,Y,N,N,Y
以太空梭為主角，從四十公尺高度一邊迴旋，一邊朝下俯衝，加上重力旋轉跳躍動作，時而朝下向右傾斜，時而又向左大翻身，單體緩行似要停下，不料猛然又加快速度飛駛，軌道圍繞著航天飛機轉，全長一千公尺以上，在上下、緩急之間，彷彿乘坐宇宙飛船，正穿越無數小行星，帶給遊客充滿詭異與刺激的新鮮感，玩過的人在大呼「嚇死了，嚇死了」之餘，仍然不由自主的重回隊伍排隊，讓膽識再度接受考驗。,以 太空梭 為 主角 從 四十 公尺 高度 一邊 迴旋 一邊 朝下 俯衝 加上 重力 旋轉 跳躍 動作 時而 朝 下 向 右 傾斜 時而 又 向 左 大 翻身 單體 緩行 似 要 停下 不料 猛然 又 加快 速度 飛駛 軌道 圍繞 著 航天 飛機 轉 全 長 一千 公尺 以上 在 上下 緩急 之間 彷彿 乘坐 宇宙 飛船 正 穿越 無數 小 行星 帶給 遊客 充滿 詭異 與 刺激 的 新鮮感 玩 過 的 人 在 大呼 嚇死 了 嚇死 了 之餘 仍然 不由自主 的 重回 隊伍 排隊 讓 膽識 再度 接受 考驗,95,以(547785) 太空梭(416) 為(761341) 主角(20334) 從(496546) 四十(15256) 公尺(19233) 高度(20229) 一邊(33635) 迴旋(870) 一邊(33635) 朝下(696) 俯衝(612) 加上(38121) 重力(2569) 旋轉(5986) 跳躍(3025) 動作(43506) 時而(3908) 朝(59301) 下(329549) 向(231672) 右(25674) 傾斜(2769) 時而(3908) 又(535555) 向(231672) 左(29440) 大(525780) 翻身(2664) 單體(190) 緩行(78) 似(17655) 要(851264) 停下(6277) 不料(5016) 猛然(3687) 又(535555) 加快(4062) 速度(26646) 飛駛(27) 軌道(4714) 圍繞(5686) 著(1004687) 航天(50) 飛機(18598) 轉(20108) 全(178642) 長(107092) 一千(8320) 公尺(19233) 以上(36569) 在(3284238) 上下(11503) 緩急(244) 之間(117932) 彷彿(35009) 乘坐(1975) 宇宙(25210) 飛船(758) 正(179334) 穿越(5408) 無數(12002) 小(318835) 行星(2955) 帶給(9682) 遊客(4899) 充滿(43990) 詭異(3660) 與(968432) 刺激(24326) 的(16029838) 新鮮感(533) 玩(38177) 過(412878) 的(16029838) 人(1550512) 在(3284238) 大呼(523) 嚇死(1133) 了(3199291) 嚇死(1133) 了(3199291) 之餘(5340) 仍然(46200) 不由自主(2295) 的(16029838) 重回(1956) 隊伍(7975) 排隊(2803) 讓(526314) 膽識(1199) 再度(22234) 接受(84729) 考驗(6900),"{'High': 92, 'Low': 3}","{'第5級': 15, 'Unknown': 31, '第4級': 7, '第1*級': 11, '第7級': 3, '第3級': 2, '第6級': 9, '第2級': 4, '第1級': 7, '第3*級': 3, '第4*級': 3}",3,Y,Y,N,N
心理學家曾分析人們為什麼喜歡坐雲霄飛車？,心理學家 曾 分析 人們 為什麼 喜歡 坐 雲霄飛車,8,心理學家(9341) 曾(132981) 分析(59250) 人們(77778) 為什麼(106142) 喜歡(113753) 坐(93873) 雲霄飛車(428),{'High': 8},"{'Unknown': 2, '第4級': 1, '第5級': 1, '第4*級': 1, '第1*級': 1, '第1級': 2}",3,Y,N,N,N
為什麼喜歡追求這類恐怖的快感？,為什麼 喜歡 追求 這 類 恐怖 的 快感,8,為什麼(106142) 喜歡(113753) 追求(29080) 這(2114032) 類(58191) 恐怖(14460) 的(16029838) 快感(2587),{'High': 8},"{'第1*級': 1, '第1級': 3, '第4*級': 1, '第3*級': 1, '第4級': 1, '第6級': 1}",1,Y,N,N,N
「就像即將遭遇車禍前的幾秒，你的身體不斷發出死亡訊號」，那種飄飄然，真的很像即將乘鶴歸去，但當你安全著地，「你發現沒死，覺得愉快極了，就是這種征服恐懼的感覺，讓人們樂此不疲。」,就 像 即將 遭遇 車禍 前 的 幾 秒 你 的 身體 不斷 發出 死亡 訊號 那 種 飄飄然 真的 很 像 即將 乘 鶴 歸去 但 當 你 安全 著地 你 發現 沒 死 覺得 愉快 極了 就是 這 種 征服 恐懼 的 感覺 讓 人們 樂此不疲,48,就(1737544) 像(289494) 即將(16780) 遭遇(12074) 車禍(3541) 前(272709) 的(16029838) 幾(229415) 秒(12995) 你(1414837) 的(16029838) 身體(97873) 不斷(68526) 發出(29993) 死亡(34520) 訊號(4808) 那(754138) 種(701563) 飄飄然(413) 真的(88001) 很(715675) 像(289494) 即將(16780) 乘(11883) 鶴(3024) 歸去(232) 但(597124) 當(294625) 你(1414837) 安全(35338) 著地(637) 你(1414837) 發現(175233) 沒(306167) 死(117075) 覺得(183034) 愉快(16600) 極了(6936) 就是(2943) 這(2114032) 種(701563) 征服(6249) 恐懼(29763) 的(16029838) 感覺(91265) 讓(526314) 人們(77778) 樂此不疲(625),{'High': 48},"{'第1級': 13, '第1*級': 5, '第6級': 3, '第5級': 3, '第4級': 3, '第4*級': 4, 'Unknown': 6, '第7級': 4, '第3*級': 2, '第2級': 3, '第3級': 2}",2,Y,Y,N,N
太空世界裡，硬著頭皮上去，抖著雙腳下來，大有人在，身邊的人若是面孔慘白、淚眼汪汪，或者無緣無故釋懷大笑，你也不用太吃驚。,太空 世界 裡 硬著頭皮 上去 抖 著 雙腳 下來 大有人在 身邊 的 人 若是 面孔 慘白 淚眼 汪汪 或者 無緣無故 釋懷 大笑 你 也 不用 太 吃驚,27,太空(4676) 世界(165235) 裡(520435) 硬著頭皮(887) 上去(4641) 抖(3175) 著(1004687) 雙腳(5520) 下來(32851) 大有人在(488) 身邊(33516) 的(16029838) 人(1550512) 若是(17210) 面孔(4093) 慘白(1052) 淚眼(599) 汪汪(715) 或者(63631) 無緣無故(869) 釋懷(1007) 大笑(11979) 你(1414837) 也(1590760) 不用(23091) 太(181732) 吃驚(6205),{'High': 27},"{'第5級': 2, '第2級': 1, '第1*級': 1, '第7級': 4, 'Unknown': 8, '第6級': 2, '第3*級': 1, '第1級': 5, '第4*級': 1, '第3級': 2}",3,Y,Y,N,N
玩過了雲霄飛車，想不想體驗做個太空人的感覺？,玩 過 了 雲霄飛車 想 不 想 體驗 做 個 太空人 的 感覺,13,玩(38177) 過(412878) 了(3199291) 雲霄飛車(428) 想(449884) 不(2282521) 想(449884) 體驗(15945) 做(411649) 個(2296574) 太空人(977) 的(16029838) 感覺(91265),{'High': 13},"{'第1*級': 2, 'Unknown': 2, '第1級': 6, '第5級': 2, '第3*級': 1}",2,Y,N,N,N
請來搭乘這種高空自由落下GO。,請來 搭乘 這 種 高空 自由 落下 GO,8,請來(2242) 搭乘(4116) 這(2114032) 種(701563) 高空(1428) 自由(56360) 落下(3288) GO(Unknown),"{'High': 7, 'Low': 1}","{'Unknown': 5, '第5級': 1, '第1級': 1, '第3*級': 1}",0,Y,N,N,N
它是一個從離地四十公尺高度垂直落下的裝置，能同時體驗重力與無重力，親身坐上一趟，驚嚇之餘必然回味無窮，不過心臟不夠強的遊客，還是少嘗試為妙。,它 是 一 個 從 離地 四十 公尺 高度 垂直 落下 的 裝置 能 同時 體驗 重力 與 無 重力 親身 坐上 一 趟 驚嚇 之餘 必然 回味 無窮 不過 心臟 不 夠 強 的 遊客 還是 少 嘗試 為 妙,41,它(316854) 是(4642407) 一(3701681) 個(2296574) 從(496546) 離地(591) 四十(15256) 公尺(19233) 高度(20229) 垂直(3887) 落下(3288) 的(16029838) 裝置(6558) 能(582260) 同時(115305) 體驗(15945) 重力(2569) 與(968432) 無(157858) 重力(2569) 親身(4295) 坐上(2758) 一(3701681) 趟(11585) 驚嚇(3617) 之餘(5340) 必然(18043) 回味(1298) 無窮(4794) 不過(186226) 心臟(9522) 不(2282521) 夠(49042) 強(34876) 的(16029838) 遊客(4899) 還是(155231) 少(50762) 嘗試(21645) 為(761341) 妙(7382),{'High': 41},"{'第1*級': 5, '第1級': 8, 'Unknown': 8, '第4級': 2, '第6級': 2, '第5級': 10, '第3*級': 1, '第7級': 2, '第4*級': 2, '第2級': 1}",0,Y,Y,N,N
在吸力極小的月球表面登陸，是什麼滋味？,在 吸力 極 小 的 月球 表面 登陸 是 什麼 滋味,11,在(3284238) 吸力(164) 極(61390) 小(318835) 的(16029838) 月球(2557) 表面(20092) 登陸(3286) 是(4642407) 什麼(431321) 滋味(6876),{'High': 11},"{'第1*級': 1, 'Unknown': 2, '第3*級': 1, '第1級': 4, '第4*級': 1, '第6級': 1, '第5級': 1}",0,Y,N,N,N
登陸月球就是一種模仿體驗遊戲。,登陸 月球 就 是 一 種 模仿 體驗 遊戲,9,登陸(3286) 月球(2557) 就(1737544) 是(4642407) 一(3701681) 種(701563) 模仿(10229) 體驗(15945) 遊戲(31463),{'High': 9},"{'第6級': 1, 'Unknown': 2, '第1級': 3, '第5級': 2, '第3級': 1}",0,Y,N,N,N
坐在懸垂於兩條迴旋手臂的吊籠，前後翻滾，或突然來個倒栽，宛如在月球上翻觔斗一樣，全身充滿了滾動的快感。,坐 在 懸垂 於 兩 條 迴旋 手臂 的 吊籠 前後 翻滾 或 突然 來 個 倒 栽 宛如 在 月球 上 翻觔斗 一樣 全身 充滿 了 滾動 的 快感,30,坐(93873) 在(3284238) 懸垂(79) 於(327210) 兩(526190) 條(115362) 迴旋(870) 手臂(14099) 的(16029838) 吊籠(33) 前後(12443) 翻滾(1457) 或(478077) 突然(69636) 來(742183) 個(2296574) 倒(40381) 栽(1679) 宛如(5278) 在(3284238) 月球(2557) 上(1233218) 翻觔斗(73) 一樣(188109) 全身(3900) 充滿(43990) 了(3199291) 滾動(1306) 的(16029838) 快感(2587),"{'High': 27, 'Low': 3}","{'第1級': 7, '第1*級': 3, 'Unknown': 8, '第5級': 3, '第2級': 1, '第7級': 1, '第3級': 1, '第4級': 2, '第6級': 3, '第4*級': 1}",1,Y,Y,N,N
還有歡樂雲霄飛船，從三歲小朋友到成人都能玩得開懷，另一種不同形式的飛碟型小船，載著你穿越長達五百公尺的星球激流，痛快無比。,還 有 歡樂 雲霄 飛船 從 三 歲 小朋友 到 成人 都 能 玩 得 開懷 另 一 種 不同 形式 的 飛碟型 小 船 載 著 你 穿越 長達 五百 公尺 的 星球 激流 痛快 無比,37,還(625086) 有(2217079) 歡樂(6016) 雲霄(443) 飛船(758) 從(496546) 三(313861) 歲(130085) 小朋友(9889) 到(546906) 成人(13253) 都(1125846) 能(582260) 玩(38177) 得(573721) 開懷(1724) 另(138369) 一(3701681) 種(701563) 不同(159432) 形式(42448) 的(16029838) 飛碟型(3) 小(318835) 船(45130) 載(16322) 著(1004687) 你(1414837) 穿越(5408) 長達(6188) 五百(7028) 公尺(19233) 的(16029838) 星球(3198) 激流(444) 痛快(2482) 無比(9025),"{'High': 36, 'Low': 1}","{'Unknown': 10, '第1級': 10, '第5級': 4, '第7級': 1, '第1*級': 3, '第2級': 1, '第4*級': 1, '第6級': 3, '第3級': 3, '第4級': 1}",2,Y,N,N,N
更多的設施是專為幼童所設計，如宇宙小霸王、法蘭克小英雄、幸運巴士、太空轉盤...有點刺激又不太刺激，最適合三代同堂的親子團遊樂。,更多 的 設施 是 專 為 幼童 所 設計 如 宇宙 小霸王 法蘭克 小 英雄 幸運 巴士 太空 轉盤 有點 刺激 又 不 太 刺激 最 適合 三代 同堂 的 親子團 遊樂,32,更多(44083) 的(16029838) 設施(5472) 是(4642407) 專(7355) 為(761341) 幼童(1136) 所(527327) 設計(59326) 如(195069) 宇宙(25210) 小霸王(348) 法蘭克(6755) 小(318835) 英雄(22678) 幸運(10134) 巴士(3384) 太空(4676) 轉盤(317) 有點(43275) 刺激(24326) 又(535555) 不(2282521) 太(181732) 刺激(24326) 最(421680) 適合(25592) 三代(608) 同堂(316) 的(16029838) 親子團(Unknown) 遊樂(826),"{'High': 31, 'Low': 1}","{'Unknown': 11, '第1級': 6, '第6級': 2, '第2級': 1, '第4*級': 3, '第5級': 2, '第4級': 2, '第2*級': 1, '第1*級': 3, '第3級': 1}",3,Y,Y,N,Y
另外在表演節目方面，太空世界也極盡用心，偶像明星「幸運兒」和他的夥伴們攜手演出的歌舞劇，一年四季都在熱烈上演，在黃金連假等特定期間，還可觀賞到雷射光與煙火夜空秀。,另外 在 表演 節目 方面 太空 世界 也 極盡 用心 偶像 明星 幸運兒 和 他 的 夥伴 們 攜手 演出 的 歌舞劇 一 年 四 季 都 在 熱烈 上演 在 黃金 連假 等 特定 期間 還 可 觀賞到 雷射光 與 煙火 夜空秀,43,另外(48233) 在(3284238) 表演(20601) 節目(21445) 方面(75079) 太空(4676) 世界(165235) 也(1590760) 極盡(1314) 用心(8780) 偶像(3833) 明星(8215) 幸運兒(320) 和(1338337) 他(2487930) 的(16029838) 夥伴(9434) 們(140794) 攜手(1655) 演出(20672) 的(16029838) 歌舞劇(429) 一(3701681) 年(514736) 四(141667) 季(8122) 都(1125846) 在(3284238) 熱烈(5597) 上演(3434) 在(3284238) 黃金(12988) 連假(56) 等(327380) 特定(20754) 期間(32981) 還(625086) 可(307359) 觀賞到(76) 雷射光(310) 與(968432) 煙火(1385) 夜空秀(Unknown),"{'High': 40, 'Low': 3}","{'第3級': 2, '第1*級': 3, '第4級': 4, '第3*級': 2, '第5級': 7, '第2級': 1, '第1級': 9, 'Unknown': 9, '第4*級': 5, '第7級': 1}",5,Y,Y,N,N
融合教育與娛樂，以寓教於樂為基本理念的太空世界，全年歡樂不打烊，期待你的造訪。,融合 教育 與 娛樂 以 寓教於樂 為 基本 理念 的 太空 世界 全 年 歡樂 不 打烊 期待 你 的 造訪,21,融合(6722) 教育(71554) 與(968432) 娛樂(8783) 以(547785) 寓教於樂(171) 為(761341) 基本(52069) 理念(13826) 的(16029838) 太空(4676) 世界(165235) 全(178642) 年(514736) 歡樂(6016) 不(2282521) 打烊(660) 期待(21616) 你(1414837) 的(16029838) 造訪(3905),{'High': 21},"{'第5級': 6, '第3級': 1, '第4*級': 2, 'Unknown': 2, '第6級': 3, '第1級': 5, '第2級': 2}",1,Y,Y,N,N
期待你的造訪。,期待 你 的 造訪,4,期待(21616) 你(1414837) 的(16029838) 造訪(3905),{'High': 4},"{'第4*級': 1, '第1級': 2, '第6級': 1}",0,Y,N,N,N
台南是台灣開發最早的古都，有「全台首府」之稱，市區內古蹟多，人文掌故豐富，喜愛研究台灣歷史的人，台南是不能不來的。,台南 是 台灣 開發 最早 的 古都 有 全 台 首府 之 稱 市區 內 古蹟 多 人文 掌故 豐富 喜愛 研究 台灣 歷史 的 人 台南 是 不能不 來 的,31,台南(4016) 是(4642407) 台灣(130718) 開發(19196) 最早(9441) 的(16029838) 古都(398) 有(2217079) 全(178642) 台(29325) 首府(2031) 之(875481) 稱(60191) 市區(3749) 內(183051) 古蹟(2555) 多(318992) 人文(6474) 掌故(447) 豐富(24271) 喜愛(12200) 研究(182500) 台灣(130718) 歷史(96060) 的(16029838) 人(1550512) 台南(4016) 是(4642407) 不能不(2146) 來(742183) 的(16029838),{'High': 31},"{'Unknown': 8, '第1級': 11, '第5級': 3, '第2級': 2, '第3*級': 1, '第3級': 3, '第6級': 1, '第4級': 2}",1,Y,N,N,N
著名的古蹟有赤崁樓、武廟、大天后宮、孔廟、億載金城、安平古堡、鹿耳門聖母廟。,著名 的 古蹟 有 赤崁樓 武廟 大 天后宮 孔廟 億載金城 安平 古堡 鹿耳門 聖母廟,14,著名(20279) 的(16029838) 古蹟(2555) 有(2217079) 赤崁樓(160) 武廟(121) 大(525780) 天后宮(459) 孔廟(858) 億載金城(7) 安平(911) 古堡(578) 鹿耳門(264) 聖母廟(7),"{'High': 12, 'Low': 2}","{'第6級': 1, '第1級': 3, '第5級': 1, 'Unknown': 9}",5,Y,N,N,N
其中安平古堡是荷蘭人所建，也是全台最老的古城牆；孔廟建於明未清初，是全台灣最早的一座孔廟，有「全台首學」之稱。,其中 安平 古堡 是 荷蘭人 所 建 也 是 全 台 最 老 的 古城牆 孔廟 建 於 明 未 清 初 是 全 台灣 最早 的 一 座 孔廟 有 全 台 首學 之 稱,36,其中(95627) 安平(911) 古堡(578) 是(4642407) 荷蘭人(3428) 所(527327) 建(13839) 也(1590760) 是(4642407) 全(178642) 台(29325) 最(421680) 老(75373) 的(16029838) 古城牆(3) 孔廟(858) 建(13839) 於(327210) 明(21507) 未(101927) 清(31773) 初(42087) 是(4642407) 全(178642) 台灣(130718) 最早(9441) 的(16029838) 一(3701681) 座(49959) 孔廟(858) 有(2217079) 全(178642) 台(29325) 首學(6) 之(875481) 稱(60191),"{'High': 34, 'Low': 2}","{'第3*級': 2, 'Unknown': 12, '第1級': 10, '第2級': 6, '第1*級': 1, '第5級': 3, '第4*級': 1, '第4級': 1}",2,Y,N,N,N
此外，台南的小吃也是馳名全台，如擔仔麵、魚丸湯、棺材板、黑橋香腸等都是台灣老字號的小吃。,此外 台南 的 小吃 也 是 馳名 全 台 如 擔仔麵 魚丸湯 棺材板 黑橋 香腸 等 都 是 台灣 老字號 的 小吃,22,此外(30247) 台南(4016) 的(16029838) 小吃(1224) 也(1590760) 是(4642407) 馳名(350) 全(178642) 台(29325) 如(195069) 擔仔麵(84) 魚丸湯(48) 棺材板(36) 黑橋(5) 香腸(1592) 等(327380) 都(1125846) 是(4642407) 台灣(130718) 老字號(370) 的(16029838) 小吃(1224),"{'High': 18, 'Low': 4}","{'第5級': 2, 'Unknown': 8, '第1級': 7, '第1*級': 2, '第2級': 2, '第3*級': 1}",4,Y,Y,N,Y
現在的小吃店，移往小北街一帶。,現在 的 小吃店 移往 小北街 一帶,6,現在(218744) 的(16029838) 小吃店(385) 移往(575) 小北街(2) 一帶(12544),"{'High': 5, 'Low': 1}","{'第1級': 2, 'Unknown': 3, '第4*級': 1}",2,Y,N,N,N
埔里位於南投縣境內，居台灣地理中心位置，開發歷史早，富人文色彩，很適合知性之旅。,埔里 位於 南投縣 境 內 居 台灣 地理 中心 位置 開發 歷史 早 富 人文 色彩 很 適合 知性 之 旅,21,埔里(1277) 位於(19612) 南投縣(780) 境(15223) 內(183051) 居(11675) 台灣(130718) 地理(7072) 中心(46076) 位置(32151) 開發(19196) 歷史(96060) 早(62038) 富(9312) 人文(6474) 色彩(16026) 很(715675) 適合(25592) 知性(2107) 之(875481) 旅(8620),{'High': 21},"{'Unknown': 6, '第6級': 3, '第3級': 4, '第1級': 3, '第4*級': 3, '第5級': 2}",1,Y,N,N,N
由於水質好，埔里酒廠所生產的紹興酒馳名海內外，其他如手工製紙、花卉栽種、漆器加工，都是很具觀光價值的產業。,由於 水質 好 埔里 酒廠 所 生產 的 紹興酒 馳名 海內外 其他 如 手工 製紙 花卉 栽種 漆器 加工 都 是 很 具 觀光 價值 的 產業,27,由於(88111) 水質(728) 好(448428) 埔里(1277) 酒廠(314) 所(527327) 生產(36079) 的(16029838) 紹興酒(146) 馳名(350) 海內外(983) 其他(189445) 如(195069) 手工(3012) 製紙(39) 花卉(1093) 栽種(1614) 漆器(469) 加工(4720) 都(1125846) 是(4642407) 很(715675) 具(41661) 觀光(4478) 價值(58784) 的(16029838) 產業(29756),"{'High': 26, 'Low': 1}","{'第4*級': 3, 'Unknown': 10, '第2級': 2, '第1級': 5, '第5級': 3, '第7級': 2, '第6級': 1, '第4級': 1}",2,Y,Y,N,N
鹿港也是台灣開發最早的城鎮之一，鹿港三大古蹟是文祠、龍山寺、天后宮，還有專為保存文物的民俗文物館與民俗藝術館。,鹿港 也 是 台灣 開發 最早 的 城鎮 之 一 鹿港 三 大 古蹟 是 文祠 龍山寺 天后宮 還 有 專 為 保存 文物 的 民俗 文物館 與 民俗 藝術館,30,鹿港(1119) 也(1590760) 是(4642407) 台灣(130718) 開發(19196) 最早(9441) 的(16029838) 城鎮(3944) 之(875481) 一(3701681) 鹿港(1119) 三(313861) 大(525780) 古蹟(2555) 是(4642407) 文祠(12) 龍山寺(506) 天后宮(459) 還(625086) 有(2217079) 專(7355) 為(761341) 保存(10152) 文物(5405) 的(16029838) 民俗(2342) 文物館(432) 與(968432) 民俗(2342) 藝術館(347),"{'High': 29, 'Low': 1}","{'Unknown': 13, '第1級': 10, '第5級': 4, '第6級': 2, '第4*級': 1}",4,Y,Y,N,N
九份位於台北縣瑞芳鎮，它是因昔日採金礦而形成的山城聚落，風光迷人，但又帶著淡淡的一種憂愁感，這是九份迷人的地方，春櫻花、夏清風、秋芒花、冬雲霧，構成九份絕緣的一種四季美。,九份 位於 台北縣 瑞芳鎮 它 是 因 昔日 採 金礦 而 形成 的 山城 聚落 風光 迷人 但 又 帶 著 淡淡 的 一 種 憂愁感 這 是 九份 迷人 的 地方 春 櫻花 夏 清風 秋 芒花 冬 雲霧 構成 九份 絕緣 的 一 種 四 季 美,49,九份(662) 位於(19612) 台北縣(1048) 瑞芳鎮(36) 它(316854) 是(4642407) 因(119364) 昔日(4668) 採(8996) 金礦(680) 而(937923) 形成(47486) 的(16029838) 山城(2419) 聚落(2111) 風光(3236) 迷人(5647) 但(597124) 又(535555) 帶(105786) 著(1004687) 淡淡(4166) 的(16029838) 一(3701681) 種(701563) 憂愁感(3) 這(2114032) 是(4642407) 九份(662) 迷人(5647) 的(16029838) 地方(139164) 春(12629) 櫻花(1443) 夏(10706) 清風(993) 秋(8970) 芒花(97) 冬(6443) 雲霧(1382) 構成(16185) 九份(662) 絕緣(514) 的(16029838) 一(3701681) 種(701563) 四(141667) 季(8122) 美(53380),"{'High': 46, 'Low': 3}","{'Unknown': 16, '第6級': 4, '第1*級': 4, '第1級': 11, '第4*級': 3, '第5級': 2, '第7級': 3, '第2級': 4, '第2*級': 1, '第3級': 1}",3,Y,Y,N,N
無論是開車或是從台北或基隆搭發往金瓜石的班車，都可到達九份。,無論 是 開車 或是 從 台北 或 基隆 搭 發往 金瓜石 的 班車 都 可 到達 九份,17,無論(37021) 是(4642407) 開車(10401) 或是(75906) 從(496546) 台北(22242) 或(478077) 基隆(2063) 搭(16185) 發往(128) 金瓜石(314) 的(16029838) 班車(357) 都(1125846) 可(307359) 到達(15955) 九份(662),{'High': 17},"{'第4級': 1, '第1級': 3, '第1*級': 2, '第2級': 1, 'Unknown': 6, '第3級': 2, '第4*級': 2}",1,Y,Y,N,N
淡水是台灣北部重要的海口，有古蹟紅毛城。,淡水 是 台灣 北部 重要 的 海口 有 古蹟 紅毛城,10,淡水(2479) 是(4642407) 台灣(130718) 北部(5380) 重要(154863) 的(16029838) 海口(633) 有(2217079) 古蹟(2555) 紅毛城(153),{'High': 10},"{'Unknown': 3, '第1級': 4, '第2*級': 1, '第2級': 1, '第5級': 1}",1,Y,N,N,N
美濃的紙傘、鶯歌的陶器、三峽的木雕與祖師廟建築，與三義的木雕，都是台灣傳統技藝的重要據點。,美濃 的 紙傘 鶯歌 的 陶器 三峽 的 木雕 與 祖師廟 建築 與 三義 的 木雕 都 是 台灣 傳統 技藝 的 重要 據點,24,美濃(4528) 的(16029838) 紙傘(Unknown) 鶯歌(227) 的(16029838) 陶器(1095) 三峽(963) 的(16029838) 木雕(982) 與(968432) 祖師廟(130) 建築(31065) 與(968432) 三義(205) 的(16029838) 木雕(982) 都(1125846) 是(4642407) 台灣(130718) 傳統(60517) 技藝(3002) 的(16029838) 重要(154863) 據點(2750),"{'High': 23, 'Low': 1}","{'Unknown': 8, '第1級': 8, '第6級': 3, '第4*級': 3, '第3級': 1, '第2級': 1}",1,Y,Y,N,N
都是台灣傳統技藝的重要據點。,都 是 台灣 傳統 技藝 的 重要 據點,8,都(1125846) 是(4642407) 台灣(130718) 傳統(60517) 技藝(3002) 的(16029838) 重要(154863) 據點(2750),{'High': 8},"{'第1級': 4, '第3級': 1, '第6級': 2, '第2級': 1}",0,Y,N,N,N
金門位於大陸福建東南方的廈門灣內，距廈門島僅有二千三百多公尺遠，退潮僅一千八百公尺遠，是台灣外圍島嶼中最接近大陸的地方。,金門 位於 大陸 福建 東南方 的 廈門灣 內 距 廈門島 僅有 二千三百多 公尺 遠 退潮 僅 一千八百 公尺 遠 是 台灣 外圍 島嶼 中 最 接近 大陸 的 地方,29,金門(4382) 位於(19612) 大陸(27031) 福建(5572) 東南方(451) 的(16029838) 廈門灣(5) 內(183051) 距(4162) 廈門島(21) 僅有(4494) 二千三百多(27) 公尺(19233) 遠(57546) 退潮(610) 僅(30739) 一千八百(337) 公尺(19233) 遠(57546) 是(4642407) 台灣(130718) 外圍(2080) 島嶼(3972) 中(1011729) 最(421680) 接近(24049) 大陸(27031) 的(16029838) 地方(139164),"{'High': 26, 'Low': 3}","{'Unknown': 9, '第6級': 4, '第3*級': 2, '第1級': 4, '第3級': 1, '第4級': 3, '第2級': 2, '第5級': 1, '第1*級': 2, '第4*級': 1}",5,Y,N,N,N
一九四九年以來曾發生數次重大的戰役，使金門很早就博得國際知名度，但隨著兩岸關係的和解氣氛，金門現在觀光業逐漸起步。,一九四九年 以來 曾 發生 數 次 重大 的 戰役 使 金門 很 早 就 博得 國際 知名度 但 隨著 兩岸 關係 的 和解 氣氛 金門 現在 觀光業 逐漸 起步,29,一九四九年(1930) 以來(26654) 曾(132981) 發生(129211) 數(38654) 次(331701) 重大(19228) 的(16029838) 戰役(5440) 使(197544) 金門(4382) 很(715675) 早(62038) 就(1737544) 博得(1224) 國際(40846) 知名度(2300) 但(597124) 隨著(32948) 兩岸(6984) 關係(162883) 的(16029838) 和解(2957) 氣氛(16132) 金門(4382) 現在(218744) 觀光業(136) 逐漸(38705) 起步(2371),{'High': 29},"{'Unknown': 7, '第4*級': 3, '第4級': 2, '第3級': 2, '第3*級': 1, '第2級': 2, '第1級': 6, '第6級': 3, '第5級': 3}",3,Y,Y,N,N
金門因長期處於備戰狀態，民宅、古蹟、文物除了部分受波及外，大體保存良好，加上守軍在金門大量綠化，處處種樹，使金門充滿了綠意。,金門 因 長期 處於 備戰 狀態 民宅 古蹟 文物 除了 部分 受 波及 外 大體 保存 良好 加上 守軍 在 金門 大量 綠化 處處 種樹 使 金門 充滿 了 綠意,30,金門(4382) 因(119364) 長期(28592) 處於(15647) 備戰(992) 狀態(39557) 民宅(637) 古蹟(2555) 文物(5405) 除了(75964) 部分(82518) 受(109982) 波及(1126) 外(109310) 大體(3439) 保存(10152) 良好(16069) 加上(38121) 守軍(1439) 在(3284238) 金門(4382) 大量(28414) 綠化(282) 處處(6841) 種樹(429) 使(197544) 金門(4382) 充滿(43990) 了(3199291) 綠意(356),{'High': 30},"{'Unknown': 14, '第6級': 2, '第5級': 4, '第3*級': 1, '第2級': 1, '第4級': 1, '第7級': 1, '第1級': 1, '第4*級': 3, '第3級': 1, '第1*級': 1}",0,Y,Y,N,N
而金門因開發早，文化資產也很豐富，如西山前李宅的節坊與珠山閩南傳統聚落，都是令人發思古幽情的地方。,而 金門 因 開發 早 文化 資產 也 很 豐富 如 西山 前 李宅 的 節坊 與 珠山 閩南 傳統 聚落 都 是 令 人 發 思古 幽情 的 地方,30,而(937923) 金門(4382) 因(119364) 開發(19196) 早(62038) 文化(115697) 資產(14148) 也(1590760) 很(715675) 豐富(24271) 如(195069) 西山(1260) 前(272709) 李宅(24) 的(16029838) 節坊(1) 與(968432) 珠山(26) 閩南(871) 傳統(60517) 聚落(2111) 都(1125846) 是(4642407) 令(128742) 人(1550512) 發(22092) 思古(202) 幽情(210) 的(16029838) 地方(139164),"{'High': 27, 'Low': 3}","{'第5級': 4, 'Unknown': 10, '第1級': 9, '第2級': 1, '第4級': 2, '第4*級': 1, '第3級': 1, '第7級': 1, '第1*級': 1}",0,Y,Y,N,N
此外，因為戰地關係，金門的地下坑道與假村落，都是別的風景區所看不到的。,此外 因為 戰地 關係 金門 的 地 下 坑道 與 假 村落 都 是 別的 風景區 所 看 不 到 的,21,此外(30247) 因為(425061) 戰地(1007) 關係(162883) 金門(4382) 的(16029838) 地(754998) 下(329549) 坑道(516) 與(968432) 假(18056) 村落(3977) 都(1125846) 是(4642407) 別的(13116) 風景區(498) 所(527327) 看(444691) 不(2282521) 到(546906) 的(16029838),{'High': 21},"{'第5級': 1, '第1*級': 2, 'Unknown': 7, '第3級': 1, '第1級': 6, '第4*級': 1, '第6級': 1, '第2*級': 1, '第2級': 1}",1,Y,Y,N,N
最近，金門的賞鳥活動，在金門國家公園有系統的整理與推動下，成為金門遊的「主流」活動，有的旅行社還模仿戰地情景，推出野戰遊戲，使金門遊更有看頭。,最近 金門 的 賞 鳥 活動 在 金門 國家 公園 有 系統 的 整理 與 推動 下 成為 金門 遊 的 主流 活動 有的 旅行社 還 模仿 戰地 情景 推出 野戰 遊戲 使 金門 遊 更 有 看頭,38,最近(30174) 金門(4382) 的(16029838) 賞(8511) 鳥(18798) 活動(85743) 在(3284238) 金門(4382) 國家(109166) 公園(13910) 有(2217079) 系統(67366) 的(16029838) 整理(16113) 與(968432) 推動(14867) 下(329549) 成為(143834) 金門(4382) 遊(6316) 的(16029838) 主流(7417) 活動(85743) 有的(31553) 旅行社(991) 還(625086) 模仿(10229) 戰地(1007) 情景(7266) 推出(10009) 野戰(604) 遊戲(31463) 使(197544) 金門(4382) 遊(6316) 更(361676) 有(2217079) 看頭(323),{'High': 38},"{'第2級': 5, 'Unknown': 11, '第1級': 5, '第5級': 9, '第1*級': 4, '第4級': 1, '第4*級': 2, '第3級': 1}",1,Y,Y,N,N
遊客還可以搭船前往小金門一遊，小金門比大金門更質樸，更有戰地味道。,遊客 還可以 搭船 前往 小 金門 一 遊 小 金門 比 大 金門 更 質樸 更 有 戰地 味道,19,遊客(4899) 還可以(9751) 搭船(804) 前往(27321) 小(318835) 金門(4382) 一(3701681) 遊(6316) 小(318835) 金門(4382) 比(170486) 大(525780) 金門(4382) 更(361676) 質樸(845) 更(361676) 有(2217079) 戰地(1007) 味道(14200),{'High': 19},"{'Unknown': 11, '第5級': 1, '第1級': 5, '第1*級': 1, '第2級': 1}",1,Y,N,N,N
馬祖位於福建省連江縣閩口，與金門一樣，都是捍衛台灣島的前線重地。,馬祖 位於 福建省 連江縣 閩口 與 金門 一樣 都 是 捍衛 台灣島 的 前線 重地,15,馬祖(1202) 位於(19612) 福建省(1114) 連江縣(141) 閩口(Unknown) 與(968432) 金門(4382) 一樣(188109) 都(1125846) 是(4642407) 捍衛(2219) 台灣島(511) 的(16029838) 前線(3716) 重地(307),"{'High': 14, 'Low': 1}","{'Unknown': 7, '第6級': 3, '第4*級': 1, '第1*級': 1, '第1級': 3}",3,Y,N,N,N
馬祖由四個島組成，其中以南竿島最富特色，島上有歷史文物館、媽祖廟、經國紀念館與勝天公園，另外莒光島與東引島則有燈塔與石刻古蹟可供觀賞。,馬祖 由 四 個 島 組成 其中 以 南竿島 最 富 特色 島 上 有 歷史 文物館 媽祖廟 經國 紀念館 與 勝天 公園 另外 莒光島 與 東引島 則 有 燈塔 與 石刻 古蹟 可 供 觀賞,36,馬祖(1202) 由(208604) 四(141667) 個(2296574) 島(19160) 組成(20095) 其中(95627) 以(547785) 南竿島(5) 最(421680) 富(9312) 特色(16060) 島(19160) 上(1233218) 有(2217079) 歷史(96060) 文物館(432) 媽祖廟(341) 經國(617) 紀念館(1101) 與(968432) 勝天(2) 公園(13910) 另外(48233) 莒光島(Unknown) 與(968432) 東引島(14) 則(254096) 有(2217079) 燈塔(1777) 與(968432) 石刻(597) 古蹟(2555) 可(307359) 供(17109) 觀賞(5617),"{'High': 32, 'Low': 4}","{'Unknown': 14, '第4*級': 5, '第1級': 5, '第4級': 3, '第3*級': 1, '第5級': 4, '第1*級': 2, '第3級': 2}",6,Y,Y,N,Y
此外，北竿具有優美綿延的沙灘，每當退潮時，沙灘上可拾貝、捉蟹，東引島也是一處良好的釣場。,此外 北竿 具有 優美 綿延 的 沙灘 每當 退潮 時 沙灘 上 可 拾 貝 捉 蟹 東引島 也 是 一 處 良好 的 釣場,25,此外(30247) 北竿(72) 具有(60702) 優美(4205) 綿延(1560) 的(16029838) 沙灘(3161) 每當(7823) 退潮(610) 時(623734) 沙灘(3161) 上(1233218) 可(307359) 拾(1388) 貝(565) 捉(3565) 蟹(1887) 東引島(14) 也(1590760) 是(4642407) 一(3701681) 處(84410) 良好(16069) 的(16029838) 釣場(16),"{'High': 22, 'Low': 3}","{'第5級': 3, 'Unknown': 6, '第6級': 3, '第7級': 2, '第1級': 6, '第4*級': 4, '第3*級': 1}",1,Y,Y,N,N
目前每天有飛機從台灣飛馬祖，但要到東引島還沒有航線，只能搭船。,目前 每 天 有 飛機 從 台灣 飛 馬祖 但 要 到 東引島 還 沒有 航線 只 能 搭船,19,目前(48695) 每(333357) 天(330413) 有(2217079) 飛機(18598) 從(496546) 台灣(130718) 飛(20449) 馬祖(1202) 但(597124) 要(851264) 到(546906) 東引島(14) 還(625086) 沒有(594280) 航線(1424) 只(436725) 能(582260) 搭船(804),"{'High': 18, 'Low': 1}","{'第4級': 1, '第1*級': 5, '第1級': 6, '第2*級': 1, 'Unknown': 4, '第2級': 1, '第7級': 1}",1,Y,Y,N,N
只能搭船。,只 能 搭船,3,只(436725) 能(582260) 搭船(804),{'High': 3},"{'第1*級': 2, 'Unknown': 1}",0,Y,N,N,N
太魯閣峽谷風光壯闊優美，堪稱是世界級的景觀，也是來華觀光客絕不會錯失的觀光景點。,太魯閣 峽谷 風光 壯闊 優美 堪稱 是 世界級 的 景觀 也 是 來 華 觀光客 絕 不會 錯失 的 觀光 景點,21,太魯閣(1068) 峽谷(1936) 風光(3236) 壯闊(683) 優美(4205) 堪稱(3083) 是(4642407) 世界級(866) 的(16029838) 景觀(4987) 也(1590760) 是(4642407) 來(742183) 華(5134) 觀光客(2140) 絕(6651) 不會(173045) 錯失(1658) 的(16029838) 觀光(4478) 景點(1844),{'High': 21},"{'Unknown': 4, '第6級': 7, '第7級': 1, '第1級': 6, '第4級': 2, '第5級': 1}",3,Y,N,N,N
這段由立霧溪切割形成的溪流峽谷，也是太魯閣國家公園最重要的保育和景致資源，對國內外遊客都是極具吸引力的觀光路線。,這 段 由 立霧溪 切割 形成 的 溪流 峽谷 也 是 太魯閣 國家 公園 最 重要 的 保育 和 景致 資源 對 國內外 遊客 都 是 極 具 吸引力 的 觀光 路線,32,這(2114032) 段(95980) 由(208604) 立霧溪(125) 切割(2009) 形成(47486) 的(16029838) 溪流(1785) 峽谷(1936) 也(1590760) 是(4642407) 太魯閣(1068) 國家(109166) 公園(13910) 最(421680) 重要(154863) 的(16029838) 保育(1820) 和(1338337) 景致(1617) 資源(27580) 對(897964) 國內外(1883) 遊客(4899) 都(1125846) 是(4642407) 極(61390) 具(41661) 吸引力(5086) 的(16029838) 觀光(4478) 路線(9508),{'High': 32},"{'第1級': 9, '第4級': 4, '第4*級': 1, 'Unknown': 6, '第7級': 3, '第6級': 4, '第1*級': 3, '第2級': 1, '第3*級': 1}",4,Y,Y,N,N
台灣四條橫貫公路，以中橫和南橫的峽谷風光較為可觀，當中又以太魯閣峽谷最為壯麗，也最具氣勢，很早就成為國民旅遊和國際觀光重要路線。,台灣 四 條 橫貫公路 以 中橫 和 南橫 的 峽谷 風光 較為 可觀 當中 又 以 太魯閣 峽谷 最為 壯麗 也 最 具 氣勢 很 早 就 成為 國民 旅遊 和 國際 觀光 重要 路線,35,台灣(130718) 四(141667) 條(115362) 橫貫公路(145) 以(547785) 中橫(120) 和(1338337) 南橫(167) 的(16029838) 峽谷(1936) 風光(3236) 較為(8058) 可觀(3091) 當中(28263) 又(535555) 以(547785) 太魯閣(1068) 峽谷(1936) 最為(8804) 壯麗(1364) 也(1590760) 最(421680) 具(41661) 氣勢(4177) 很(715675) 早(62038) 就(1737544) 成為(143834) 國民(10927) 旅遊(8465) 和(1338337) 國際(40846) 觀光(4478) 重要(154863) 路線(9508),{'High': 35},"{'第1級': 7, '第2級': 2, 'Unknown': 9, '第5級': 4, '第6級': 6, '第3*級': 1, '第1*級': 2, '第4級': 4}",2,Y,Y,N,N
太魯閣峽谷，通常指的是天祥到太魯閣這段立霧溪河谷，也是全段的峽谷景觀精華，景點包括天祥的河階地形、慈母橋下的巨石樣貌、九曲洞的大理岩美麗花紋、錐麓和福磯的峽谷繼崖、燕子口的橢圓形洞穴、長春祠曲流地形等，深隧的峽谷和陡直峭立的山壁，形成彷如一線天般的景色。,太魯閣 峽谷 通常 指 的 是 天祥 到 太魯閣 這 段 立霧溪 河谷 也 是 全 段 的 峽谷 景觀 精華 景點 包括 天祥 的 河階 地形 慈母橋 下 的 巨石 樣貌 九曲洞 的 大理岩 美麗 花紋 錐麓 和 福磯 的 峽谷 繼 崖 燕子口 的 橢圓形 洞穴 長春祠 曲流 地形 等 深隧 的 峽谷 和 陡直 峭立 的 山壁 形成 彷如 一線天 般 的 景色,66,太魯閣(1068) 峽谷(1936) 通常(56445) 指(84264) 的(16029838) 是(4642407) 天祥(195) 到(546906) 太魯閣(1068) 這(2114032) 段(95980) 立霧溪(125) 河谷(940) 也(1590760) 是(4642407) 全(178642) 段(95980) 的(16029838) 峽谷(1936) 景觀(4987) 精華(2141) 景點(1844) 包括(74410) 天祥(195) 的(16029838) 河階(79) 地形(3468) 慈母橋(6) 下(329549) 的(16029838) 巨石(1826) 樣貌(2348) 九曲洞(12) 的(16029838) 大理岩(13) 美麗(24889) 花紋(1525) 錐麓(6) 和(1338337) 福磯(Unknown) 的(16029838) 峽谷(1936) 繼(6145) 崖(1564) 燕子口(23) 的(16029838) 橢圓形(1289) 洞穴(3953) 長春祠(12) 曲流(13) 地形(3468) 等(327380) 深隧(Unknown) 的(16029838) 峽谷(1936) 和(1338337) 陡直(41) 峭立(13) 的(16029838) 山壁(684) 形成(47486) 彷如(398) 一線天(Unknown) 般(44639) 的(16029838) 景色(3529),"{'High': 53, 'Low': 13}","{'Unknown': 23, '第6級': 13, '第4級': 4, '第1級': 15, '第7級': 2, '第2級': 1, '第5級': 3, '第3*級': 3, '第1*級': 1, '第4*級': 1}",10,Y,Y,N,N
動人心魄的太魯閣峽谷景致外，太魯閣國家公園管理處在區內闢設了七條頗具特色的步道，神秘谷步道、大禮—大同步道、綠水—合流步道、白楊步道、豁然亭—天祥步道、蓮花池步道、梅園—竹村步道等，每一條都適宜安排走訪，可視遊程天數選擇步道路線。,動人心魄 的 太魯閣 峽谷 景致 外 太魯閣 國家 公園 管理處 在 區 內 闢設 了 七 條 頗 具 特色 的 步道 神秘谷 步道 大禮 大同 步道 綠水 合流 步道 白楊 步道 豁然亭 天祥 步道 蓮花池 步道 梅園 竹村 步道 等 每 一 條 都 適宜 安排 走訪 可 視 遊程 天數 選擇 步道 路線,55,動人心魄(12) 的(16029838) 太魯閣(1068) 峽谷(1936) 景致(1617) 外(109310) 太魯閣(1068) 國家(109166) 公園(13910) 管理處(506) 在(3284238) 區(6652) 內(183051) 闢設(16) 了(3199291) 七(59385) 條(115362) 頗(22266) 具(41661) 特色(16060) 的(16029838) 步道(2650) 神秘谷(Unknown) 步道(2650) 大禮(553) 大同(2367) 步道(2650) 綠水(144) 合流(372) 步道(2650) 白楊(163) 步道(2650) 豁然亭(7) 天祥(195) 步道(2650) 蓮花池(78) 步道(2650) 梅園(60) 竹村(10) 步道(2650) 等(327380) 每(333357) 一(3701681) 條(115362) 都(1125846) 適宜(1596) 安排(30105) 走訪(1087) 可(307359) 視(15590) 遊程(16) 天數(625) 選擇(75178) 步道(2650) 路線(9508),"{'Low': 8, 'High': 47}","{'Unknown': 18, '第1級': 6, '第6級': 5, '第7級': 3, '第1*級': 4, '第4級': 4, '第3級': 1, '第2級': 2, '第5級': 9, '第3*級': 2, '第4*級': 1}",7,Y,Y,N,N
當中的白楊步道最受遊客歡迎，如匹鍊懸瀉的白楊瀑布和兩重自然天成的水濂洞，四季展現不同美感。,當中 的 白楊 步道 最 受 遊客 歡迎 如 匹 鍊 懸 瀉 的 白楊 瀑布 和 兩 重 自然 天成 的 水濂洞 四 季 展現 不同 美感,28,當中(28263) 的(16029838) 白楊(163) 步道(2650) 最(421680) 受(109982) 遊客(4899) 歡迎(19513) 如(195069) 匹(10062) 鍊(319) 懸(3031) 瀉(880) 的(16029838) 白楊(163) 瀑布(2537) 和(1338337) 兩(526190) 重(31331) 自然(91995) 天成(203) 的(16029838) 水濂洞(Unknown) 四(141667) 季(8122) 展現(15289) 不同(159432) 美感(3472),"{'High': 27, 'Low': 1}","{'第3*級': 2, '第1級': 5, 'Unknown': 10, '第5級': 3, '第1*級': 1, '第4級': 1, '第2級': 1, '第6級': 3, '第3級': 2}",1,Y,Y,N,N
不但溪流、瀑布、峽谷和步道值得遊賞，太魯閣國家公園內的動物和植物也有其獨特性，台灣獮猴、松鼠等哺乳動物及鳥類、蝶類值得推荐欣賞，植物也有可觀之處，春天的杜鵑、秋季的紅葉，在綠色林木中格外顯眼美麗。,不但 溪流 瀑布 峽谷 和 步道 值得 遊賞 太魯閣 國家 公園 內 的 動物 和 植物 也 有 其 獨特性 台灣 獮猴 松鼠 等 哺乳動物 及 鳥類 蝶類 值得 推荐 欣賞 植物 也 有 可觀 之 處 春天 的 杜鵑 秋季 的 紅葉 在 綠色 林木 中 格外 顯眼 美麗,50,不但(40359) 溪流(1785) 瀑布(2537) 峽谷(1936) 和(1338337) 步道(2650) 值得(34362) 遊賞(114) 太魯閣(1068) 國家(109166) 公園(13910) 內(183051) 的(16029838) 動物(36835) 和(1338337) 植物(19121) 也(1590760) 有(2217079) 其(307905) 獨特性(1274) 台灣(130718) 獮猴(Unknown) 松鼠(1595) 等(327380) 哺乳動物(636) 及(304586) 鳥類(2600) 蝶類(26) 值得(34362) 推荐(101) 欣賞(17817) 植物(19121) 也(1590760) 有(2217079) 可觀(3091) 之(875481) 處(84410) 春天(8850) 的(16029838) 杜鵑(934) 秋季(2784) 的(16029838) 紅葉(744) 在(3284238) 綠色(9303) 林木(818) 中(1011729) 格外(4592) 顯眼(1308) 美麗(24889),"{'High': 48, 'Low': 2}","{'第3級': 2, '第6級': 4, '第5級': 5, 'Unknown': 19, '第4級': 2, '第1*級': 3, '第1級': 8, '第7級': 3, '第3*級': 2, '第4*級': 1, '第2級': 1}",3,Y,Y,N,N
太魯閣峽谷觀光發展甚早，區內交通方便，餐飲和住宿條件也日趨國際化，遊程安排可穿行中橫公路，也可與花蓮景點和原住民文化連線遊。,太魯閣 峽谷 觀光 發展 甚 早 區 內 交通 方便 餐飲 和 住宿 條件 也 日趨 國際化 遊程 安排 可 穿行 中橫公路 也 可 與 花蓮 景點 和 原住民 文化 連線 遊,32,太魯閣(1068) 峽谷(1936) 觀光(4478) 發展(117494) 甚(21590) 早(62038) 區(6652) 內(183051) 交通(11639) 方便(14172) 餐飲(1047) 和(1338337) 住宿(2271) 條件(36308) 也(1590760) 日趨(1652) 國際化(1576) 遊程(16) 安排(30105) 可(307359) 穿行(288) 中橫公路(28) 也(1590760) 可(307359) 與(968432) 花蓮(3554) 景點(1844) 和(1338337) 原住民(9390) 文化(115697) 連線(1404) 遊(6316),"{'High': 30, 'Low': 2}","{'Unknown': 10, '第6級': 3, '第4級': 5, '第1級': 3, '第3級': 2, '第1*級': 1, '第5級': 4, '第4*級': 3, '第2級': 1}",4,Y,Y,N,N
也可與花蓮景點和原住民文化連線遊。,也 可 與 花蓮 景點 和 原住民 文化 連線 遊,10,也(1590760) 可(307359) 與(968432) 花蓮(3554) 景點(1844) 和(1338337) 原住民(9390) 文化(115697) 連線(1404) 遊(6316),{'High': 10},"{'第1級': 1, '第4*級': 2, 'Unknown': 3, '第5級': 3, '第2級': 1}",1,Y,Y,N,N
台灣的湖泊之旅，以日月潭堪稱代表性。,台灣 的 湖泊 之 旅 以 日月潭 堪稱 代表性,9,台灣(130718) 的(16029838) 湖泊(1394) 之(875481) 旅(8620) 以(547785) 日月潭(635) 堪稱(3083) 代表性(3248),{'High': 9},"{'第1級': 2, '第7級': 1, '第5級': 2, 'Unknown': 3, '第6級': 1}",2,Y,N,N,N
它與阿里山一樣，都是大陸人士心目中最嚮往的台灣兩大勝景。,它 與 阿里山 一樣 都 是 大陸 人士 心目中 最 嚮往 的 台灣 兩 大 勝景,16,它(316854) 與(968432) 阿里山(1074) 一樣(188109) 都(1125846) 是(4642407) 大陸(27031) 人士(27666) 心目中(5388) 最(421680) 嚮往(3547) 的(16029838) 台灣(130718) 兩(526190) 大(525780) 勝景(136),{'High': 16},"{'第1*級': 3, '第4*級': 1, 'Unknown': 2, '第1級': 6, '第3*級': 1, '第5級': 2, '第6級': 1}",2,Y,N,N,N
海拔七百四十八公尺的日月潭，景色如畫，氣候宜人，湖水常年保持豐盈，四季與早晚皆有不同風貌，也是全台灣僅存的天然大湖。,海拔 七百四十八 公尺 的 日月潭 景色 如 畫 氣候 宜人 湖水 常年 保持 豐盈 四 季 與 早晚 皆 有 不同 風貌 也 是 全 台灣 僅存 的 天然 大湖,30,海拔(2509) 七百四十八(3) 公尺(19233) 的(16029838) 日月潭(635) 景色(3529) 如(195069) 畫(57787) 氣候(6752) 宜人(730) 湖水(1512) 常年(687) 保持(39415) 豐盈(306) 四(141667) 季(8122) 與(968432) 早晚(2243) 皆(45736) 有(2217079) 不同(159432) 風貌(2141) 也(1590760) 是(4642407) 全(178642) 台灣(130718) 僅存(1178) 的(16029838) 天然(6103) 大湖(441),"{'High': 29, 'Low': 1}","{'第6級': 1, 'Unknown': 7, '第4級': 2, '第1級': 7, '第4*級': 3, '第1*級': 1, '第7級': 3, '第3級': 2, '第5級': 3, '第2級': 1}",2,Y,Y,N,N
日月潭的湖中盛產各種淡水魚，有一種鯁角更屬珍貴，又稱「總統魚」，相傳是蔣故總統經國先生品嘗過後而得名。,日月潭 的 湖 中 盛產 各 種 淡水魚 有 一 種 鯁角 更 屬 珍貴 又 稱 總統魚 相傳 是 蔣 故 總統 經國 先生 品嘗 過後 而 得名,29,日月潭(635) 的(16029838) 湖(8772) 中(1011729) 盛產(816) 各(243023) 種(701563) 淡水魚(136) 有(2217079) 一(3701681) 種(701563) 鯁角(Unknown) 更(361676) 屬(26012) 珍貴(7380) 又(535555) 稱(60191) 總統魚(Unknown) 相傳(4515) 是(4642407) 蔣(6594) 故(28882) 總統(23662) 經國(617) 先生(159645) 品嘗(1105) 過後(7751) 而(937923) 得名(829),"{'High': 27, 'Low': 2}","{'Unknown': 13, '第1級': 5, '第4*級': 1, '第7級': 1, '第2級': 1, '第5級': 4, '第1*級': 1, '第6級': 2, '第4級': 1}",3,Y,Y,N,Y
日月潭因具有與眾不同的靈秀之氣，先總統蔣公生前很喜愛，潭邊的涵碧樓，就是他老人家的駐蹕處。,日月潭 因 具有 與眾不同 的 靈秀 之 氣 先總統 蔣公 生前 很 喜愛 潭 邊 的 涵碧樓 就是 他 老人家 的 駐蹕處,22,日月潭(635) 因(119364) 具有(60702) 與眾不同(2944) 的(16029838) 靈秀(141) 之(875481) 氣(53111) 先總統(93) 蔣公(880) 生前(4475) 很(715675) 喜愛(12200) 潭(877) 邊(123152) 的(16029838) 涵碧樓(23) 就是(2943) 他(2487930) 老人家(6365) 的(16029838) 駐蹕處(Unknown),"{'High': 19, 'Low': 3}","{'Unknown': 9, '第6級': 4, '第1級': 5, '第5級': 2, '第4級': 1, '第1*級': 1}",6,Y,Y,N,Y
日月潭四周有二十四公里長，目前已完成環湖公路，遊客可以驅車來一趟環湖之旅，體會日月兩潭的不同風光。,日月潭 四周 有 二十四 公里 長 目前 已 完成 環湖 公路 遊客 可以 驅車 來 一 趟 環湖 之 旅 體會 日月 兩 潭 的 不同 風光,27,日月潭(635) 四周(14209) 有(2217079) 二十四(7473) 公里(16646) 長(107092) 目前(48695) 已(215610) 完成(60471) 環湖(75) 公路(7300) 遊客(4899) 可以(560531) 驅車(706) 來(742183) 一(3701681) 趟(11585) 環湖(75) 之(875481) 旅(8620) 體會(9519) 日月(2081) 兩(526190) 潭(877) 的(16029838) 不同(159432) 風光(3236),"{'High': 25, 'Low': 2}","{'Unknown': 8, '第4*級': 2, '第1級': 6, '第4級': 3, '第3級': 2, '第3*級': 1, '第7級': 1, '第5級': 2, '第6級': 2}",2,Y,N,N,N
沿著日月潭的四周，有很多景點可遊覽，如文武廟、德化社、玄奘寺，慈恩塔、玄光寺、遊客也可以搭遊船，從水上遊覽日月潭，再登上分隔日月兩潭的光華島，參觀月下老人像。,沿著 日月潭 的 四周 有 很多 景點 可 遊覽 如 文武廟 德化社 玄奘寺 慈恩塔 玄光寺 遊客 也 可以 搭 遊船 從 水上 遊覽 日月潭 再 登上 分隔 日月 兩 潭 的 光華島 參觀 月下老人像,34,沿著(Unknown) 日月潭(635) 的(16029838) 四周(14209) 有(2217079) 很多(113128) 景點(1844) 可(307359) 遊覽(1311) 如(195069) 文武廟(82) 德化社(8) 玄奘寺(7) 慈恩塔(8) 玄光寺(12) 遊客(4899) 也(1590760) 可以(560531) 搭(16185) 遊船(123) 從(496546) 水上(4) 遊覽(1311) 日月潭(635) 再(326207) 登上(6844) 分隔(1010) 日月(2081) 兩(526190) 潭(877) 的(16029838) 光華島(9) 參觀(9034) 月下老人像(Unknown),"{'Low': 9, 'High': 25}","{'Unknown': 18, '第1級': 6, '第4*級': 2, '第5級': 3, '第3級': 1, '第1*級': 2, '第6級': 1, '第3*級': 1}",9,Y,N,N,N
最近，日月潭逐漸盛行賞鳥活動，五色鳥、樹鵲、畫眉、山紅頭、竹雞、翠鳥，都是這裡的常見鳥種。,最近 日月潭 逐漸 盛行 賞 鳥 活動 五色鳥 樹鵲 畫眉 山紅頭 竹雞 翠鳥 都 是 這裡 的 常見 鳥種,19,最近(30174) 日月潭(635) 逐漸(38705) 盛行(3489) 賞(8511) 鳥(18798) 活動(85743) 五色鳥(111) 樹鵲(15) 畫眉(520) 山紅頭(7) 竹雞(90) 翠鳥(288) 都(1125846) 是(4642407) 這裡(100385) 的(16029838) 常見(13705) 鳥種(69),"{'High': 15, 'Low': 4}","{'第2級': 3, 'Unknown': 8, '第5級': 2, '第6級': 1, '第1級': 4, '第4級': 1}",3,Y,N,N,N
日月潭由於開發早，觀光潛力雄厚，日月潭四周也有很多高級的度假旅館，如天廬大飯店、中信大飯店、哲園。,日月潭 由於 開發 早 觀光 潛力 雄厚 日月潭 四周 也 有 很多 高級 的 度假 旅館 如 天廬 大 飯店 中信 大 飯店 哲園,24,日月潭(635) 由於(88111) 開發(19196) 早(62038) 觀光(4478) 潛力(5300) 雄厚(1121) 日月潭(635) 四周(14209) 也(1590760) 有(2217079) 很多(113128) 高級(10823) 的(16029838) 度假(3488) 旅館(12498) 如(195069) 天廬(2) 大(525780) 飯店(9669) 中信(1081) 大(525780) 飯店(9669) 哲園(2),"{'High': 22, 'Low': 2}","{'Unknown': 7, '第4*級': 3, '第5級': 2, '第1級': 6, '第4級': 1, '第7級': 1, '第3*級': 1, '第2*級': 3}",2,Y,Y,N,Y
最近新的飯店還在增建中，準備迎接未來大陸人士來台旅遊的巨大市場。,最近 新 的 飯店 還 在 增建 中 準備 迎接 未來 大陸 人士 來 台 旅遊 的 巨大 市場,19,最近(30174) 新(212453) 的(16029838) 飯店(9669) 還(625086) 在(3284238) 增建(416) 中(1011729) 準備(64901) 迎接(8917) 未來(54445) 大陸(27031) 人士(27666) 來(742183) 台(29325) 旅遊(8465) 的(16029838) 巨大(22154) 市場(65023),{'High': 19},"{'第2級': 4, '第1級': 4, '第2*級': 1, 'Unknown': 3, '第1*級': 1, '第5級': 3, '第4級': 2, '第3*級': 1}",0,Y,N,N,N
準備迎接未來大陸人士來台旅遊的巨大市場。,準備 迎接 未來 大陸 人士 來 台 旅遊 的 巨大 市場,11,準備(64901) 迎接(8917) 未來(54445) 大陸(27031) 人士(27666) 來(742183) 台(29325) 旅遊(8465) 的(16029838) 巨大(22154) 市場(65023),{'High': 11},"{'第2級': 3, '第5級': 3, '第4級': 2, '第3*級': 1, '第1級': 2}",0,Y,N,N,N
欣賞加拿大索拉奇藝坊演出，感受活力奔放的情趣，當另類自由行遇上另類馬戲表演，會激發出什麼樣的火花？,欣賞 加拿大 索拉 奇藝坊 演出 感受 活力 奔放 的 情趣 當 另類 自由 行 遇上 另類 馬戲 表演 會 激發出 什麼 樣 的 火花,24,欣賞(17817) 加拿大(5370) 索拉(87) 奇藝坊(Unknown) 演出(20672) 感受(30399) 活力(10454) 奔放(737) 的(16029838) 情趣(1623) 當(294625) 另類(2049) 自由(56360) 行(63474) 遇上(5526) 另類(2049) 馬戲(260) 表演(20601) 會(1014977) 激發出(746) 什麼(431321) 樣(31330) 的(16029838) 火花(2220),"{'High': 22, 'Low': 2}","{'第4*級': 3, '第4級': 2, 'Unknown': 7, '第5級': 1, '第7級': 1, '第1級': 3, '第6級': 4, '第3*級': 1, '第1*級': 1, '第3級': 1}",3,Y,N,N,Y
旅客只要參加一趟「香港觀劇套裝行程」，在籠罩著九七氣氛的香港，觀賞令人感動的加拿大「索拉」奇藝坊另類馬戲表演，便可以充分體驗個中情趣。,旅客 只要 參加 一 趟 香港 觀 劇 套裝 行程 在 籠罩 著 九七 氣氛 的 香港 觀賞 令 人 感動 的 加拿大 索拉 奇藝坊 另 類 馬戲 表演 便 可以 充分 體驗 個中 情趣,35,旅客(3355) 只要(99140) 參加(42962) 一(3701681) 趟(11585) 香港(46937) 觀(12845) 劇(6010) 套裝(916) 行程(5276) 在(3284238) 籠罩(3849) 著(1004687) 九七(318) 氣氛(16132) 的(16029838) 香港(46937) 觀賞(5617) 令(128742) 人(1550512) 感動(15132) 的(16029838) 加拿大(5370) 索拉(87) 奇藝坊(Unknown) 另(138369) 類(58191) 馬戲(260) 表演(20601) 便(220860) 可以(560531) 充分(18210) 體驗(15945) 個中(593) 情趣(1623),"{'High': 33, 'Low': 2}","{'Unknown': 10, '第3級': 2, '第2級': 1, '第1級': 5, '第4級': 4, '第6級': 5, '第5級': 5, '第1*級': 1, '第4*級': 1, '第3*級': 1}",2,Y,Y,N,Y
索拉奇藝坊(CirqueDuSoliel)，是一群年輕街頭藝人於一九八四年在加拿大魁北克蒙特婁成立的一支表演團體，曾在洛杉磯、巴黎等一百多座城市表演，吸引一千萬以上人次觀賞，也獲得一百多座獎項，在歐美及日本的知名度很高。,索拉 奇藝坊 CirqueDuSoliel 是 一 群 年輕 街頭 藝人 於 一九八四年 在 加拿大 魁北克 蒙特婁 成立 的 一 支 表演 團體 曾 在 洛杉磯 巴黎 等 一百多 座 城市 表演 吸引 一千萬 以上 人次 觀賞 也 獲得 一百多 座 獎項 在 歐美 及 日本 的 知名度 很 高,48,索拉(87) 奇藝坊(Unknown) CirqueDuSoliel(Unknown) 是(4642407) 一(3701681) 群(39283) 年輕(48853) 街頭(6382) 藝人(2618) 於(327210) 一九八四年(1972) 在(3284238) 加拿大(5370) 魁北克(202) 蒙特婁(270) 成立(28506) 的(16029838) 一(3701681) 支(25666) 表演(20601) 團體(30852) 曾(132981) 在(3284238) 洛杉磯(4310) 巴黎(15132) 等(327380) 一百多(3148) 座(49959) 城市(32018) 表演(20601) 吸引(20619) 一千萬(1336) 以上(36569) 人次(848) 觀賞(5617) 也(1590760) 獲得(54809) 一百多(3148) 座(49959) 獎項(1213) 在(3284238) 歐美(4148) 及(304586) 日本(105587) 的(16029838) 知名度(2300) 很(715675) 高(128858),"{'Low': 3, 'High': 45}","{'Unknown': 13, '第1級': 9, '第4級': 7, '第2級': 2, '第5級': 6, '第1*級': 3, '第4*級': 1, '第3*級': 4, '第3級': 1, '第6級': 2}",11,Y,Y,N,Y
「飛躍之旅」的空中飛人表演。,飛躍 之 旅 的 空中飛人 表演,6,飛躍(621) 之(875481) 旅(8620) 的(16029838) 空中飛人(115) 表演(20601),{'High': 6},"{'第7級': 1, '第5級': 1, 'Unknown': 2, '第1級': 1, '第4級': 1}",1,Y,N,N,N
索拉奇藝坊十一月起在香港維多利亞公園演出的這套「飛躍之旅」，曾在北美洲十二個城市、日本兩大城市獻技，已有超過兩百萬人次觀眾觀賞過這套劇，而該劇團以香港做為「飛躍之旅」亞洲巡迴演出的最後一站，頗有印合之處。,索拉 奇藝坊 十一月 起 在 香港 維多利亞 公園 演出 的 這 套 飛躍 之 旅 曾 在 北美洲 十二 個 城市 日本 兩 大 城市 獻技 已 有 超過 兩百萬 人次 觀眾 觀賞 過 這 套 劇 而 該 劇團 以 香港 做為 飛躍 之 旅 亞洲 巡迴 演出 的 最後 一 站 頗 有 印合 之 處,58,索拉(87) 奇藝坊(Unknown) 十一月(12863) 起(96746) 在(3284238) 香港(46937) 維多利亞(3255) 公園(13910) 演出(20672) 的(16029838) 這(2114032) 套(37180) 飛躍(621) 之(875481) 旅(8620) 曾(132981) 在(3284238) 北美洲(764) 十二(22310) 個(2296574) 城市(32018) 日本(105587) 兩(526190) 大(525780) 城市(32018) 獻技(23) 已(215610) 有(2217079) 超過(30507) 兩百萬(763) 人次(848) 觀眾(31587) 觀賞(5617) 過(412878) 這(2114032) 套(37180) 劇(6010) 而(937923) 該(148369) 劇團(3178) 以(547785) 香港(46937) 做為(19421) 飛躍(621) 之(875481) 旅(8620) 亞洲(13256) 巡迴(2420) 演出(20672) 的(16029838) 最後(142102) 一(3701681) 站(68488) 頗(22266) 有(2217079) 印合(3) 之(875481) 處(84410),"{'Low': 4, 'High': 54}","{'Unknown': 17, '第3*級': 2, '第1*級': 5, '第4*級': 3, '第1級': 11, '第3級': 5, '第7級': 2, '第5級': 6, '第4級': 3, '第6級': 3, '第2級': 1}",5,Y,Y,N,Y
國際城市香港和「飛躍之旅」均享有節奏快速、熱情奔放的特性，香港觀劇之旅令人一邊品嘗香港這個正在九七氣氛籠罩下，各種活動依然熱絡的情境，同時也欣賞劇團認真而充滿活力的演出。,國際 城市 香港 和 飛躍 之 旅 均 享有 節奏 快速 熱情 奔放 的 特性 香港 觀 劇 之 旅 令 人 一邊 品嘗 香港 這 個 正在 九七 氣氛 籠罩 下 各 種 活動 依然 熱絡 的 情境 同時 也 欣賞 劇團 認真 而 充滿 活力 的 演出,49,國際(40846) 城市(32018) 香港(46937) 和(1338337) 飛躍(621) 之(875481) 旅(8620) 均(27783) 享有(5799) 節奏(6998) 快速(20632) 熱情(18060) 奔放(737) 的(16029838) 特性(12673) 香港(46937) 觀(12845) 劇(6010) 之(875481) 旅(8620) 令(128742) 人(1550512) 一邊(33635) 品嘗(1105) 香港(46937) 這(2114032) 個(2296574) 正在(54336) 九七(318) 氣氛(16132) 籠罩(3849) 下(329549) 各(243023) 種(701563) 活動(85743) 依然(21385) 熱絡(881) 的(16029838) 情境(21379) 同時(115305) 也(1590760) 欣賞(17817) 劇團(3178) 認真(20556) 而(937923) 充滿(43990) 活力(10454) 的(16029838) 演出(20672),{'High': 49},"{'第4級': 3, '第3級': 2, 'Unknown': 12, '第7級': 3, '第5級': 6, '第6級': 6, '第1級': 7, '第4*級': 6, '第1*級': 1, '第2級': 2, '第3*級': 1}",0,Y,Y,N,N
全球旅行社十一月至十二月二十四日止，推出三種三天兩夜個人觀劇套裝行程「飛躍之旅香港遊」，旅客可選擇平日或假日前往。,全球 旅行社 十一月 至 十二月 二十四日 止 推出 三 種 三 天 兩 夜 個人 觀 劇 套裝 行程 飛躍 之 旅 香港 遊 旅客 可 選擇 平日 或 假日 前往,31,全球(21104) 旅行社(991) 十一月(12863) 至(101530) 十二月(13715) 二十四日(2562) 止(8003) 推出(10009) 三(313861) 種(701563) 三(313861) 天(330413) 兩(526190) 夜(31283) 個人(76253) 觀(12845) 劇(6010) 套裝(916) 行程(5276) 飛躍(621) 之(875481) 旅(8620) 香港(46937) 遊(6316) 旅客(3355) 可(307359) 選擇(75178) 平日(6274) 或(478077) 假日(2962) 前往(27321),{'High': 31},"{'第4級': 3, '第5級': 6, 'Unknown': 10, '第4*級': 2, '第1級': 4, '第3*級': 3, '第6級': 1, '第7級': 1, '第3級': 1}",4,Y,Y,N,N
內容有國泰航空香港來回機票、三天兩夜飯店住宿、香港機場到飯店單程轎車接送及B區劇場戲票乙張，價位依所住用飯店不同，由二萬元以內至三萬多元不等。,內容 有 國泰 航空 香港 來回 機票 三 天 兩 夜 飯店 住宿 香港 機場 到 飯店 單程 轎車 接送 及 B區 劇場 戲票 乙 張 價位 依 所 住 用 飯店 不同 由 二萬 元 以內 至 三萬多 元 不等,41,內容(55074) 有(2217079) 國泰(783) 航空(4707) 香港(46937) 來回(5129) 機票(1174) 三(313861) 天(330413) 兩(526190) 夜(31283) 飯店(9669) 住宿(2271) 香港(46937) 機場(7570) 到(546906) 飯店(9669) 單程(210) 轎車(1979) 接送(807) 及(304586) B區(3) 劇場(6520) 戲票(20) 乙(8810) 張(99414) 價位(840) 依(37519) 所(527327) 住(69815) 用(377038) 飯店(9669) 不同(159432) 由(208604) 二萬(1595) 元(60807) 以內(1488) 至(101530) 三萬多(290) 元(60807) 不等(2665),"{'High': 39, 'Low': 2}","{'第4級': 1, '第1級': 8, 'Unknown': 12, '第5級': 4, '第4*級': 2, '第3*級': 1, '第2*級': 4, '第6級': 4, '第1*級': 2, '第7級': 1, '第2級': 1, '第3級': 1}",1,Y,Y,N,Y
這是全球挾過去成功包裝歌劇魅影及孤星淚歌劇之旅及三大男高音世紀聯演之旅的聲勢，再度出擊。,這 是 全球 挾 過去 成功 包裝 歌劇 魅影 及 孤星淚 歌劇 之 旅 及 三 大 男高音 世紀 聯演 之 旅 的 聲勢 再度 出擊,26,這(2114032) 是(4642407) 全球(21104) 挾(2140) 過去(88758) 成功(80266) 包裝(5682) 歌劇(3810) 魅影(394) 及(304586) 孤星淚(7) 歌劇(3810) 之(875481) 旅(8620) 及(304586) 三(313861) 大(525780) 男高音(428) 世紀(16204) 聯演(15) 之(875481) 旅(8620) 的(16029838) 聲勢(2932) 再度(22234) 出擊(2643),"{'High': 24, 'Low': 2}","{'第1級': 5, '第4級': 3, 'Unknown': 7, '第3*級': 1, '第5級': 6, '第6級': 4}",2,Y,Y,N,Y
再度出擊。,再度 出擊,2,再度(22234) 出擊(2643),{'High': 2},"{'第5級': 1, '第6級': 1}",0,Y,N,N,N
夏天綠意盎然可避暑，冬天白雪皚皚可賞雪玩雪。,夏天 綠意盎然 可 避暑 冬天 白雪 皚皚 可 賞 雪 玩 雪,12,夏天(11228) 綠意盎然(237) 可(307359) 避暑(1237) 冬天(8241) 白雪(1894) 皚皚(257) 可(307359) 賞(8511) 雪(12104) 玩(38177) 雪(12104),{'High': 12},"{'第2級': 2, 'Unknown': 3, '第4*級': 2, '第6級': 1, '第5級': 1, '第2*級': 2, '第1*級': 1}",1,Y,N,N,N
合歡山是台灣玩雪與賞雪的勝地。,合歡山 是 台灣 玩 雪 與 賞 雪 的 勝地,10,合歡山(199) 是(4642407) 台灣(130718) 玩(38177) 雪(12104) 與(968432) 賞(8511) 雪(12104) 的(16029838) 勝地(934),{'High': 10},"{'Unknown': 1, '第1級': 3, '第1*級': 1, '第2*級': 2, '第4*級': 1, '第5級': 1, '第7級': 1}",1,Y,Y,N,N
合歡山位於花蓮與南投縣的交界，素有「雪鄉」之稱。,合歡山 位於 花蓮 與 南投縣 的 交界 素有 雪鄉 之 稱,11,合歡山(199) 位於(19612) 花蓮(3554) 與(968432) 南投縣(780) 的(16029838) 交界(919) 素有(768) 雪鄉(3) 之(875481) 稱(60191),"{'High': 10, 'Low': 1}","{'Unknown': 5, '第6級': 1, '第4*級': 1, '第1級': 1, '第7級': 2, '第5級': 1}",2,Y,Y,N,N
合歡群峰是屬於中央山脈的主要脊樑，為台灣主要河流大甲溪、濁水溪與立霧溪的分水嶺。,合歡 群峰 是 屬於 中央山脈 的 主要 脊樑 為 台灣 主要 河流 大甲溪 濁水溪 與 立霧溪 的 分水嶺,18,合歡(235) 群峰(155) 是(4642407) 屬於(39478) 中央山脈(1171) 的(16029838) 主要(78757) 脊樑(186) 為(761341) 台灣(130718) 主要(78757) 河流(4762) 大甲溪(291) 濁水溪(452) 與(968432) 立霧溪(125) 的(16029838) 分水嶺(624),{'High': 18},"{'Unknown': 8, '第1級': 4, '第5級': 2, '第4級': 2, '第4*級': 1, '第7級': 1}",5,Y,Y,N,N
合歡群峰包括了合歡主峰、東、四峰及合歡尖山、石門山等，都是壯碩威武的山巒。,合歡 群峰 包括 了 合歡 主峰 東 四 峰 及 合歡 尖山 石門山 等 都 是 壯碩 威武 的 山巒,20,合歡(235) 群峰(155) 包括(74410) 了(3199291) 合歡(235) 主峰(206) 東(28440) 四(141667) 峰(1348) 及(304586) 合歡(235) 尖山(86) 石門山(8) 等(327380) 都(1125846) 是(4642407) 壯碩(947) 威武(745) 的(16029838) 山巒(891),"{'High': 18, 'Low': 2}","{'Unknown': 9, '第3*級': 2, '第2*級': 1, '第1級': 4, '第5級': 1, '第7級': 3}",1,Y,Y,N,N
但是後來，由於中橫公路的開通，與霧社支線的銜接，公路一路直通山頂，過去那遙不可及的雲霧山巒，一下子變成人們輕易親近的小山岡。,但是 後來 由於 中橫公路 的 開通 與 霧社 支線 的 銜接 公路 一路 直通 山頂 過去 那 遙不可及 的 雲霧 山巒 一下子 變成 人們 輕易 親近 的 小 山岡,29,但是(247988) 後來(95618) 由於(88111) 中橫公路(28) 的(16029838) 開通(653) 與(968432) 霧社(2459) 支線(333) 的(16029838) 銜接(1443) 公路(7300) 一路(14840) 直通(571) 山頂(4697) 過去(88758) 那(754138) 遙不可及(756) 的(16029838) 雲霧(1382) 山巒(891) 一下子(10066) 變成(73009) 人們(77778) 輕易(10800) 親近(7508) 的(16029838) 小(318835) 山岡(132),"{'High': 28, 'Low': 1}","{'第2級': 3, '第4*級': 3, 'Unknown': 7, '第1級': 6, '第7級': 4, '第3*級': 1, '第6級': 2, '第4級': 2, '第5級': 1}",3,Y,Y,N,N
民國五十六年元旦，警備總部解除了東西橫貫公路的山地管制後，合歡山變成台灣中部重要的遊覽區，遊客可以驅車，從平路直攻山頂。,民國 五十六年 元旦 警備總部 解除 了 東西橫貫公路 的 山地 管制 後 合歡山 變成 台灣 中部 重要 的 遊覽區 遊客 可以 驅車 從 平路 直 攻 山頂,26,民國(16130) 五十六年(461) 元旦(1180) 警備總部(197) 解除(6448) 了(3199291) 東西橫貫公路(Unknown) 的(16029838) 山地(1919) 管制(5335) 後(422857) 合歡山(199) 變成(73009) 台灣(130718) 中部(3282) 重要(154863) 的(16029838) 遊覽區(24) 遊客(4899) 可以(560531) 驅車(706) 從(496546) 平路(43) 直(32801) 攻(7392) 山頂(4697),"{'High': 23, 'Low': 3}","{'Unknown': 13, '第4*級': 1, '第5級': 1, '第1級': 5, '第6級': 1, '第4級': 2, '第2級': 1, '第7級': 1, '第1*級': 1}",5,Y,N,N,N
合歡山地區經年氣候嚴寒潮濕，是全台雨量最多之處，年平均降雨量約為5300公厘，由於冷濕的特徵，使得合歡山成為全台最佳賞雪、滑雪去處。,合歡山 地區 經年 氣候 嚴寒 潮濕 是 全 台 雨量 最多 之 處 年 平均 降雨量 約為 5300 公厘 由於 冷濕 的 特徵 使得 合歡山 成為 全 台 最佳 賞 雪 滑雪 去處,33,合歡山(199) 地區(40339) 經年(433) 氣候(6752) 嚴寒(820) 潮濕(2065) 是(4642407) 全(178642) 台(29325) 雨量(394) 最多(11485) 之(875481) 處(84410) 年(514736) 平均(13871) 降雨量(187) 約為(1440) 5300(8) 公厘(82) 由於(88111) 冷濕(1) 的(16029838) 特徵(15753) 使得(30960) 合歡山(199) 成為(143834) 全(178642) 台(29325) 最佳(27224) 賞(8511) 雪(12104) 滑雪(1280) 去處(972),"{'High': 30, 'Low': 3}","{'Unknown': 13, '第4級': 5, '第7級': 1, '第1級': 3, '第2級': 4, '第5級': 5, '第4*級': 1, '第2*級': 1}",4,Y,Y,N,N
每年冬季由立霧溪引進的太平洋氣流，和蘭陽溪吹來的東北風所帶來的豐富水氣，使得合歡山雪花紛飛。,每 年 冬季 由 立霧溪 引進 的 太平洋 氣流 和 蘭陽溪 吹來 的 東北風 所 帶來 的 豐富 水氣 使得 合歡山 雪花 紛飛,23,每(333357) 年(514736) 冬季(3660) 由(208604) 立霧溪(125) 引進(6742) 的(16029838) 太平洋(4964) 氣流(1562) 和(1338337) 蘭陽溪(87) 吹來(1454) 的(16029838) 東北風(119) 所(527327) 帶來(40305) 的(16029838) 豐富(24271) 水氣(749) 使得(30960) 合歡山(199) 雪花(1632) 紛飛(659),"{'High': 22, 'Low': 1}","{'第1*級': 1, '第1級': 4, 'Unknown': 9, '第4*級': 1, '第6級': 2, '第5級': 2, '第2級': 1, '第3*級': 1, '第4級': 1, '第7級': 1}",5,Y,N,N,N
再加上合歡山山坡平緩，向風面斜度緩和，山谷口呈袋狀，於是山坡幾乎接住了所有的雪，每當雪季來臨，一層層的雪堆積出來的山谷，成為台灣唯一的滑雪場。,再 加上 合歡山 山坡 平緩 向風面 斜度 緩和 山谷口 呈 袋狀 於是 山坡 幾乎 接住 了 所有 的 雪 每當 雪季 來臨 一層層 的 雪 堆積出來 的 山谷 成為 台灣 唯一 的 滑雪場,33,再(326207) 加上(38121) 合歡山(199) 山坡(4314) 平緩(570) 向風面(Unknown) 斜度(147) 緩和(3103) 山谷口(Unknown) 呈(11604) 袋狀(20) 於是(108155) 山坡(4314) 幾乎(74298) 接住(890) 了(3199291) 所有(146771) 的(16029838) 雪(12104) 每當(7823) 雪季(30) 來臨(6978) 一層層(655) 的(16029838) 雪(12104) 堆積出來(6) 的(16029838) 山谷(4906) 成為(143834) 台灣(130718) 唯一(39149) 的(16029838) 滑雪場(98),"{'High': 27, 'Low': 6}","{'第1*級': 1, '第3級': 1, 'Unknown': 11, '第5級': 7, '第7級': 1, '第6級': 2, '第4*級': 1, '第4級': 1, '第2級': 1, '第1級': 5, '第2*級': 2}",6,Y,Y,N,N
合歡山是一年四季都可以親近的高山，太魯閣國家公園成立後，對合歡山周邊的公路維護，也投入不少心力，特別是加強護欄與拓寬路面，給了上山旅遊者，更大的安全保障。,合歡山 是 一 年 四 季 都 可以 親近 的 高山 太魯閣 國家 公園 成立 後 對 合歡山 周邊 的 公路 維護 也 投入 不少 心力 特別 是 加強 護欄 與 拓寬 路面 給 了 上山 旅遊 者 更 大 的 安全 保障,43,合歡山(199) 是(4642407) 一(3701681) 年(514736) 四(141667) 季(8122) 都(1125846) 可以(560531) 親近(7508) 的(16029838) 高山(5393) 太魯閣(1068) 國家(109166) 公園(13910) 成立(28506) 後(422857) 對(897964) 合歡山(199) 周邊(4081) 的(16029838) 公路(7300) 維護(8695) 也(1590760) 投入(18783) 不少(35256) 心力(4764) 特別(91212) 是(4642407) 加強(13098) 護欄(383) 與(968432) 拓寬(450) 路面(1702) 給(240485) 了(3199291) 上山(4033) 旅遊(8465) 者(423504) 更(361676) 大(525780) 的(16029838) 安全(35338) 保障(7072),{'High': 43},"{'Unknown': 13, '第1級': 15, '第3級': 2, '第5級': 4, '第1*級': 2, '第4*級': 3, '第3*級': 1, '第6級': 1, '第2級': 1, '第4級': 1}",3,Y,Y,N,N
夏天的合歡山，一片綠意盎然，也是絕佳的避暑勝地，而冬天的合歡山，則是銀色大地，為台灣最佳玩雪賞雪去處。,夏天 的 合歡山 一 片 綠意盎然 也 是 絕佳 的 避暑 勝地 而 冬天 的 合歡山 則 是 銀色 大地 為 台灣 最佳 玩 雪 賞 雪 去處,28,夏天(11228) 的(16029838) 合歡山(199) 一(3701681) 片(71870) 綠意盎然(237) 也(1590760) 是(4642407) 絕佳(2582) 的(16029838) 避暑(1237) 勝地(934) 而(937923) 冬天(8241) 的(16029838) 合歡山(199) 則(254096) 是(4642407) 銀色(1951) 大地(10023) 為(761341) 台灣(130718) 最佳(27224) 玩(38177) 雪(12104) 賞(8511) 雪(12104) 去處(972),{'High': 28},"{'第2級': 3, '第1級': 8, 'Unknown': 7, '第6級': 2, '第7級': 1, '第5級': 4, '第1*級': 1, '第2*級': 2}",3,Y,Y,N,N
在台灣，像合歡山這樣兼具夏之綠、冬之雪的高山，又如此富育樂功能的高山，可說是絕無僅有。,在 台灣 像 合歡山 這樣 兼具 夏 之 綠 冬 之 雪 的 高山 又 如此 富 育樂 功能 的 高山 可 說 是 絕無僅有,25,在(3284238) 台灣(130718) 像(289494) 合歡山(199) 這樣(288344) 兼具(2204) 夏(10706) 之(875481) 綠(15200) 冬(6443) 之(875481) 雪(12104) 的(16029838) 高山(5393) 又(535555) 如此(133083) 富(9312) 育樂(180) 功能(38600) 的(16029838) 高山(5393) 可(307359) 說(1285247) 是(4642407) 絕無僅有(641),{'High': 25},"{'第1*級': 3, '第1級': 5, 'Unknown': 5, '第3級': 1, '第6級': 1, '第2級': 3, '第5級': 3, '第2*級': 1, '第4級': 1, '第4*級': 1, '第7級': 1}",2,Y,N,N,N
可說是絕無僅有。,可 說 是 絕無僅有,4,可(307359) 說(1285247) 是(4642407) 絕無僅有(641),{'High': 4},"{'第4*級': 1, '第1級': 2, '第7級': 1}",1,Y,N,N,N
石門山起腳登頂容易，石門山頂有衛星控制點。,石門山 起腳 登頂 容易 石門 山頂 有 衛星 控制點,9,石門山(8) 起腳(107) 登頂(349) 容易(80831) 石門(996) 山頂(4697) 有(2217079) 衛星(3757) 控制點(16),"{'Low': 2, 'High': 7}","{'Unknown': 6, '第1級': 2, '第6級': 1}",2,Y,N,N,N
石門山：石門山的登山口，位於大禹嶺通往松雪樓的台14甲公路34公里處，海拔3461公尺，從路面起登到山頂，約五分鐘即可登頂，堪稱是合歡山群峰中，最易且最快能登頂的山峰。,石門山 石門山 的 登山口 位於 大禹嶺 通往 松雪樓 的 台 14 甲 公路 34 公里 處 海拔 3461 公尺 從 路面 起 登 到 山頂 約 五 分鐘 即可 登頂 堪稱 是 合歡山 群峰 中 最 易 且 最 快 能 登頂 的 山峰,44,石門山(8) 石門山(8) 的(16029838) 登山口(146) 位於(19612) 大禹嶺(22) 通往(6681) 松雪樓(9) 的(16029838) 台(29325) 14(7638) 甲(12216) 公路(7300) 34(2682) 公里(16646) 處(84410) 海拔(2509) 3461(1) 公尺(19233) 從(496546) 路面(1702) 起(96746) 登(6176) 到(546906) 山頂(4697) 約(47731) 五(112649) 分鐘(52479) 即可(7563) 登頂(349) 堪稱(3083) 是(4642407) 合歡山(199) 群峰(155) 中(1011729) 最(421680) 易(19189) 且(67015) 最(421680) 快(116207) 能(582260) 登頂(349) 的(16029838) 山峰(1371),"{'Low': 5, 'High': 39}","{'Unknown': 17, '第1級': 6, '第6級': 7, '第5級': 1, '第2級': 1, '第3*級': 3, '第4級': 2, '第1*級': 6, '第3級': 1}",7,Y,Y,N,N
石門山也是台灣百岳之一，很多山友經常拿石門山，做為登百岳的最終一站，或是第一站。,石門山 也 是 台灣 百岳 之 一 很多 山友 經常 拿 石門山 做為 登 百岳 的 最終 一 站 或是 第一 站,22,石門山(8) 也(1590760) 是(4642407) 台灣(130718) 百岳(15) 之(875481) 一(3701681) 很多(113128) 山友(202) 經常(49295) 拿(69263) 石門山(8) 做為(19421) 登(6176) 百岳(15) 的(16029838) 最終(18102) 一(3701681) 站(68488) 或是(75906) 第一(172544) 站(68488),"{'Low': 4, 'High': 18}","{'Unknown': 8, '第1級': 7, '第5級': 2, '第3*級': 1, '第1*級': 2, '第2級': 2}",2,Y,Y,N,N
如果從松雪樓出發到石門山頂，約需一個半小時，遊客可以驅車到登山口，停好車再攀登即可。,如果 從 松雪樓 出發到 石門 山頂 約 需 一 個 半 小時 遊客 可以 驅車到 登山口 停好 車 再 攀登 即可,21,如果(322121) 從(496546) 松雪樓(9) 出發到(98) 石門(996) 山頂(4697) 約(47731) 需(27999) 一(3701681) 個(2296574) 半(80813) 小時(48521) 遊客(4899) 可以(560531) 驅車到(Unknown) 登山口(146) 停好(291) 車(47590) 再(326207) 攀登(1737) 即可(7563),"{'High': 18, 'Low': 3}","{'第2級': 2, '第1*級': 2, 'Unknown': 8, '第3*級': 1, '第1級': 6, '第7級': 1, '第6級': 1}",4,Y,Y,N,N
石門山頂上有個「一等衛星控制點」，是國家測量與工程建設的重要依據。,石門山 頂上 有 個 一等 衛星 控制點 是 國家 測量 與 工程 建設 的 重要 依據,16,石門山(8) 頂上(1725) 有(2217079) 個(2296574) 一等(703) 衛星(3757) 控制點(16) 是(4642407) 國家(109166) 測量(9835) 與(968432) 工程(14284) 建設(11627) 的(16029838) 重要(154863) 依據(12089),"{'Low': 2, 'High': 14}","{'Unknown': 3, '第1級': 4, '第7級': 1, '第6級': 2, '第1*級': 1, '第4*級': 1, '第5級': 3, '第2級': 1}",2,Y,Y,N,N
草原健行：如果不是在雪季上合歡山，這是一條很理想的健行路線，房間也好訂，路上不會人擠人，沿途的高山草原與美麗的山地景觀，都足以令人動心。,草原 健行 如果 不 是 在 雪季 上 合歡山 這 是 一 條 很 理想 的 健行 路線 房間 也 好 訂 路 上 不會 人 擠 人 沿途 的 高山 草原 與 美麗 的 山地 景觀 都 足以 令 人 動心,42,草原(5281) 健行(742) 如果(322121) 不(2282521) 是(4642407) 在(3284238) 雪季(30) 上(1233218) 合歡山(199) 這(2114032) 是(4642407) 一(3701681) 條(115362) 很(715675) 理想(27021) 的(16029838) 健行(742) 路線(9508) 房間(44038) 也(1590760) 好(448428) 訂(5702) 路(74635) 上(1233218) 不會(173045) 人(1550512) 擠(7262) 人(1550512) 沿途(2767) 的(16029838) 高山(5393) 草原(5281) 與(968432) 美麗(24889) 的(16029838) 山地(1919) 景觀(4987) 都(1125846) 足以(18852) 令(128742) 人(1550512) 動心(900),"{'High': 41, 'Low': 1}","{'第5級': 4, '第7級': 2, '第2級': 2, '第1級': 17, '第1*級': 2, 'Unknown': 7, '第4*級': 2, '第4級': 2, '第3級': 1, '第6級': 2, '第3*級': 1}",1,Y,Y,N,N
健行路線安排，以兩天一夜行程最佳，這樣的設計，是以大禹嶺為起點，霧社為終點。,健行 路線 安排 以 兩 天 一 夜 行程 最佳 這樣 的 設計 是以 大禹嶺 為 起點 霧社 為 終點,20,健行(742) 路線(9508) 安排(30105) 以(547785) 兩(526190) 天(330413) 一(3701681) 夜(31283) 行程(5276) 最佳(27224) 這樣(288344) 的(16029838) 設計(59326) 是以(149) 大禹嶺(22) 為(761341) 起點(4147) 霧社(2459) 為(761341) 終點(3476),"{'High': 19, 'Low': 1}","{'第7級': 1, '第4級': 2, '第5級': 4, '第1級': 4, '第3*級': 1, 'Unknown': 6, '第3級': 1, '第4*級': 1}",1,Y,Y,N,N
第一天早上可從台中或花蓮，搭台汽客運中橫線，一路到大禹嶺下車，然後徒步上合歡山，大禹嶺到合歡山九公里，行經五公里，即見到克難關。,第一 天 早上 可 從 台中 或 花蓮 搭 台汽 客運 中橫線 一路 到 大禹嶺 下車 然後 徒步 上 合歡山 大禹嶺 到 合歡山 九 公里 行經 五 公里 即 見到 克難關,31,第一(172544) 天(330413) 早上(22242) 可(307359) 從(496546) 台中(3661) 或(478077) 花蓮(3554) 搭(16185) 台汽(18) 客運(709) 中橫線(1) 一路(14840) 到(546906) 大禹嶺(22) 下車(4505) 然後(156193) 徒步(1563) 上(1233218) 合歡山(199) 大禹嶺(22) 到(546906) 合歡山(199) 九(34506) 公里(16646) 行經(1016) 五(112649) 公里(16646) 即(110826) 見到(30619) 克難關(4),"{'High': 26, 'Low': 5}","{'第2級': 1, '第1級': 7, '第4*級': 2, '第1*級': 2, 'Unknown': 11, '第3級': 2, '第6級': 2, '第7級': 1, '第4級': 3}",6,Y,Y,N,N
克難關海拔3179公尺，原名鬼門關，位於中央山脈主脊東西兩側，氣流不穩定時，空氣由鞍部通過，形成強勁的風力，人車行經此地，若不小心，會有被強風吹落懸崖之虞，由克難關望下，是一片佈滿風化石的山谷。,克難關 海拔 3179 公尺 原名 鬼門關 位於 中央山脈 主脊 東西 兩 側 氣流 不 穩定 時 空氣 由 鞍部 通過 形成 強勁 的 風力 人 車 行 經 此 地 若 不 小心 會 有 被 強風 吹落 懸崖 之 虞 由 克難關 望 下 是 一 片 佈滿 風化石 的 山谷,52,克難關(4) 海拔(2509) 3179(2) 公尺(19233) 原名(1675) 鬼門關(325) 位於(19612) 中央山脈(1171) 主脊(116) 東西(139472) 兩(526190) 側(16187) 氣流(1562) 不(2282521) 穩定(19878) 時(623734) 空氣(18137) 由(208604) 鞍部(123) 通過(29652) 形成(47486) 強勁(1501) 的(16029838) 風力(633) 人(1550512) 車(47590) 行(63474) 經(38471) 此(288458) 地(754998) 若(92766) 不(2282521) 小心(24226) 會(1014977) 有(2217079) 被(540683) 強風(1146) 吹落(190) 懸崖(3118) 之(875481) 虞(1427) 由(208604) 克難關(4) 望(32727) 下(329549) 是(4642407) 一(3701681) 片(71870) 佈滿(1477) 風化石(4) 的(16029838) 山谷(4906),"{'Low': 4, 'High': 48}","{'Unknown': 19, '第6級': 6, '第4級': 2, '第1級': 11, '第4*級': 3, '第3*級': 1, '第1*級': 3, '第7級': 1, '第5級': 3, '第2級': 3}",6,Y,Y,N,N
過了克難關再走一公里，即可抵達合歡山莊(途中可順登石門山)，晚上可在此地夜宿。,過 了 克難關 再 走 一 公里 即可 抵達 合歡 山莊 途中 可 順 登 石門山 晚上 可 在 此 地 夜宿,22,過(412878) 了(3199291) 克難關(4) 再(326207) 走(128453) 一(3701681) 公里(16646) 即可(7563) 抵達(16291) 合歡(235) 山莊(2023) 途中(8114) 可(307359) 順(12826) 登(6176) 石門山(8) 晚上(42206) 可(307359) 在(3284238) 此(288458) 地(754998) 夜宿(340),"{'High': 20, 'Low': 2}","{'第1*級': 3, 'Unknown': 8, '第1級': 3, '第4級': 1, '第6級': 3, '第4*級': 2, '第5級': 2}",2,Y,N,N,N
第二天，由合歡山莊出發，往霧社方向前進，需走約一公里上坡路，即可到達武嶺。,第二 天 由 合歡 山莊 出發 往 霧社 方向 前進 需 走 約 一 公里 上坡路 即可 到達 武嶺,19,第二(98741) 天(330413) 由(208604) 合歡(235) 山莊(2023) 出發(17257) 往(95775) 霧社(2459) 方向(39560) 前進(17569) 需(27999) 走(128453) 約(47731) 一(3701681) 公里(16646) 上坡路(12) 即可(7563) 到達(15955) 武嶺(18),"{'High': 17, 'Low': 2}","{'Unknown': 5, '第1級': 3, '第4*級': 3, '第6級': 2, '第4級': 2, '第2級': 2, '第3*級': 2}",1,Y,N,N,Y
武嶺海拔3275公尺，是台灣地區公路所經過的最高點，視野非常開闊，可遠眺奇萊群峰、中央尖山、南湖大山，而合歡東峰更是近在眼前。,武嶺 海拔 3275 公尺 是 台灣 地區 公路 所 經過 的 最高點 視野 非常 開闊 可 遠眺 奇萊 群峰 中央 尖山 南湖大山 而 合歡 東峰 更 是 近在眼前,28,武嶺(18) 海拔(2509) 3275(Unknown) 公尺(19233) 是(4642407) 台灣(130718) 地區(40339) 公路(7300) 所(527327) 經過(64617) 的(16029838) 最高點(1110) 視野(7815) 非常(152032) 開闊(2794) 可(307359) 遠眺(886) 奇萊(18) 群峰(155) 中央(46180) 尖山(86) 南湖大山(29) 而(937923) 合歡(235) 東峰(29) 更(361676) 是(4642407) 近在眼前(304),"{'Low': 6, 'High': 22}","{'Unknown': 11, '第6級': 2, '第4級': 2, '第1級': 4, '第3*級': 1, '第2級': 2, '第5級': 3, '第1*級': 1, '第4*級': 1, '第7級': 1}",4,Y,Y,N,Y
武嶺一帶常有攤販聚集，販賣熱湯、茶葉蛋、香腸等，可補給後再出發。,武嶺 一帶 常有 攤販 聚集 販賣 熱湯 茶葉蛋 香腸 等 可 補給 後 再 出發,15,武嶺(18) 一帶(12544) 常有(Unknown) 攤販(935) 聚集(8764) 販賣(3252) 熱湯(277) 茶葉蛋(140) 香腸(1592) 等(327380) 可(307359) 補給(1927) 後(422857) 再(326207) 出發(17257),"{'Low': 2, 'High': 13}","{'Unknown': 4, '第4*級': 3, '第5級': 3, '第3*級': 1, '第6級': 1, '第1級': 1, '第1*級': 1, '第4級': 1}",1,Y,Y,N,Y
武嶺以下，走起來就很輕鬆，一路上都是下坡，而「黑色奇萊」群峰，位於公路左側，這座有點猙獰，但又充滿魔力般的山峰，一路上會伴著遊客直到昆陽，武嶺到昆陽約三公里，昆陽有個派出所(是台灣最高海拔的派出所，別忘記找警員合照留念)，昆陽附近也有壯麗的草原景觀，以箭竹為主要植物群。,武嶺 以下 走起來 就 很 輕鬆 一路 上 都 是 下坡 而 黑色 奇萊 群峰 位於 公路 左側 這 座 有點 猙獰 但 又 充滿 魔力 般 的 山峰 一路 上 會 伴 著 遊客 直到 昆陽 武嶺 到 昆陽 約 三 公里 昆陽 有 個 派出所 是 台灣 最 高海拔 的 派出所 別 忘記 找 警員 合照 留念 昆陽 附近 也 有 壯麗 的 草原 景觀 以 箭竹 為 主要 植物群,72,武嶺(18) 以下(29388) 走起來(191) 就(1737544) 很(715675) 輕鬆(17407) 一路(14840) 上(1233218) 都(1125846) 是(4642407) 下坡(784) 而(937923) 黑色(16240) 奇萊(18) 群峰(155) 位於(19612) 公路(7300) 左側(1950) 這(2114032) 座(49959) 有點(43275) 猙獰(823) 但(597124) 又(535555) 充滿(43990) 魔力(1595) 般(44639) 的(16029838) 山峰(1371) 一路(14840) 上(1233218) 會(1014977) 伴(3976) 著(1004687) 遊客(4899) 直到(41624) 昆陽(78) 武嶺(18) 到(546906) 昆陽(78) 約(47731) 三(313861) 公里(16646) 昆陽(78) 有(2217079) 個(2296574) 派出所(646) 是(4642407) 台灣(130718) 最(421680) 高海拔(369) 的(16029838) 派出所(646) 別(78082) 忘記(16586) 找(108128) 警員(1474) 合照(964) 留念(413) 昆陽(78) 附近(32204) 也(1590760) 有(2217079) 壯麗(1364) 的(16029838) 草原(5281) 景觀(4987) 以(547785) 箭竹(117) 為(761341) 主要(78757) 植物群(23),"{'Low': 8, 'High': 64}","{'Unknown': 25, '第3*級': 4, '第1級': 19, '第3級': 2, '第6級': 6, '第5級': 3, '第1*級': 6, '第7級': 1, '第2級': 1, '第4*級': 3, '第4級': 2}",5,Y,Y,N,Y
昆陽也是太魯閣國家公園的界碑設置點，這裡設有山岳解說牌。,昆陽 也 是 太魯閣 國家 公園 的 界碑 設置點 這裡 設有 山岳 解說牌,13,昆陽(78) 也(1590760) 是(4642407) 太魯閣(1068) 國家(109166) 公園(13910) 的(16029838) 界碑(33) 設置點(7) 這裡(100385) 設有(3503) 山岳(469) 解說牌(45),"{'Low': 4, 'High': 9}","{'Unknown': 6, '第1級': 4, '第1*級': 2, '第7級': 1}",3,Y,N,N,N
過了昆陽後，繼續走到鳶峰，這裡有南投縣風景管理所設的停車場與遊客中心，鳶峰附近的松林，又與昆陽的草原大異其趣，絕然不同的景觀，每年秋冬季節，山頭上盡是紅榨槭鮮紅欲滴的景色。,過 了 昆陽 後 繼續 走到 鳶峰 這裡 有 南投縣 風景 管理所 設 的 停車場 與 遊客 中心 鳶峰 附近 的 松林 又 與 昆陽 的 草原 大異其趣 絕然 不同 的 景觀 每 年 秋 冬 季節 山頭 上 盡 是 紅榨槭 鮮紅 欲 滴 的 景色,47,過(412878) 了(3199291) 昆陽(78) 後(422857) 繼續(80649) 走到(32033) 鳶峰(5) 這裡(100385) 有(2217079) 南投縣(780) 風景(7771) 管理所(41) 設(17537) 的(16029838) 停車場(2735) 與(968432) 遊客(4899) 中心(46076) 鳶峰(5) 附近(32204) 的(16029838) 松林(638) 又(535555) 與(968432) 昆陽(78) 的(16029838) 草原(5281) 大異其趣(450) 絕然(100) 不同(159432) 的(16029838) 景觀(4987) 每(333357) 年(514736) 秋(8970) 冬(6443) 季節(5885) 山頭(2324) 上(1233218) 盡(22391) 是(4642407) 紅榨槭(2) 鮮紅(897) 欲(27451) 滴(6729) 的(16029838) 景色(3529),"{'High': 40, 'Low': 7}","{'第1*級': 4, 'Unknown': 13, '第1級': 11, '第4級': 1, '第2*級': 2, '第3級': 4, '第4*級': 3, '第7級': 2, '第5級': 3, '第6級': 3, '第2級': 1}",5,Y,Y,N,N
下了鳶峰再行下坡路，很快可以經過海拔2506公尺的新人崗，再往下走，就可以抵達翠峰(2307公尺)。,下 了 鳶峰 再行 下坡路 很 快 可以 經過 海拔 2506 公尺 的 新人崗 再 往 下 走 就 可以 抵達 翠峰 2307 公尺,24,下(329549) 了(3199291) 鳶峰(5) 再行(601) 下坡路(146) 很(715675) 快(116207) 可以(560531) 經過(64617) 海拔(2509) 2506(Unknown) 公尺(19233) 的(16029838) 新人崗(4) 再(326207) 往(95775) 下(329549) 走(128453) 就(1737544) 可以(560531) 抵達(16291) 翠峰(37) 2307(2) 公尺(19233),"{'High': 19, 'Low': 5}","{'第1*級': 4, 'Unknown': 8, '第1級': 6, '第2級': 2, '第6級': 2, '第4級': 2}",4,Y,N,N,N
翠峰有個派出所，也是雪季上合歡山的管制站，這裡也是南投客運合歡山線的終點站，從此地搭車，可以到清境農場與霧社，也可直達埔里。,翠峰 有 個 派出所 也 是 雪季 上 合歡山 的 管制站 這裡 也 是 南投 客運 合歡山線 的 終點站 從此 地 搭 車 可以 到 清境 農場 與 霧社 也 可 直達 埔里,33,翠峰(37) 有(2217079) 個(2296574) 派出所(646) 也(1590760) 是(4642407) 雪季(30) 上(1233218) 合歡山(199) 的(16029838) 管制站(4) 這裡(100385) 也(1590760) 是(4642407) 南投(857) 客運(709) 合歡山線(Unknown) 的(16029838) 終點站(266) 從此(20476) 地(754998) 搭(16185) 車(47590) 可以(560531) 到(546906) 清境(109) 農場(4915) 與(968432) 霧社(2459) 也(1590760) 可(307359) 直達(966) 埔里(1277),"{'Low': 4, 'High': 29}","{'Unknown': 13, '第1級': 14, '第4*級': 4, '第3級': 1, '第5級': 1}",5,Y,Y,N,Y
如果時間許可，再多排一天行程，從翠峰搭車到霧社後，再轉車到廬山，泡泡溫泉，在廬山過夜後，隔天再從廬山出發，經霧社到賞楓地點的奧萬大一遊。,如果 時間 許可 再 多 排 一 天 行程 從 翠峰 搭 車 到 霧社 後 再 轉車 到 廬山 泡泡 溫泉 在 廬山 過夜 後 隔天 再 從 廬山 出發 經 霧社 到 賞 楓 地點 的 奧萬大 一 遊,41,如果(322121) 時間(213595) 許可(3389) 再(326207) 多(318992) 排(16810) 一(3701681) 天(330413) 行程(5276) 從(496546) 翠峰(37) 搭(16185) 車(47590) 到(546906) 霧社(2459) 後(422857) 再(326207) 轉車(126) 到(546906) 廬山(813) 泡泡(947) 溫泉(2435) 在(3284238) 廬山(813) 過夜(2910) 後(422857) 隔天(6370) 再(326207) 從(496546) 廬山(813) 出發(17257) 經(38471) 霧社(2459) 到(546906) 賞(8511) 楓(663) 地點(16808) 的(16029838) 奧萬大(17) 一(3701681) 遊(6316),"{'High': 39, 'Low': 2}","{'第2級': 1, '第1級': 12, '第6級': 1, '第1*級': 6, '第4級': 2, '第5級': 3, 'Unknown': 11, '第3級': 2, '第7級': 1, '第4*級': 1, '第3*級': 1}",1,Y,Y,N,N
這條路線是合歡山全系健行路線走法，雖然有點辛苦，但值得，不虛此行。,這 條 路線 是 合歡山 全 系 健行 路線 走法 雖然 有點 辛苦 但 值得 不虛此行,16,這(2114032) 條(115362) 路線(9508) 是(4642407) 合歡山(199) 全(178642) 系(4304) 健行(742) 路線(9508) 走法(241) 雖然(152988) 有點(43275) 辛苦(13451) 但(597124) 值得(34362) 不虛此行(125),{'High': 16},"{'第1級': 2, '第2級': 5, '第4級': 4, 'Unknown': 3, '第7級': 1, '第1*級': 1}",2,Y,Y,N,N
不虛此行。,不虛此行,1,不虛此行(125),{'High': 1},{'Unknown': 1},1,Y,N,N,N
台灣的山岳之美，四百多年前，葡萄牙人由太平洋遠眺時就知道，披滿蓊鬱林木的台灣，讓他們不得不發出「福爾摩沙」——美麗之島的讚嘆！,台灣 的 山岳 之 美 四百多 年 前 葡萄牙人 由 太平洋 遠眺 時 就 知道 披滿 蓊鬱 林木 的 台灣 讓 他們 不得不 發出 福爾摩沙 美麗 之 島 的 讚嘆,30,台灣(130718) 的(16029838) 山岳(469) 之(875481) 美(53380) 四百多(562) 年(514736) 前(272709) 葡萄牙人(968) 由(208604) 太平洋(4964) 遠眺(886) 時(623734) 就(1737544) 知道(343214) 披滿(5) 蓊鬱(269) 林木(818) 的(16029838) 台灣(130718) 讓(526314) 他們(716752) 不得不(19838) 發出(29993) 福爾摩沙(967) 美麗(24889) 之(875481) 島(19160) 的(16029838) 讚嘆(2509),"{'High': 29, 'Low': 1}","{'第1級': 10, '第7級': 2, '第5級': 3, '第1*級': 1, 'Unknown': 6, '第4*級': 2, '第3*級': 2, '第2級': 1, '第4級': 2, '第6級': 1}",5,Y,N,N,N
當然，感受寶島山岳之美，莫不以直接踏臨最直接。,當然 感受 寶島 山岳 之 美 莫不 以 直接 踏 臨 最 直接,13,當然(113971) 感受(30399) 寶島(617) 山岳(469) 之(875481) 美(53380) 莫不(1600) 以(547785) 直接(54798) 踏(3740) 臨(9849) 最(421680) 直接(54798),{'High': 13},"{'第2級': 1, '第5級': 4, '第7級': 2, '第1*級': 2, 'Unknown': 1, '第3級': 2, '第6級': 1}",0,Y,N,N,N
地形東西窄、南北長的台灣，中央山脈像一條綠色長龍，由東北向西南延伸，中間隆起明顯的南投縣，充分顯現「山高水長」、「在山泉水清」的自然山水特色，這也是台灣大風景區何以齊集南投的原因。,地形 東西 窄 南北 長 的 台灣 中央山脈 像 一 條 綠色 長龍 由 東北 向 西南 延伸 中間 隆起 明顯 的 南投縣 充分 顯現 山高水長 在 山泉 水 清 的 自然 山水 特色 這 也 是 台灣 大 風景區 何以 齊集 南投 的 原因,45,地形(3468) 東西(139472) 窄(2923) 南北(4305) 長(107092) 的(16029838) 台灣(130718) 中央山脈(1171) 像(289494) 一(3701681) 條(115362) 綠色(9303) 長龍(182) 由(208604) 東北(6927) 向(231672) 西南(5650) 延伸(6444) 中間(19003) 隆起(1139) 明顯(35623) 的(16029838) 南投縣(780) 充分(18210) 顯現(5473) 山高水長(38) 在(3284238) 山泉(307) 水(86260) 清(31773) 的(16029838) 自然(91995) 山水(2067) 特色(16060) 這(2114032) 也(1590760) 是(4642407) 台灣(130718) 大(525780) 風景區(498) 何以(5385) 齊集(360) 南投(857) 的(16029838) 原因(67404),"{'High': 44, 'Low': 1}","{'第5級': 5, '第1級': 13, 'Unknown': 14, '第1*級': 2, '第2級': 3, '第4*級': 2, '第6級': 3, '第3*級': 2, '第4級': 1}",4,Y,N,N,N
由觀光局主導的「台灣十大旅遊路線」，一月廿五、廿六、廿七日三天，實地組團到阿里山、玉山、合歡山三地，考察並公布這條代表「台灣山岳之美」的景點，其入選「Top10」的考量，不外如下：海拔3952公尺的玉山，名列東北亞第一高峰，不但是台灣山友心目中的「聖山」，在國際山岳界也擁有一定的知名度，韓、日山友常組團到寶島的玉山朝聖，體會「一覽眾山小」的登山享受。,由 觀光局 主導 的 台灣 十 大 旅遊 路線 一月 廿五 廿六 廿七日 三 天 實地 組團 到 阿里山 玉山 合歡山 三 地 考察 並 公布 這 條 代表 台灣 山岳 之 美 的 景點 其 入選 Top 10 的 考量 不外 如下 海拔 3952 公尺 的 玉山 名列 東北亞 第一 高峰 不但 是 台灣 山友 心目中 的 聖山 在 國際 山岳界 也 擁有 一定 的 知名度 韓 日 山友 常 組團 到 寶島 的 玉山 朝聖 體會 一 覽 眾 山 小 的 登山 享受,86,由(208604) 觀光局(144) 主導(7550) 的(16029838) 台灣(130718) 十(77415) 大(525780) 旅遊(8465) 路線(9508) 一月(8186) 廿五(244) 廿六(117) 廿七日(127) 三(313861) 天(330413) 實地(2450) 組團(228) 到(546906) 阿里山(1074) 玉山(1195) 合歡山(199) 三(313861) 地(754998) 考察(5256) 並(442790) 公布(3670) 這(2114032) 條(115362) 代表(58333) 台灣(130718) 山岳(469) 之(875481) 美(53380) 的(16029838) 景點(1844) 其(307905) 入選(888) Top(273) 10(25263) 的(16029838) 考量(9481) 不外(1038) 如下(2340) 海拔(2509) 3952(2) 公尺(19233) 的(16029838) 玉山(1195) 名列(1222) 東北亞(233) 第一(172544) 高峰(2712) 不但(40359) 是(4642407) 台灣(130718) 山友(202) 心目中(5388) 的(16029838) 聖山(154) 在(3284238) 國際(40846) 山岳界(1) 也(1590760) 擁有(55809) 一定(138695) 的(16029838) 知名度(2300) 韓(7586) 日(94041) 山友(202) 常(86207) 組團(228) 到(546906) 寶島(617) 的(16029838) 玉山(1195) 朝聖(1292) 體會(9519) 一(3701681) 覽(1106) 眾(21237) 山(54936) 小(318835) 的(16029838) 登山(2895) 享受(21312),"{'High': 84, 'Low': 2}","{'第4*級': 2, 'Unknown': 27, '第5級': 9, '第1級': 25, '第4級': 6, '第6級': 6, '第2級': 2, '第7級': 3, '第1*級': 5, '第3級': 1}",10,Y,Y,N,Y
玉山就是以「登山」的遊憩方式入選十大。,玉山 就是 以 登山 的 遊憩 方式 入選 十 大,10,玉山(1195) 就是(2943) 以(547785) 登山(2895) 的(16029838) 遊憩(195) 方式(133407) 入選(888) 十(77415) 大(525780),{'High': 10},"{'Unknown': 4, '第5級': 2, '第1級': 3, '第4*級': 1}",0,Y,Y,N,N
玉山之美在哪裡？,玉山 之 美 在 哪裡,5,玉山(1195) 之(875481) 美(53380) 在(3284238) 哪裡(39993),{'High': 5},"{'Unknown': 1, '第5級': 1, '第1*級': 2, '第1級': 1}",0,N,N,N,N
簡單的說，沿線遍佈放大的小盆栽，玉山的高海拔、低氣溫，加上時有的霜雪冰凍，植物充分利用稜線的天然屏障，堅苦的伸長枝椏，因此，每棟稜線附近的植物，莫不像小盆栽的放大，但玉山植物更具自然形態。,簡單 的 說 沿線 遍佈 放大 的 小 盆栽 玉山 的 高海拔 低 氣溫 加上 時 有 的 霜雪 冰凍 植物 充分 利用 稜線 的 天然 屏障 堅苦 的 伸長 枝椏 因此 每 棟 稜線 附近 的 植物 莫不 像 小 盆栽 的 放大 但 玉山 植物 更 具 自然 形態,51,簡單(52683) 的(16029838) 說(1285247) 沿線(574) 遍佈(832) 放大(3383) 的(16029838) 小(318835) 盆栽(891) 玉山(1195) 的(16029838) 高海拔(369) 低(32663) 氣溫(2355) 加上(38121) 時(623734) 有(2217079) 的(16029838) 霜雪(148) 冰凍(812) 植物(19121) 充分(18210) 利用(49229) 稜線(561) 的(16029838) 天然(6103) 屏障(1387) 堅苦(78) 的(16029838) 伸長(1371) 枝椏(497) 因此(184606) 每(333357) 棟(14573) 稜線(561) 附近(32204) 的(16029838) 植物(19121) 莫不(1600) 像(289494) 小(318835) 盆栽(891) 的(16029838) 放大(3383) 但(597124) 玉山(1195) 植物(19121) 更(361676) 具(41661) 自然(91995) 形態(15274),"{'High': 50, 'Low': 1}","{'第2級': 2, '第1級': 12, 'Unknown': 17, '第6級': 5, '第1*級': 4, '第4級': 2, '第3級': 1, '第3*級': 3, '第7級': 2, '第5級': 2, '第4*級': 1}",1,Y,Y,N,N
至於玉山上的雲海、日出、群峰變化及豐富的動植物景觀，都可在登山途中一一披露，目前的登玉山途徑，通常以新中橫的塔塔鞍部入山，第一天先住宿排雲山莊，第二天到玉山頂看日出，再洽八通關古道下觀高工作站過夜，腳程快的人，還可當天趕到東埔風景區，洗去登山的汙垢，清爽回程。,至於 玉山 上 的 雲海 日出 群峰 變化 及 豐富 的 動植物 景觀 都 可 在 登山 途中 一一 披露 目前 的 登 玉山 途徑 通常 以 新 中橫 的 塔塔鞍部 入山 第一 天 先 住宿 排雲 山莊 第二 天 到 玉山頂 看 日出 再 洽 八通關 古道 下 觀高 工作站 過夜 腳程 快 的 人 還 可 當天 趕到 東埔 風景區 洗去 登山 的 汙垢 清爽 回程,68,至於(39363) 玉山(1195) 上(1233218) 的(16029838) 雲海(285) 日出(1903) 群峰(155) 變化(42502) 及(304586) 豐富(24271) 的(16029838) 動植物(921) 景觀(4987) 都(1125846) 可(307359) 在(3284238) 登山(2895) 途中(8114) 一一(11524) 披露(2526) 目前(48695) 的(16029838) 登(6176) 玉山(1195) 途徑(6747) 通常(56445) 以(547785) 新(212453) 中橫(120) 的(16029838) 塔塔鞍部(Unknown) 入山(5) 第一(172544) 天(330413) 先(136649) 住宿(2271) 排雲(2) 山莊(2023) 第二(98741) 天(330413) 到(546906) 玉山頂(10) 看(444691) 日出(1903) 再(326207) 洽(1177) 八通關(389) 古道(1321) 下(329549) 觀高(Unknown) 工作站(388) 過夜(2910) 腳程(286) 快(116207) 的(16029838) 人(1550512) 還(625086) 可(307359) 當天(11728) 趕到(6131) 東埔(121) 風景區(498) 洗去(387) 登山(2895) 的(16029838) 汙垢(142) 清爽(1265) 回程(1233),"{'High': 63, 'Low': 5}","{'第5級': 6, 'Unknown': 27, '第1級': 13, '第4*級': 6, '第4級': 4, '第6級': 5, '第1*級': 5, '第7級': 1, '第2級': 1}",6,Y,Y,N,Y
由於玉山已有國家公園管理，步道整理完善，只要在有經驗的登山社團帶領下，大部分的人都可以登山方式享受台灣第一高峰的山容。,由於 玉山 已 有 國家 公園 管理 步道 整理 完善 只要 在 有 經驗 的 登山 社團 帶領 下 大部分 的 人 都 可以 登山 方式 享受 台灣 第一 高峰 的 山容,32,由於(88111) 玉山(1195) 已(215610) 有(2217079) 國家(109166) 公園(13910) 管理(54484) 步道(2650) 整理(16113) 完善(3609) 只要(99140) 在(3284238) 有(2217079) 經驗(86997) 的(16029838) 登山(2895) 社團(3615) 帶領(10447) 下(329549) 大部分(32534) 的(16029838) 人(1550512) 都(1125846) 可以(560531) 登山(2895) 方式(133407) 享受(21312) 台灣(130718) 第一(172544) 高峰(2712) 的(16029838) 山容(188),{'High': 32},"{'第4*級': 3, 'Unknown': 3, '第3級': 2, '第1級': 9, '第1*級': 4, '第5級': 5, '第4級': 2, '第6級': 2, '第2級': 2}",1,Y,Y,N,N
如果腳程不好，塔塔加遊憩區的三條大眾化步道，像鹿林山、麟趾山，一般人更可輕鬆上下，感受登山樂趣。,如果 腳程 不 好 塔塔加 遊憩區 的 三 條 大眾化 步道 像 鹿林山 麟趾山 一般人 更 可 輕鬆 上下 感受 登山 樂趣,22,如果(322121) 腳程(286) 不(2282521) 好(448428) 塔塔加(50) 遊憩區(42) 的(16029838) 三(313861) 條(115362) 大眾化(656) 步道(2650) 像(289494) 鹿林山(27) 麟趾山(Unknown) 一般人(11675) 更(361676) 可(307359) 輕鬆(17407) 上下(11503) 感受(30399) 登山(2895) 樂趣(9412),"{'High': 18, 'Low': 4}","{'第2級': 2, 'Unknown': 9, '第1級': 3, '第5級': 4, '第1*級': 1, '第4*級': 2, '第3級': 1}",6,Y,Y,N,N
如果說玉山需要「登山」能力才能攬勝，合歡山無疑是國內欣賞高山景觀，最便捷的去處，只要沿著編號台14甲公路的中橫霧社支線，一般人都可開車一路瀏覽高山鐵杉林、白枯木及箭竹林大草坡等高山景觀，省去登高跋涉之苦。,如果說 玉山 需要 登山 能力 才 能 攬勝 合歡山 無疑 是 國內 欣賞 高山 景觀 最 便捷 的 去處 只要 沿著 編號 台14甲 公路 的 中橫 霧社 支線 一般人 都 可 開車 一路 瀏覽 高山 鐵杉林 白枯木 及 箭竹林 大 草坡 等 高山 景觀 省去 登高 跋涉 之 苦,49,如果說(4466) 玉山(1195) 需要(166793) 登山(2895) 能力(93399) 才(394539) 能(582260) 攬勝(23) 合歡山(199) 無疑(9238) 是(4642407) 國內(17537) 欣賞(17817) 高山(5393) 景觀(4987) 最(421680) 便捷(519) 的(16029838) 去處(972) 只要(99140) 沿著(Unknown) 編號(1557) 台14甲(Unknown) 公路(7300) 的(16029838) 中橫(120) 霧社(2459) 支線(333) 一般人(11675) 都(1125846) 可(307359) 開車(10401) 一路(14840) 瀏覽(2375) 高山(5393) 鐵杉林(23) 白枯木(Unknown) 及(304586) 箭竹林(13) 大(525780) 草坡(160) 等(327380) 高山(5393) 景觀(4987) 省去(535) 登高(659) 跋涉(1088) 之(875481) 苦(19101),"{'High': 43, 'Low': 6}","{'Unknown': 21, '第2級': 4, '第5級': 4, '第1*級': 3, '第1級': 5, '第4級': 1, '第4*級': 2, '第6級': 5, '第3級': 1, '第3*級': 2, '第7級': 1}",7,Y,Y,N,N
台14甲公路是國內海拔最高的公路，武嶺的海拔達3275公尺，早超過了「台灣百岳」三千公尺的標準，這也是它能提供高山景觀的原因，另一方面，正因為公路的「高」，每逢冬季寒流頻催，合歡山自然形成台灣最著名的雪鄉，高山極易白頭，到合歡山賞雪一直是國內最熱門的冬季活動。,台14甲 公路 是 國內 海拔 最 高 的 公路 武嶺 的 海拔 達 3275 公尺 早 超過 了 台灣 百 岳 三千 公尺 的 標準 這 也 是 它 能 提供 高山 景觀 的 原因 另一方面 正 因為 公路 的 高 每逢 冬季 寒流 頻催 合歡山 自然 形成 台灣 最 著名 的 雪鄉 高山 極 易 白 頭 到 合歡山 賞 雪 一直 是 國內 最 熱門 的 冬季 活動,70,台14甲(Unknown) 公路(7300) 是(4642407) 國內(17537) 海拔(2509) 最(421680) 高(128858) 的(16029838) 公路(7300) 武嶺(18) 的(16029838) 海拔(2509) 達(25383) 3275(Unknown) 公尺(19233) 早(62038) 超過(30507) 了(3199291) 台灣(130718) 百(24843) 岳(1716) 三千(5525) 公尺(19233) 的(16029838) 標準(31106) 這(2114032) 也(1590760) 是(4642407) 它(316854) 能(582260) 提供(73097) 高山(5393) 景觀(4987) 的(16029838) 原因(67404) 另一方面(15696) 正(179334) 因為(425061) 公路(7300) 的(16029838) 高(128858) 每逢(2021) 冬季(3660) 寒流(453) 頻催(5) 合歡山(199) 自然(91995) 形成(47486) 台灣(130718) 最(421680) 著名(20279) 的(16029838) 雪鄉(3) 高山(5393) 極(61390) 易(19189) 白(50836) 頭(112925) 到(546906) 合歡山(199) 賞(8511) 雪(12104) 一直(119877) 是(4642407) 國內(17537) 最(421680) 熱門(2843) 的(16029838) 冬季(3660) 活動(85743),"{'Low': 5, 'High': 65}","{'Unknown': 18, '第3*級': 8, '第1級': 19, '第4級': 6, '第6級': 6, '第1*級': 8, '第4*級': 1, '第5級': 1, '第2*級': 1, '第2級': 2}",5,Y,Y,N,Y
合歡山雪季一般集中在每年一、二月，公路提供賞雪的便捷交通，當然，車胎尚需加鐵鍊才能輕鬆上下，否則以健行攬勝賞雪為主。,合歡山 雪季 一般 集中 在 每 年 一 二月 公路 提供 賞 雪 的 便捷 交通 當然 車胎 尚 需 加 鐵鍊 才 能 輕鬆 上下 否則 以 健行 攬勝 賞 雪 為主,33,合歡山(199) 雪季(30) 一般(80732) 集中(18277) 在(3284238) 每(333357) 年(514736) 一(3701681) 二月(12791) 公路(7300) 提供(73097) 賞(8511) 雪(12104) 的(16029838) 便捷(519) 交通(11639) 當然(113971) 車胎(88) 尚(26113) 需(27999) 加(28242) 鐵鍊(664) 才(394539) 能(582260) 輕鬆(17407) 上下(11503) 否則(26547) 以(547785) 健行(742) 攬勝(23) 賞(8511) 雪(12104) 為主(12900),"{'High': 30, 'Low': 3}","{'Unknown': 8, '第3*級': 2, '第4*級': 3, '第1*級': 3, '第1級': 3, '第5級': 4, '第2*級': 2, '第3級': 2, '第2級': 4, '第6級': 1, '第7級': 1}",1,Y,Y,N,N
由於台14甲公路有大禹嶺及霧社兩處入口，這兩處皆是國內熱門的大風景線，由大禹嶺入山，可欣賞中橫公路景觀，而霧社則可順便瀏覽包括奧萬大楓鄉、廬山溫泉及清境農場等國人耳熟能詳的熱門風景區，皆在以霧社為主，約十公里路程內，連遊更方便，當然，台14甲公路沿途展現的高山植物景觀，平常旅遊即相當舒服，不需等到雪季再上山。,由於 台14甲 公路 有 大禹嶺 及 霧社 兩 處 入口 這 兩 處 皆 是 國內 熱門 的 大 風景線 由 大禹嶺 入山 可 欣賞 中橫公路 景觀 而 霧社 則 可 順便 瀏覽 包括 奧萬大 楓鄉 廬山 溫泉 及 清境 農場 等 國人 耳熟能詳 的 熱門 風景區 皆 在 以 霧社 為主 約 十 公里 路程 內 連 遊 更 方便 當然 台14甲 公路 沿途 展現 的 高山 植物 景觀 平常 旅遊 即 相當 舒服 不需 等到 雪季 再 上山,80,由於(88111) 台14甲(Unknown) 公路(7300) 有(2217079) 大禹嶺(22) 及(304586) 霧社(2459) 兩(526190) 處(84410) 入口(5175) 這(2114032) 兩(526190) 處(84410) 皆(45736) 是(4642407) 國內(17537) 熱門(2843) 的(16029838) 大(525780) 風景線(69) 由(208604) 大禹嶺(22) 入山(5) 可(307359) 欣賞(17817) 中橫公路(28) 景觀(4987) 而(937923) 霧社(2459) 則(254096) 可(307359) 順便(5320) 瀏覽(2375) 包括(74410) 奧萬大(17) 楓鄉(Unknown) 廬山(813) 溫泉(2435) 及(304586) 清境(109) 農場(4915) 等(327380) 國人(4275) 耳熟能詳(964) 的(16029838) 熱門(2843) 風景區(498) 皆(45736) 在(3284238) 以(547785) 霧社(2459) 為主(12900) 約(47731) 十(77415) 公里(16646) 路程(2648) 內(183051) 連(91153) 遊(6316) 更(361676) 方便(14172) 當然(113971) 台14甲(Unknown) 公路(7300) 沿途(2767) 展現(15289) 的(16029838) 高山(5393) 植物(19121) 景觀(4987) 平常(17549) 旅遊(8465) 即(110826) 相當(66293) 舒服(15280) 不需(3707) 等到(21150) 雪季(30) 再(326207) 上山(4033),"{'High': 70, 'Low': 10}","{'第4*級': 5, 'Unknown': 26, '第3*級': 7, '第1級': 10, '第5級': 8, '第3級': 4, '第4級': 6, '第6級': 7, '第7級': 1, '第1*級': 4, '第2級': 2}",9,Y,Y,N,Y
阿里山入選「十大」則以它是台灣著名的森林遊樂區為訴求，這處日據時代台灣的三大林場，擁有極珍貴的檜木原始林，林相完整又具氣勢，在國內無出其右，即使是已遭砍伐的千年老樹，其留下來的半截樹根造型，也足夠令人徜徉再三，不比阿里山神木遜色，值得一般人安排一趟阿里山的綠色森林之旅。,阿里山 入選 十 大 則 以 它 是 台灣 著名 的 森林 遊樂區 為 訴求 這 處 日據 時代 台灣 的 三 大 林場 擁有 極 珍貴 的 檜木 原始林 林相 完整 又 具 氣勢 在 國內 無出其右 即使 是 已 遭 砍伐 的 千 年 老 樹 其 留下來 的 半 截 樹根 造型 也 足夠 令 人 徜徉 再三 不比 阿里山 神木 遜色 值得 一般人 安排 一 趟 阿里山 的 綠色 森林 之 旅,76,阿里山(1074) 入選(888) 十(77415) 大(525780) 則(254096) 以(547785) 它(316854) 是(4642407) 台灣(130718) 著名(20279) 的(16029838) 森林(14387) 遊樂區(297) 為(761341) 訴求(3497) 這(2114032) 處(84410) 日據(1340) 時代(74034) 台灣(130718) 的(16029838) 三(313861) 大(525780) 林場(204) 擁有(55809) 極(61390) 珍貴(7380) 的(16029838) 檜木(341) 原始林(57) 林相(112) 完整(19201) 又(535555) 具(41661) 氣勢(4177) 在(3284238) 國內(17537) 無出其右(11) 即使(68376) 是(4642407) 已(215610) 遭(18764) 砍伐(877) 的(16029838) 千(19677) 年(514736) 老(75373) 樹(34746) 其(307905) 留下來(6479) 的(16029838) 半(80813) 截(3726) 樹根(1159) 造型(6053) 也(1590760) 足夠(16814) 令(128742) 人(1550512) 徜徉(517) 再三(4250) 不比(138) 阿里山(1074) 神木(378) 遜色(974) 值得(34362) 一般人(11675) 安排(30105) 一(3701681) 趟(11585) 阿里山(1074) 的(16029838) 綠色(9303) 森林(14387) 之(875481) 旅(8620),"{'High': 74, 'Low': 2}","{'Unknown': 21, '第1級': 22, '第5級': 7, '第1*級': 3, '第6級': 6, '第4級': 7, '第4*級': 4, '第3*級': 1, '第3級': 1, '第7級': 3, '第2級': 1}",8,Y,Y,N,N
另一方面，因應過去林場伐木輸送的鐵道，跨谷穿山，除了提供各種不同溫度的植物景觀，及山谷雲海變化，它的「之」字型盤山鐵路設計，在全世界早已所見不多，已算世界級的人文資產，至於曹族原住民的事實，讓阿里山更增觀光魅力，這也是阿里山成為大陸人士觀光台灣兩大熱門去處(一是日月潭)的原因。,另一方面 因應 過去 林場 伐木 輸送 的 鐵道 跨 谷 穿 山 除了 提供 各 種 不同 溫度 的 植物 景觀 及 山谷 雲海 變化 它 的 之 字型 盤山 鐵路 設計 在 全 世界 早已 所 見 不 多 已 算 世界級 的 人文 資產 至於 曹族 原住民 的 事實 讓 阿里山 更 增 觀光 魅力 這 也 是 阿里山 成為 大陸 人士 觀光 台灣 兩 大 熱門 去處 一 是 日月潭 的 原因,75,另一方面(15696) 因應(6201) 過去(88758) 林場(204) 伐木(645) 輸送(1156) 的(16029838) 鐵道(1817) 跨(8128) 谷(4081) 穿(46113) 山(54936) 除了(75964) 提供(73097) 各(243023) 種(701563) 不同(159432) 溫度(6882) 的(16029838) 植物(19121) 景觀(4987) 及(304586) 山谷(4906) 雲海(285) 變化(42502) 它(316854) 的(16029838) 之(875481) 字型(475) 盤山(51) 鐵路(7088) 設計(59326) 在(3284238) 全(178642) 世界(165235) 早已(21910) 所(527327) 見(179113) 不(2282521) 多(318992) 已(215610) 算(33905) 世界級(866) 的(16029838) 人文(6474) 資產(14148) 至於(39363) 曹族(36) 原住民(9390) 的(16029838) 事實(84995) 讓(526314) 阿里山(1074) 更(361676) 增(4086) 觀光(4478) 魅力(8207) 這(2114032) 也(1590760) 是(4642407) 阿里山(1074) 成為(143834) 大陸(27031) 人士(27666) 觀光(4478) 台灣(130718) 兩(526190) 大(525780) 熱門(2843) 去處(972) 一(3701681) 是(4642407) 日月潭(635) 的(16029838) 原因(67404),"{'High': 73, 'Low': 2}","{'Unknown': 18, '第6級': 4, '第4級': 9, '第1級': 16, '第5級': 10, '第1*級': 5, '第3*級': 3, '第4*級': 2, '第2級': 6, '第3級': 2}",6,Y,Y,N,Y
目前阿里山的遊憩方式，除了傳統的祝山看日出、森林遊樂區健行外，傳統溪阿健行的眠月線鐵路站，目前亦規劃為一葉蘭生態遊憩區，適合一小時健行攬勝，可搭森林火車合併旅遊。,目前 阿里山 的 遊憩 方式 除了 傳統 的 祝山 看 日出 森林 遊樂區 健行 外 傳統 溪 阿 健行 的 眠月線 鐵路站 目前 亦 規劃為 一 葉蘭 生態 遊憩區 適合 一 小時 健行 攬勝 可 搭 森林 火車 合併 旅遊,40,目前(48695) 阿里山(1074) 的(16029838) 遊憩(195) 方式(133407) 除了(75964) 傳統(60517) 的(16029838) 祝山(8) 看(444691) 日出(1903) 森林(14387) 遊樂區(297) 健行(742) 外(109310) 傳統(60517) 溪(5385) 阿(2011) 健行(742) 的(16029838) 眠月線(2) 鐵路站(10) 目前(48695) 亦(68507) 規劃為(188) 一(3701681) 葉蘭(13) 生態(9124) 遊憩區(42) 適合(25592) 一(3701681) 小時(48521) 健行(742) 攬勝(23) 可(307359) 搭(16185) 森林(14387) 火車(13566) 合併(4520) 旅遊(8465),"{'High': 34, 'Low': 6}","{'第4級': 5, 'Unknown': 12, '第1級': 7, '第4*級': 3, '第3*級': 1, '第3級': 4, '第7級': 3, '第5級': 2, '第6級': 2, '第1*級': 1}",6,Y,N,N,N
由於阿里山與玉山皆位在新中橫公路沿線，合歡山又可經霧社、埔里由水里銜接，連遊方便，自備交通工具者，可一路體會台灣最具山岳之美的三處代表性景點，保證值得。,由於 阿里山 與 玉山 皆 位在 新 中橫公路 沿線 合歡山 又 可 經 霧社 埔里 由 水里 銜接 連 遊 方便 自備 交通 工具 者 可 一路 體會 台灣 最 具 山岳 之 美 的 三 處 代表性 景點 保證 值得,41,由於(88111) 阿里山(1074) 與(968432) 玉山(1195) 皆(45736) 位在(30) 新(212453) 中橫公路(28) 沿線(574) 合歡山(199) 又(535555) 可(307359) 經(38471) 霧社(2459) 埔里(1277) 由(208604) 水里(172) 銜接(1443) 連(91153) 遊(6316) 方便(14172) 自備(456) 交通(11639) 工具(26319) 者(423504) 可(307359) 一路(14840) 體會(9519) 台灣(130718) 最(421680) 具(41661) 山岳(469) 之(875481) 美(53380) 的(16029838) 三(313861) 處(84410) 代表性(3248) 景點(1844) 保證(17492) 值得(34362),"{'High': 39, 'Low': 2}","{'第4*級': 6, 'Unknown': 15, '第5級': 4, '第1級': 4, '第1*級': 4, '第7級': 2, '第3*級': 1, '第3級': 1, '第4級': 2, '第6級': 2}",4,Y,Y,N,N
民生報「台灣十大旅遊」製作小組，為了有系統呈現「台灣山岳之旅」的特色，每一處山岳代表景點，皆以「人文‧景觀篇」與實用的「旅遊資訊篇」分別介紹，遊憩規劃則偏重大眾化健行或旅遊路線，像玉山以塔塔加遊憩路線為主，阿里山另有眠月線介紹，合歡山則推薦台14甲的公路旅遊，提供你深刻體會台灣山岳之旅的特殊風情。,民生報 台灣 十 大 旅遊 製作 小組 為了 有 系統 呈現 台灣 山岳 之 旅 的 特色 每 一 處 山岳 代表 景點 皆 以 人文 景觀篇 與 實用 的 旅遊 資訊篇 分別 介紹 遊憩 規劃 則 偏重 大眾化 健行 或 旅遊 路線 像 玉山 以 塔塔加 遊憩 路線 為主 阿里山 另 有 眠月線 介紹 合歡山 則 推薦 台14甲 的 公路 旅遊 提供 你 深刻 體會 台灣 山岳 之 旅 的 特殊 風情,73,民生報(175) 台灣(130718) 十(77415) 大(525780) 旅遊(8465) 製作(26135) 小組(12825) 為了(Unknown) 有(2217079) 系統(67366) 呈現(26810) 台灣(130718) 山岳(469) 之(875481) 旅(8620) 的(16029838) 特色(16060) 每(333357) 一(3701681) 處(84410) 山岳(469) 代表(58333) 景點(1844) 皆(45736) 以(547785) 人文(6474) 景觀篇(Unknown) 與(968432) 實用(7004) 的(16029838) 旅遊(8465) 資訊篇(Unknown) 分別(25566) 介紹(26468) 遊憩(195) 規劃(14663) 則(254096) 偏重(955) 大眾化(656) 健行(742) 或(478077) 旅遊(8465) 路線(9508) 像(289494) 玉山(1195) 以(547785) 塔塔加(50) 遊憩(195) 路線(9508) 為主(12900) 阿里山(1074) 另(138369) 有(2217079) 眠月線(2) 介紹(26468) 合歡山(199) 則(254096) 推薦(11283) 台14甲(Unknown) 的(16029838) 公路(7300) 旅遊(8465) 提供(73097) 你(1414837) 深刻(16783) 體會(9519) 台灣(130718) 山岳(469) 之(875481) 旅(8620) 的(16029838) 特殊(28606) 風情(1988),"{'High': 67, 'Low': 6}","{'Unknown': 17, '第1級': 13, '第4級': 9, '第5級': 13, '第6級': 4, '第7級': 5, '第1*級': 4, '第4*級': 5, '第3級': 2, '第3*級': 1}",9,Y,Y,N,Y
提供你深刻體會台灣山岳之旅的特殊風情。,提供 你 深刻 體會 台灣 山岳 之 旅 的 特殊 風情,11,提供(73097) 你(1414837) 深刻(16783) 體會(9519) 台灣(130718) 山岳(469) 之(875481) 旅(8620) 的(16029838) 特殊(28606) 風情(1988),{'High': 11},"{'第4*級': 2, '第1級': 3, '第5級': 3, '第7級': 1, 'Unknown': 1, '第6級': 1}",0,Y,N,N,N
目前攀登玉山的主要路線，是從塔塔加鞍部沿著玉山西峰山腰的步道，經排雲山莊，從玉山主峰西北側登上峰頂。,目前 攀登 玉山 的 主要 路線 是 從 塔塔加 鞍部 沿著 玉山 西峰 山腰 的 步道 經 排雲 山莊 從 玉山 主峰 西北側 登上 峰頂,25,目前(48695) 攀登(1737) 玉山(1195) 的(16029838) 主要(78757) 路線(9508) 是(4642407) 從(496546) 塔塔加(50) 鞍部(123) 沿著(Unknown) 玉山(1195) 西峰(32) 山腰(693) 的(16029838) 步道(2650) 經(38471) 排雲(2) 山莊(2023) 從(496546) 玉山(1195) 主峰(206) 西北側(28) 登上(6844) 峰頂(217),"{'High': 20, 'Low': 5}","{'第4級': 3, '第7級': 2, 'Unknown': 13, '第1級': 3, '第1*級': 2, '第5級': 1, '第6級': 1}",2,Y,N,N,Y
這條路線也就是所謂的塔塔加步道傳統路線，大部分的登山隊伍都是由這條途徑原路往返玉山。,這 條 路線 也 就 是 所謂 的 塔塔加 步道 傳統 路線 大部分 的 登山 隊伍 都 是 由 這 條 途徑 原路 往返 玉山,25,這(2114032) 條(115362) 路線(9508) 也(1590760) 就(1737544) 是(4642407) 所謂(59460) 的(16029838) 塔塔加(50) 步道(2650) 傳統(60517) 路線(9508) 大部分(32534) 的(16029838) 登山(2895) 隊伍(7975) 都(1125846) 是(4642407) 由(208604) 這(2114032) 條(115362) 途徑(6747) 原路(500) 往返(2054) 玉山(1195),"{'High': 24, 'Low': 1}","{'第1級': 9, '第2級': 2, '第4級': 2, '第5級': 4, 'Unknown': 4, '第3級': 1, '第4*級': 1, '第6級': 2}",2,Y,N,N,N
塔塔加步道路線，從塔塔加鞍部登山口起算，到玉山主峰頂的距離，是十一公里，但是登山者還要加上從上東埔新中橫公路到塔塔加鞍部的三公里道路，實際的全部步程是單程十四公里。,塔塔加 步道 路線 從 塔塔加 鞍部 登山口 起算 到 玉山 主峰 頂 的 距離 是 十一 公里 但是 登山 者 還要 加上 從 上東埔 新 中橫公路 到 塔塔加 鞍部 的 三 公里 道路 實際 的 全部 步程 是 單程 十四 公里,41,塔塔加(50) 步道(2650) 路線(9508) 從(496546) 塔塔加(50) 鞍部(123) 登山口(146) 起算(100) 到(546906) 玉山(1195) 主峰(206) 頂(16472) 的(16029838) 距離(27644) 是(4642407) 十一(9141) 公里(16646) 但是(247988) 登山(2895) 者(423504) 還要(6725) 加上(38121) 從(496546) 上東埔(Unknown) 新(212453) 中橫公路(28) 到(546906) 塔塔加(50) 鞍部(123) 的(16029838) 三(313861) 公里(16646) 道路(15812) 實際(52755) 的(16029838) 全部(34039) 步程(16) 是(4642407) 單程(210) 十四(9837) 公里(16646),"{'Low': 7, 'High': 34}","{'Unknown': 17, '第5級': 3, '第4級': 5, '第1*級': 2, '第1級': 9, '第2級': 2, '第3級': 1, '第4*級': 2}",6,Y,Y,N,N
這條登山步道，最早是日據時期在一九二六年九月從鹿林山開始動工闢建，為阿里山通往玉山的登山步道主線，於當年十一月完工，此後即吸引大量登山遊客，登上台灣最高峰已成為健行式活動的路線，從塔塔加登山口往返主峰的行程共二十八公里。,這 條 登山 步道 最早 是 日據 時期 在 一九二六年 九月 從 鹿林山 開始 動工 闢建 為 阿里山 通往 玉山 的 登山 步道 主線 於 當年 十一月 完工 此後 即 吸引 大量 登山 遊客 登上 台灣 最高峰 已 成為 健行式 活動 的 路線 從 塔塔加 登山口 往返 主峰 的 行程 共 二十八 公里,53,這(2114032) 條(115362) 登山(2895) 步道(2650) 最早(9441) 是(4642407) 日據(1340) 時期(47839) 在(3284238) 一九二六年(803) 九月(15070) 從(496546) 鹿林山(27) 開始(245562) 動工(737) 闢建(145) 為(761341) 阿里山(1074) 通往(6681) 玉山(1195) 的(16029838) 登山(2895) 步道(2650) 主線(497) 於(327210) 當年(25091) 十一月(12863) 完工(2319) 此後(6678) 即(110826) 吸引(20619) 大量(28414) 登山(2895) 遊客(4899) 登上(6844) 台灣(130718) 最高峰(716) 已(215610) 成為(143834) 健行式(Unknown) 活動(85743) 的(16029838) 路線(9508) 從(496546) 塔塔加(50) 登山口(146) 往返(2054) 主峰(206) 的(16029838) 行程(5276) 共(32138) 二十八(3121) 公里(16646),"{'High': 50, 'Low': 3}","{'第1級': 6, '第2級': 3, '第5級': 10, 'Unknown': 19, '第4*級': 3, '第1*級': 4, '第7級': 1, '第6級': 3, '第4級': 3, '第3級': 1}",9,Y,N,N,N
台灣光復後，林務局於一九四三年、一九六七年先後整建位於西峰山麓的排雲山莊，並且整修登山步道途中的棧道、橋樑，服務登山遊客。,台灣 光復 後 林務局 於 一九四三年 一九六七年 先後 整建 位於 西峰 山麓 的 排雲 山莊 並且 整修 登山 步道 途中 的 棧道 橋樑 服務 登山 遊客,26,台灣(130718) 光復(1971) 後(422857) 林務局(149) 於(327210) 一九四三年(970) 一九六七年(1100) 先後(8709) 整建(336) 位於(19612) 西峰(32) 山麓(919) 的(16029838) 排雲(2) 山莊(2023) 並且(60996) 整修(1502) 登山(2895) 步道(2650) 途中(8114) 的(16029838) 棧道(425) 橋樑(2141) 服務(38055) 登山(2895) 遊客(4899),"{'High': 24, 'Low': 2}","{'第1級': 4, '第7級': 2, 'Unknown': 9, '第5級': 5, '第6級': 4, '第4級': 1, '第3級': 1}",3,Y,Y,N,Y
到一九八五年玉山國家公園管理處成立以後，又多次整建登山步道及相關設施，不過排雲山莊仍歸屬林務局管理，僅能提供簡單的住宿床位服務，距先進國家的山岳觀光服務水準仍差了一大截，遊客須自備餐飲食物上山。,到 一九八五年 玉山 國家 公園 管理處 成立 以後 又 多 次 整建 登山 步道 及 相關 設施 不過 排雲 山莊 仍 歸屬 林務局 管理 僅 能 提供 簡單 的 住宿 床位 服務 距 先進 國家 的 山岳 觀光 服務 水準 仍 差 了 一 大 截 遊客 須 自備 餐飲 食物 上山,52,到(546906) 一九八五年(1853) 玉山(1195) 國家(109166) 公園(13910) 管理處(506) 成立(28506) 以後(71883) 又(535555) 多(318992) 次(331701) 整建(336) 登山(2895) 步道(2650) 及(304586) 相關(41599) 設施(5472) 不過(186226) 排雲(2) 山莊(2023) 仍(92056) 歸屬(1872) 林務局(149) 管理(54484) 僅(30739) 能(582260) 提供(73097) 簡單(52683) 的(16029838) 住宿(2271) 床位(396) 服務(38055) 距(4162) 先進(6427) 國家(109166) 的(16029838) 山岳(469) 觀光(4478) 服務(38055) 水準(9940) 仍(92056) 差(23865) 了(3199291) 一(3701681) 大(525780) 截(3726) 遊客(4899) 須(17260) 自備(456) 餐飲(1047) 食物(41958) 上山(4033),"{'High': 51, 'Low': 1}","{'第1級': 6, 'Unknown': 13, '第1*級': 6, '第4*級': 4, '第2級': 3, '第5級': 6, '第6級': 3, '第4級': 5, '第7級': 2, '第3級': 4}",3,Y,Y,N,Y
由於排雲山莊的住宿床位有限，有些腳程較快的登山者，會安排以當天往返的行程，從上東埔往返玉山主峰，不過大部分的登山隊伍，是以兩天一夜的行程來走完。,由於 排雲 山莊 的 住宿 床位 有限 有些 腳程 較 快 的 登山 者 會 安排 以 當天 往返 的 行程 從 上東埔 往返 玉山 主峰 不過 大部分 的 登山 隊伍 是 以 兩 天 一 夜 的 行程 來 走完,41,由於(88111) 排雲(2) 山莊(2023) 的(16029838) 住宿(2271) 床位(396) 有限(17290) 有些(6971) 腳程(286) 較(78424) 快(116207) 的(16029838) 登山(2895) 者(423504) 會(1014977) 安排(30105) 以(547785) 當天(11728) 往返(2054) 的(16029838) 行程(5276) 從(496546) 上東埔(Unknown) 往返(2054) 玉山(1195) 主峰(206) 不過(186226) 大部分(32534) 的(16029838) 登山(2895) 隊伍(7975) 是(4642407) 以(547785) 兩(526190) 天(330413) 一(3701681) 夜(31283) 的(16029838) 行程(5276) 來(742183) 走完(1324),"{'High': 39, 'Low': 2}","{'第4*級': 2, 'Unknown': 10, '第6級': 3, '第1級': 10, '第5級': 9, '第2級': 2, '第1*級': 3, '第4級': 1, '第3*級': 1}",2,Y,Y,N,Y
從塔塔加鞍部上山，到玉山前峰的登山口是二點七公里，再到排雲山莊是五點八公里。,從 塔塔加 鞍部 上山 到 玉山 前峰 的 登山口 是 二點七 公里 再 到 排雲 山莊 是 五點八 公里,19,從(496546) 塔塔加(50) 鞍部(123) 上山(4033) 到(546906) 玉山(1195) 前峰(28) 的(16029838) 登山口(146) 是(4642407) 二點七(21) 公里(16646) 再(326207) 到(546906) 排雲(2) 山莊(2023) 是(4642407) 五點八(9) 公里(16646),"{'High': 14, 'Low': 5}","{'第1*級': 2, 'Unknown': 9, '第1級': 5, '第4級': 2, '第6級': 1}",4,Y,N,N,Y
一般的行程是上午出發，下午抵達排雲山莊休息、宿夜，這段步程大約是五至八小時。,一般 的 行程 是 上午 出發 下午 抵達 排雲 山莊 休息 宿夜 這 段 步程 大約 是 五 至 八 小時,21,一般(80732) 的(16029838) 行程(5276) 是(4642407) 上午(6241) 出發(17257) 下午(20045) 抵達(16291) 排雲(2) 山莊(2023) 休息(20958) 宿夜(15) 這(2114032) 段(95980) 步程(16) 大約(27064) 是(4642407) 五(112649) 至(101530) 八(54961) 小時(48521),"{'High': 18, 'Low': 3}","{'第3*級': 1, '第1級': 9, '第5級': 2, '第4級': 2, '第6級': 2, 'Unknown': 3, '第1*級': 1, '第4*級': 1}",0,Y,Y,N,Y
第二天走八百公尺到南峰叉路口，再走一點四公里，經過危險的風口路段，陡升三百公尺，大約二至三小時，就可以登上海拔3952公尺的主峰山頂了。,第二 天 走 八百 公尺 到 南峰 叉路口 再 走 一點四 公里 經過 危險 的 風口 路段 陡升 三百 公尺 大約 二 至 三 小時 就 可以 登上 海拔 3952 公尺 的 主峰 山頂 了,35,第二(98741) 天(330413) 走(128453) 八百(2164) 公尺(19233) 到(546906) 南峰(53) 叉路口(Unknown) 再(326207) 走(128453) 一點四(26) 公里(16646) 經過(64617) 危險(30190) 的(16029838) 風口(80) 路段(665) 陡升(42) 三百(6433) 公尺(19233) 大約(27064) 二(152494) 至(101530) 三(313861) 小時(48521) 就(1737544) 可以(560531) 登上(6844) 海拔(2509) 3952(2) 公尺(19233) 的(16029838) 主峰(206) 山頂(4697) 了(3199291),"{'High': 29, 'Low': 6}","{'Unknown': 13, '第1級': 11, '第4級': 4, '第1*級': 1, '第2級': 1, '第3級': 1, '第5級': 2, '第4*級': 1, '第6級': 1}",3,Y,Y,N,N
就可以登上海拔3952公尺的主峰山頂了。,就 可以 登上 海拔 3952 公尺 的 主峰 山頂 了,10,就(1737544) 可以(560531) 登上(6844) 海拔(2509) 3952(2) 公尺(19233) 的(16029838) 主峰(206) 山頂(4697) 了(3199291),"{'High': 9, 'Low': 1}","{'第1級': 3, 'Unknown': 5, '第6級': 1, '第4級': 1}",1,Y,N,N,N
森林火車之外另有多線班車可到達，行前先探聽清楚。,森林 火車 之外 另 有 多 線 班車 可 到達 行 前 先 探聽 清楚,15,森林(14387) 火車(13566) 之外(45757) 另(138369) 有(2217079) 多(318992) 線(17703) 班車(357) 可(307359) 到達(15955) 行(63474) 前(272709) 先(136649) 探聽(809) 清楚(76185),{'High': 15},"{'第4級': 2, '第1*級': 2, 'Unknown': 3, '第3級': 1, '第1級': 3, '第4*級': 2, '第7級': 1, '第2級': 1}",0,Y,N,N,N
上阿里山的交通有很多種選擇，如果時間充裕，又喜愛體驗火車之旅，可以考慮搭阿里山森林火車上山。,上 阿里山 的 交通 有 很多 種 選擇 如果 時間 充裕 又 喜愛 體驗 火車 之 旅 可以 考慮 搭 阿里山 森林 火車 上山,24,上(1233218) 阿里山(1074) 的(16029838) 交通(11639) 有(2217079) 很多(113128) 種(701563) 選擇(75178) 如果(322121) 時間(213595) 充裕(1386) 又(535555) 喜愛(12200) 體驗(15945) 火車(13566) 之(875481) 旅(8620) 可以(560531) 考慮(28774) 搭(16185) 阿里山(1074) 森林(14387) 火車(13566) 上山(4033),{'High': 24},"{'第1級': 5, 'Unknown': 6, '第3級': 2, '第3*級': 1, '第2級': 1, '第6級': 1, '第1*級': 3, '第4級': 3, '第5級': 2}",2,Y,Y,N,N
阿里山森林火車由林務局經營，過去在阿里山公路未通車前，是上阿里山唯一的交通工具，但現在經營日趨沒落，只象徵性地一天對開一班次，嘉義至阿里山(上山線)是下午一點三十分開出，阿里山至嘉義(下山線)是下午一點二十分開出。,阿里山 森林 火車 由 林務局 經營 過去 在 阿里山 公路 未 通車 前 是 上 阿里山 唯一 的 交通 工具 但 現在 經營 日趨 沒落 只 象徵性 地 一 天 對開 一 班次 嘉義 至 阿里山 上 山線 是 下午 一點 三十分 開出 阿里山 至 嘉義 下 山線 是 下午 一點 二十分 開出,53,阿里山(1074) 森林(14387) 火車(13566) 由(208604) 林務局(149) 經營(39913) 過去(88758) 在(3284238) 阿里山(1074) 公路(7300) 未(101927) 通車(587) 前(272709) 是(4642407) 上(1233218) 阿里山(1074) 唯一(39149) 的(16029838) 交通(11639) 工具(26319) 但(597124) 現在(218744) 經營(39913) 日趨(1652) 沒落(1901) 只(436725) 象徵性(1984) 地(754998) 一(3701681) 天(330413) 對開(59) 一(3701681) 班次(377) 嘉義(2515) 至(101530) 阿里山(1074) 上(1233218) 山線(114) 是(4642407) 下午(20045) 一點(90745) 三十分(802) 開出(2147) 阿里山(1074) 至(101530) 嘉義(2515) 下(329549) 山線(114) 是(4642407) 下午(20045) 一點(90745) 二十分(250) 開出(2147),"{'High': 52, 'Low': 1}","{'Unknown': 17, '第4級': 3, '第1*級': 6, '第4*級': 1, '第5級': 6, '第3*級': 2, '第6級': 3, '第1級': 13, '第3級': 1, '第2級': 1}",9,Y,Y,N,N
在星期六、日另有加班車，從嘉義開出，時間是十二點半。,在 星期六 日 另 有 加班車 從 嘉義 開出 時間 是 十二點 半,13,在(3284238) 星期六(2899) 日(94041) 另(138369) 有(2217079) 加班車(2) 從(496546) 嘉義(2515) 開出(2147) 時間(213595) 是(4642407) 十二點(1488) 半(80813),"{'High': 12, 'Low': 1}","{'第1*級': 2, 'Unknown': 5, '第1級': 5, '第3級': 1}",3,Y,N,N,N
阿里山森林火車時間，常會調整，最好在搭乘前，先打電話詢問，行車時間三個半小時。,阿里山 森林 火車 時間 常 會 調整 最好 在 搭乘 前 先 打電話 詢問 行車 時間 三 個 半 小時,20,阿里山(1074) 森林(14387) 火車(13566) 時間(213595) 常(86207) 會(1014977) 調整(18900) 最好(22016) 在(3284238) 搭乘(4116) 前(272709) 先(136649) 打電話(17221) 詢問(12467) 行車(413) 時間(213595) 三(313861) 個(2296574) 半(80813) 小時(48521),{'High': 20},"{'Unknown': 3, '第4級': 1, '第1*級': 5, '第1級': 7, '第4*級': 1, '第3級': 1, '第5級': 2}",2,Y,N,N,N
查詢電話：嘉義北門站2768094。,查詢 電話 嘉義 北門站 2768094,5,查詢(1750) 電話(38698) 嘉義(2515) 北門站(7) 2768094(Unknown),"{'High': 3, 'Low': 2}","{'第6級': 1, '第1級': 1, 'Unknown': 3}",2,Y,N,N,N
阿里山站2679833。,阿里山站 2679833,2,阿里山站(2) 2679833(Unknown),{'Low': 2},{'Unknown': 2},2,N,N,N,N
員林客運經營阿里山至水里線。,員林 客運 經營 阿里山 至 水里線,6,員林(200) 客運(709) 經營(39913) 阿里山(1074) 至(101530) 水里線(Unknown),"{'High': 5, 'Low': 1}","{'Unknown': 3, '第4*級': 1, '第5級': 2}",2,Y,Y,N,N
水里往阿里山是上午九點十分發車，阿里山往水里是下午二點半發車。,水里 往 阿里山 是 上午 九點 十分 發車 阿里山 往 水里 是 下午 二點半 發車,15,水里(172) 往(95775) 阿里山(1074) 是(4642407) 上午(6241) 九點(2467) 十分(63196) 發車(161) 阿里山(1074) 往(95775) 水里(172) 是(4642407) 下午(20045) 二點半(41) 發車(161),"{'High': 14, 'Low': 1}","{'Unknown': 8, '第2級': 2, '第1級': 4, '第4級': 1}",3,Y,N,N,N
票價二百一十七元，倚靠點有自忠、塔塔加、夫妻樹、草坪頭、和社、信義站。,票價 二百一十七 元 倚靠點 有 自忠 塔塔加 夫妻樹 草坪頭 和社 信義站,11,票價(643) 二百一十七(7) 元(60807) 倚靠點(Unknown) 有(2217079) 自忠(24) 塔塔加(50) 夫妻樹(9) 草坪頭(Unknown) 和社(11) 信義站(Unknown),"{'High': 3, 'Low': 8}","{'Unknown': 9, '第1級': 2}",6,Y,N,N,N
但員林客運並非天天有班車，除了例假日正常外，一般時間有時不發車。,但 員林 客運 並非 天天 有 班車 除了 例假日 正常 外 一般 時間 有時 不 發車,16,但(597124) 員林(200) 客運(709) 並非(6540) 天天(7694) 有(2217079) 班車(357) 除了(75964) 例假日(128) 正常(28865) 外(109310) 一般(80732) 時間(213595) 有時(47894) 不(2282521) 發車(161),{'High': 16},"{'第2級': 1, 'Unknown': 6, '第4*級': 1, '第1級': 4, '第3*級': 3, '第1*級': 1}",1,Y,Y,N,N
出發前請先電詢員林客運770041。,出發 前 請 先 電詢 員林 客運 770041,8,出發(17257) 前(272709) 請(120629) 先(136649) 電詢(19) 員林(200) 客運(709) 770041(Unknown),"{'High': 6, 'Low': 2}","{'第4級': 1, '第1級': 2, '第1*級': 1, 'Unknown': 3, '第4*級': 1}",1,Y,N,N,N
台汽客運經營北、中、南部都市民眾前往阿里山的班車，出車較正常。,台汽 客運 經營 北 中 南部 都市 民眾 前往 阿里山 的 班車 出車 較 正常,15,台汽(18) 客運(709) 經營(39913) 北(20351) 中(1011729) 南部(5775) 都市(9548) 民眾(17097) 前往(27321) 阿里山(1074) 的(16029838) 班車(357) 出車(18) 較(78424) 正常(28865),"{'Low': 2, 'High': 13}","{'Unknown': 6, '第4*級': 2, '第5級': 2, '第2級': 2, '第4級': 1, '第1級': 1, '第3*級': 1}",1,Y,N,N,N
台北—阿里山線，在頭份休息靠站，每天僅一班，早上開出。,台北 阿里 山線 在 頭份 休息 靠 站 每 天 僅 一 班 早上 開出,15,台北(22242) 阿里(2941) 山線(114) 在(3284238) 頭份(73) 休息(20958) 靠(51323) 站(68488) 每(333357) 天(330413) 僅(30739) 一(3701681) 班(20733) 早上(22242) 開出(2147),"{'High': 14, 'Low': 1}","{'Unknown': 5, '第1*級': 4, '第4級': 1, '第1級': 3, '第5級': 1, '第2級': 1}",0,Y,N,N,Y
彰化、台中—阿里山線，每天一班，但經常停駛。,彰化 台中 阿里 山線 每 天 一 班 但 經常 停駛,11,彰化(2603) 台中(3661) 阿里(2941) 山線(114) 每(333357) 天(330413) 一(3701681) 班(20733) 但(597124) 經常(49295) 停駛(117),{'High': 11},"{'Unknown': 5, '第1*級': 1, '第1級': 2, '第2級': 2, '第3*級': 1}",0,Y,Y,N,Y
台南、高雄—阿里山線，周六上午兩班，周日一班，其他時間不發車，從高雄站發出，在台南站停靠，櫻花季有專車。,台南 高雄 阿里山線 周六 上午 兩 班 周日 一 班 其他 時間 不 發車 從 高雄站 發出 在 台南站 停靠 櫻花 季 有 專車,24,台南(4016) 高雄(4674) 阿里山線(1) 周六(104) 上午(6241) 兩(526190) 班(20733) 周日(143) 一(3701681) 班(20733) 其他(189445) 時間(213595) 不(2282521) 發車(161) 從(496546) 高雄站(4) 發出(29993) 在(3284238) 台南站(14) 停靠(864) 櫻花(1443) 季(8122) 有(2217079) 專車(345),"{'High': 21, 'Low': 3}","{'Unknown': 10, '第1級': 6, '第2級': 3, '第1*級': 2, '第4*級': 1, '第7級': 1, '第3級': 1}",3,Y,N,N,N
遊客出發前，仍宜先打電話洽詢最新時間為宜。,遊客 出發 前 仍 宜 先 打電話 洽詢 最 新 時間 為宜,12,遊客(4899) 出發(17257) 前(272709) 仍(92056) 宜(7123) 先(136649) 打電話(17221) 洽詢(142) 最(421680) 新(212453) 時間(213595) 為宜(632),{'High': 12},"{'Unknown': 4, '第4級': 2, '第1級': 3, '第1*級': 2, '第7級': 1}",1,Y,N,N,N
台汽台北西站3119893、台中干城站2125093、台中站2203837、高雄站5515796、阿里山站2679903。,台汽 台北 西站 3119893 台中 干城站 2125093 台中站 2203837 高雄站 5515796 阿里山站 2679903,13,台汽(18) 台北(22242) 西站(25) 3119893(Unknown) 台中(3661) 干城站(Unknown) 2125093(Unknown) 台中站(19) 2203837(Unknown) 高雄站(4) 5515796(Unknown) 阿里山站(2) 2679903(Unknown),"{'Low': 11, 'High': 2}",{'Unknown': 13},9,N,N,N,N
此外，嘉義縣公車，每天從早上八點半起，一天有五班車，行駛嘉義到阿里山，行車時間二個半小時。,此外 嘉義縣 公車 每 天 從 早上 八點半 起 一 天 有 五 班 車 行駛 嘉義 到 阿里山 行車 時間 二 個 半 小時,25,此外(30247) 嘉義縣(614) 公車(4473) 每(333357) 天(330413) 從(496546) 早上(22242) 八點半(411) 起(96746) 一(3701681) 天(330413) 有(2217079) 五(112649) 班(20733) 車(47590) 行駛(2413) 嘉義(2515) 到(546906) 阿里山(1074) 行車(413) 時間(213595) 二(152494) 個(2296574) 半(80813) 小時(48521),{'High': 25},"{'第5級': 1, 'Unknown': 5, '第1*級': 3, '第1級': 13, '第3*級': 1, '第2級': 1, '第6級': 1}",3,Y,Y,N,N
可電詢2238372、2679922。,可 電詢 2238372 2679922,4,可(307359) 電詢(19) 2238372(Unknown) 2679922(Unknown),"{'High': 1, 'Low': 3}","{'第4*級': 1, 'Unknown': 3}",2,Y,N,N,N
在賞日出方面，從阿里山開往祝山的「觀日火車」，一年四季發車時間不一，以日出時間彈性調整，行車時間半小時，遊客可以在賞日出前一天晚上，先洽詢飯店人員，查清楚火車開車時間，原則上一天多班。,在 賞 日出 方面 從 阿里山 開往 祝山 的 觀日 火車 一 年 四 季 發車 時間 不一 以 日出 時間 彈性 調整 行車 時間 半 小時 遊客 可以 在 賞 日出 前 一 天 晚上 先 洽詢 飯店 人員 查 清楚 火車 開車 時間 原則上 一 天 多 班,50,在(3284238) 賞(8511) 日出(1903) 方面(75079) 從(496546) 阿里山(1074) 開往(855) 祝山(8) 的(16029838) 觀日(24) 火車(13566) 一(3701681) 年(514736) 四(141667) 季(8122) 發車(161) 時間(213595) 不一(3317) 以(547785) 日出(1903) 時間(213595) 彈性(8540) 調整(18900) 行車(413) 時間(213595) 半(80813) 小時(48521) 遊客(4899) 可以(560531) 在(3284238) 賞(8511) 日出(1903) 前(272709) 一(3701681) 天(330413) 晚上(42206) 先(136649) 洽詢(142) 飯店(9669) 人員(49261) 查(8802) 清楚(76185) 火車(13566) 開車(10401) 時間(213595) 原則上(198) 一(3701681) 天(330413) 多(318992) 班(20733),"{'High': 48, 'Low': 2}","{'第1*級': 7, '第5級': 6, '第4*級': 4, '第3*級': 1, 'Unknown': 9, '第1級': 18, '第3級': 2, '第2*級': 1, '第2級': 2}",2,Y,N,N,N
阿里山—眠月線，行車時間半小時，一天僅上午、下午各一班車。,阿里山 眠月線 行車 時間 半 小時 一 天 僅 上午 下午 各 一 班車,14,阿里山(1074) 眠月線(2) 行車(413) 時間(213595) 半(80813) 小時(48521) 一(3701681) 天(330413) 僅(30739) 上午(6241) 下午(20045) 各(243023) 一(3701681) 班車(357),"{'High': 13, 'Low': 1}","{'Unknown': 4, '第1級': 8, '第5級': 1, '第2級': 1}",2,Y,N,N,N
早上九點阿里山去石猴，十點四十分從石猴回阿里山。,早上 九點 阿里山 去 石猴 十點 四十分 從 石猴 回 阿里山,11,早上(22242) 九點(2467) 阿里山(1074) 去(479993) 石猴(2) 十點(2756) 四十分(300) 從(496546) 石猴(2) 回(92620) 阿里山(1074),"{'High': 9, 'Low': 2}","{'第1級': 2, 'Unknown': 7, '第1*級': 1, '第2級': 1}",3,Y,N,N,N
下午的發車時間，下午一點半從阿里山至石猴，三點十分從石猴返回阿里山。,下午 的 發車 時間 下午 一點 半 從 阿里山 至 石猴 三點 十分 從 石猴 返回 阿里山,17,下午(20045) 的(16029838) 發車(161) 時間(213595) 下午(20045) 一點(90745) 半(80813) 從(496546) 阿里山(1074) 至(101530) 石猴(2) 三點(1500) 十分(63196) 從(496546) 石猴(2) 返回(9595) 阿里山(1074),"{'High': 15, 'Low': 2}","{'第1級': 5, 'Unknown': 6, '第1*級': 3, '第5級': 2, '第4級': 1}",2,Y,Y,N,N
上述時間也常變動，宜先電詢。,上述 時間 也 常 變動 宜 先 電詢,8,上述(18640) 時間(213595) 也(1590760) 常(86207) 變動(7232) 宜(7123) 先(136649) 電詢(19),"{'High': 7, 'Low': 1}","{'第5級': 2, '第1級': 2, '第1*級': 2, 'Unknown': 2}",0,Y,N,N,N
眠月線的班車，會在終點站石猴停留一個小時，然後原班返回，這一個小時內，是遊客遊賞眠月森林遊樂區的時間。,眠月線 的 班車 會 在 終點站 石猴 停留 一 個 小時 然後 原班 返回 這 一 個 小時 內 是 遊客 遊 賞 眠月 森林 遊樂區 的 時間,28,眠月線(2) 的(16029838) 班車(357) 會(1014977) 在(3284238) 終點站(266) 石猴(2) 停留(7966) 一(3701681) 個(2296574) 小時(48521) 然後(156193) 原班(27) 返回(9595) 這(2114032) 一(3701681) 個(2296574) 小時(48521) 內(183051) 是(4642407) 遊客(4899) 遊(6316) 賞(8511) 眠月(1) 森林(14387) 遊樂區(297) 的(16029838) 時間(213595),"{'Low': 4, 'High': 24}","{'Unknown': 9, '第1級': 11, '第1*級': 3, '第5級': 3, '第3級': 1, '第4級': 1}",3,Y,N,N,N
是遊客遊賞眠月森林遊樂區的時間。,是 遊客 遊 賞 眠月 森林 遊樂區 的 時間,9,是(4642407) 遊客(4899) 遊(6316) 賞(8511) 眠月(1) 森林(14387) 遊樂區(297) 的(16029838) 時間(213595),"{'High': 8, 'Low': 1}","{'第1級': 3, 'Unknown': 4, '第5級': 1, '第4級': 1}",1,Y,N,N,N
在一片出熱裡寶島的觀光資源被泠落了許久，觀光局規畫的十旅遊路線將讓人再擁抱台灣之美。,在 一 片 出 熱 裡 寶島 的 觀光 資源 被 泠落 了 許久 觀光局 規畫 的 十 旅遊 路線 將 讓 人 再 擁抱 台灣 之 美,28,在(3284238) 一(3701681) 片(71870) 出(84457) 熱(19720) 裡(520435) 寶島(617) 的(16029838) 觀光(4478) 資源(27580) 被(540683) 泠落(1) 了(3199291) 許久(3799) 觀光局(144) 規畫(2553) 的(16029838) 十(77415) 旅遊(8465) 路線(9508) 將(448374) 讓(526314) 人(1550512) 再(326207) 擁抱(8580) 台灣(130718) 之(875481) 美(53380),"{'High': 27, 'Low': 1}","{'第1*級': 5, '第1級': 7, '第2級': 3, '第7級': 1, '第4級': 4, 'Unknown': 3, '第6級': 2, '第5級': 3}",1,Y,N,N,N
台灣人愛觀光已是不爭的事實，二千多萬的人心，一年有五百多萬出國人次，比率居世界之最。,台灣人 愛 觀光 已 是 不爭 的 事實 二千多萬 的 人心 一 年 有 五百多萬 出國 人次 比率 居 世界 之 最,22,台灣人(6865) 愛(124337) 觀光(4478) 已(215610) 是(4642407) 不爭(602) 的(16029838) 事實(84995) 二千多萬(44) 的(16029838) 人心(11229) 一(3701681) 年(514736) 有(2217079) 五百多萬(51) 出國(4937) 人次(848) 比率(3447) 居(11675) 世界(165235) 之(875481) 最(421680),"{'High': 20, 'Low': 2}","{'第1級': 8, '第4級': 2, '第3級': 2, 'Unknown': 4, '第5級': 3, '第6級': 1, '第2級': 1, '第1*級': 1}",3,Y,N,N,N
不過，我們對吸引外國人來寶島觀光的數據，卻也在亞洲主要國家敬陪末座，既不及新加坡，更不如香港，去年只有二百多萬訪華觀光人次。,不過 我們 對 吸引 外國人 來 寶島 觀光 的 數據 卻 也 在 亞洲 主要 國家 敬陪末座 既 不及 新加坡 更 不如 香港 去年 只有 二百多萬 訪華 觀光 人次,29,不過(186226) 我們(979260) 對(897964) 吸引(20619) 外國人(5666) 來(742183) 寶島(617) 觀光(4478) 的(16029838) 數據(8761) 卻(333007) 也(1590760) 在(3284238) 亞洲(13256) 主要(78757) 國家(109166) 敬陪末座(91) 既(43838) 不及(5271) 新加坡(5228) 更(361676) 不如(21722) 香港(46937) 去年(9462) 只有(43745) 二百多萬(86) 訪華(375) 觀光(4478) 人次(848),"{'High': 27, 'Low': 2}","{'第2級': 1, '第1級': 6, '第4級': 6, 'Unknown': 8, '第7級': 1, '第5級': 2, '第1*級': 2, '第3*級': 1, '第6級': 2}",4,Y,Y,N,N
我們的觀光資源不如別國嗎？,我們 的 觀光 資源 不如 別 國 嗎,8,我們(979260) 的(16029838) 觀光(4478) 資源(27580) 不如(21722) 別(78082) 國(73377) 嗎(248249),{'High': 8},"{'第1級': 4, '第4級': 3, '第1*級': 1}",0,Y,N,N,N
為什麼國人或外國人都不喜歡在寶島旅遊？,為什麼 國人 或 外國人 都 不 喜歡 在 寶島 旅遊,10,為什麼(106142) 國人(4275) 或(478077) 外國人(5666) 都(1125846) 不(2282521) 喜歡(113753) 在(3284238) 寶島(617) 旅遊(8465),{'High': 10},"{'第1*級': 2, 'Unknown': 2, '第3級': 1, '第1級': 3, '第7級': 1, '第4級': 1}",2,Y,Y,N,N
一五四四年，葡萄牙人首航台灣，對這塊「美麗之島」發出「福原摩沙」的讚嘆，似乎很難令人感同身受。,一五四四年 葡萄牙人 首 航 台灣 對 這 塊 美麗 之 島 發出 福原摩沙 的 讚嘆 似乎 很 難 令 人 感同身受,21,一五四四年(39) 葡萄牙人(968) 首(44848) 航(421) 台灣(130718) 對(897964) 這(2114032) 塊(54148) 美麗(24889) 之(875481) 島(19160) 發出(29993) 福原摩沙(Unknown) 的(16029838) 讚嘆(2509) 似乎(85481) 很(715675) 難(75701) 令(128742) 人(1550512) 感同身受(942),"{'Low': 2, 'High': 19}","{'Unknown': 5, '第4*級': 2, '第1級': 7, '第3*級': 1, '第5級': 3, '第4級': 1, '第6級': 1, '第7級': 1}",4,Y,N,N,Y
福爾摩沙之美當然沒有褪色。,福爾摩沙 之 美 當然 沒有 褪色,6,福爾摩沙(967) 之(875481) 美(53380) 當然(113971) 沒有(594280) 褪色(1387),{'High': 6},"{'Unknown': 1, '第5級': 1, '第1*級': 1, '第2級': 1, '第1級': 1, '第6級': 1}",1,Y,N,N,N
關鍵在於我們對這塊寶島的觀光資源，從來就未見整體包裝，不但國人易於疏忽，外人自然無從得知。,關鍵 在於 我們 對 這 塊 寶島 的 觀光 資源 從來 就 未 見 整體 包裝 不但 國人 易於 疏忽 外人 自然 無從 得知,24,關鍵(25952) 在於(37953) 我們(979260) 對(897964) 這(2114032) 塊(54148) 寶島(617) 的(16029838) 觀光(4478) 資源(27580) 從來(35243) 就(1737544) 未(101927) 見(179113) 整體(19788) 包裝(5682) 不但(40359) 國人(4275) 易於(1808) 疏忽(2567) 外人(4596) 自然(91995) 無從(4219) 得知(13542),{'High': 24},"{'第5級': 5, '第6級': 3, '第1級': 6, '第7級': 1, '第4級': 2, '第3*級': 2, '第1*級': 1, '第4*級': 1, '第3級': 1, 'Unknown': 2}",0,Y,Y,N,N
今年十月九日，觀光局首次對國人宣布「台灣十大旅遊」路線，就是仿照國外觀光單位常用的「TOP10」包裝手法，根據觀光局長張自強的說法「十大」的路線規畫，是以國際觀光客適用的標準挑列，既能表達台灣之美，又不會讓外國觀光客對台灣產生的負面印象，未來自然成為國人民國旅遊的示範路線，意義重大。,今年 十月 九日 觀光局 首次 對 國人 宣布 台灣 十 大 旅遊 路線 就是 仿照 國外 觀光 單位 常用 的 TOP 10 包裝 手法 根據 觀光 局長 張自強 的 說法 十 大 的 路線 規畫 是以 國際 觀光客 適用 的 標準 挑列 既 能 表達 台灣 之 美 又 不會 讓 外國 觀光客 對 台灣 產生 的 負面 印象 未來 自然 成為 國人 民國 旅遊 的 示範 路線 意義 重大,70,今年(10836) 十月(15556) 九日(3231) 觀光局(144) 首次(2918) 對(897964) 國人(4275) 宣布(10219) 台灣(130718) 十(77415) 大(525780) 旅遊(8465) 路線(9508) 就是(2943) 仿照(654) 國外(8646) 觀光(4478) 單位(23148) 常用(2130) 的(16029838) TOP(Unknown) 10(25263) 包裝(5682) 手法(13257) 根據(51908) 觀光(4478) 局長(3442) 張自強(3) 的(16029838) 說法(32457) 十(77415) 大(525780) 的(16029838) 路線(9508) 規畫(2553) 是以(149) 國際(40846) 觀光客(2140) 適用(9454) 的(16029838) 標準(31106) 挑列(Unknown) 既(43838) 能(582260) 表達(34582) 台灣(130718) 之(875481) 美(53380) 又(535555) 不會(173045) 讓(526314) 外國(13057) 觀光客(2140) 對(897964) 台灣(130718) 產生(82753) 的(16029838) 負面(15336) 印象(24581) 未來(54445) 自然(91995) 成為(143834) 國人(4275) 民國(16130) 旅遊(8465) 的(16029838) 示範(5441) 路線(9508) 意義(71714) 重大(19228),"{'High': 67, 'Low': 3}","{'第1級': 16, 'Unknown': 17, '第4*級': 6, '第4級': 13, '第7級': 1, '第5級': 8, '第6級': 2, '第3*級': 2, '第1*級': 4, '第2級': 1}",5,Y,Y,N,Y
台灣十大旅遊路線分別是：「台北都會之旅」、「東北角海岸之旅」、「墾丁熱帶風情」、「山屆之旅—玉山、合歡山、阿里山」、「澎湖離島之旅」、「小鎮古都之旅」、「日月潭湖泊之旅」與「金馬戰地風光之旅」。,台灣 十 大 旅遊 路線 分別 是 台北 都會 之 旅 東北角 海岸 之 旅 墾丁 熱帶 風情 山屆 之 旅 玉山 合歡山 阿里山 澎湖 離島 之 旅 小鎮 古都 之 旅 日月潭 湖泊 之 旅 與 金馬 戰地 風光 之 旅,42,台灣(130718) 十(77415) 大(525780) 旅遊(8465) 路線(9508) 分別(25566) 是(4642407) 台北(22242) 都會(1080) 之(875481) 旅(8620) 東北角(461) 海岸(5612) 之(875481) 旅(8620) 墾丁(577) 熱帶(2617) 風情(1988) 山屆(Unknown) 之(875481) 旅(8620) 玉山(1195) 合歡山(199) 阿里山(1074) 澎湖(3267) 離島(514) 之(875481) 旅(8620) 小鎮(5758) 古都(398) 之(875481) 旅(8620) 日月潭(635) 湖泊(1394) 之(875481) 旅(8620) 與(968432) 金馬(339) 戰地(1007) 風光(3236) 之(875481) 旅(8620),"{'High': 41, 'Low': 1}","{'第1級': 4, '第4級': 2, '第4*級': 2, 'Unknown': 21, '第7級': 2, '第5級': 9, '第6級': 2}",4,Y,N,N,N
從這些資料可以看出「十大」主要以觀光局所轄的國家風景區，如澎湖、東北角、東海岸，及營建署所屬的太魯閣、玉山、墾丁、金門及陽明山(列在台北都會之旅)等國家公園系列為主，這兩大系統也是台灣的中央級風景區，政府每年都有大筆預算挹注，觀光設施完善。,從 這些 資料 可以 看出 十 大 主要 以 觀光局 所 轄 的 國家 風景區 如 澎湖 東北角 東海岸 及 營建署 所屬 的 太魯閣 玉山 墾丁 金門 及 陽明山 列 在 台北 都會 之 旅 等 國家 公園 系列 為主 這 兩 大 系統 也 是 台灣 的 中央級 風景區 政府 每 年 都 有 大 筆 預算 挹注 觀光 設施 完善,62,從(496546) 這些(315113) 資料(52866) 可以(560531) 看出(19532) 十(77415) 大(525780) 主要(78757) 以(547785) 觀光局(144) 所(527327) 轄(925) 的(16029838) 國家(109166) 風景區(498) 如(195069) 澎湖(3267) 東北角(461) 東海岸(640) 及(304586) 營建署(103) 所屬(4028) 的(16029838) 太魯閣(1068) 玉山(1195) 墾丁(577) 金門(4382) 及(304586) 陽明山(687) 列(10857) 在(3284238) 台北(22242) 都會(1080) 之(875481) 旅(8620) 等(327380) 國家(109166) 公園(13910) 系列(19048) 為主(12900) 這(2114032) 兩(526190) 大(525780) 系統(67366) 也(1590760) 是(4642407) 台灣(130718) 的(16029838) 中央級(69) 風景區(498) 政府(92663) 每(333357) 年(514736) 都(1125846) 有(2217079) 大(525780) 筆(32010) 預算(6549) 挹注(511) 觀光(4478) 設施(5472) 完善(3609),"{'High': 61, 'Low': 1}","{'第1*級': 7, 'Unknown': 21, '第3級': 1, '第1級': 16, '第4級': 4, '第5級': 6, '第2級': 1, '第6級': 4, '第7級': 1, '第3*級': 1}",9,Y,Y,N,N
至於地六層級的旅遊線，普遍以人文特色或大陸人士喜愛的景點入列，「小城古鎮」屬於前者，日月潭、陽明山則是大陸人士最愛。,至於 地 六 層級 的 旅遊線 普遍 以 人文 特色 或 大陸 人士 喜愛 的 景點 入列 小城 古鎮 屬於 前者 日月潭 陽明山 則 是 大陸 人士 最愛,28,至於(39363) 地(754998) 六(77936) 層級(2359) 的(16029838) 旅遊線(7) 普遍(16221) 以(547785) 人文(6474) 特色(16060) 或(478077) 大陸(27031) 人士(27666) 喜愛(12200) 的(16029838) 景點(1844) 入列(8) 小城(1608) 古鎮(66) 屬於(39478) 前者(7459) 日月潭(635) 陽明山(687) 則(254096) 是(4642407) 大陸(27031) 人士(27666) 最愛(1190),"{'High': 25, 'Low': 3}","{'第5級': 7, 'Unknown': 8, '第1級': 4, '第6級': 3, '第4級': 3, '第3級': 1, '第3*級': 2}",3,Y,Y,N,N
另一方面，入列的「十大」完全以「主題旅遊」為訴求，這也是各國觀光推廣的主流，便於外國人依興趣挑選旅遊，因此，「TOP10」實際上也不侷限在十個景點，像「小城古鎮之旅」就有八處景點，「山岳之旅」則以阿里山、合歡山、玉山為代表，「戰地風光」則是金門、馬祖並列。,另一方面 入列 的 十 大 完全 以 主題 旅遊 為 訴求 這 也 是 各 國 觀光 推廣 的 主流 便於 外國人 依 興趣 挑選 旅遊 因此 TOP 10 實際 上 也 不 侷限 在 十 個 景點 像 小城 古鎮 之 旅 就 有 八 處 景點 山岳 之 旅 則 以 阿里山 合歡山 玉山 為 代表 戰地 風光 則 是 金門 馬祖 並列,65,另一方面(15696) 入列(8) 的(16029838) 十(77415) 大(525780) 完全(115744) 以(547785) 主題(28398) 旅遊(8465) 為(761341) 訴求(3497) 這(2114032) 也(1590760) 是(4642407) 各(243023) 國(73377) 觀光(4478) 推廣(6820) 的(16029838) 主流(7417) 便於(1954) 外國人(5666) 依(37519) 興趣(34215) 挑選(6979) 旅遊(8465) 因此(184606) TOP(Unknown) 10(25263) 實際(52755) 上(1233218) 也(1590760) 不(2282521) 侷限(2195) 在(3284238) 十(77415) 個(2296574) 景點(1844) 像(289494) 小城(1608) 古鎮(66) 之(875481) 旅(8620) 就(1737544) 有(2217079) 八(54961) 處(84410) 景點(1844) 山岳(469) 之(875481) 旅(8620) 則(254096) 以(547785) 阿里山(1074) 合歡山(199) 玉山(1195) 為(761341) 代表(58333) 戰地(1007) 風光(3236) 則(254096) 是(4642407) 金門(4382) 馬祖(1202) 並列(1734),"{'High': 62, 'Low': 3}","{'Unknown': 20, '第1級': 17, '第3*級': 1, '第5級': 11, '第4級': 5, '第6級': 4, '第2級': 1, '第3級': 1, '第4*級': 2, '第1*級': 2, '第7級': 1}",5,Y,Y,N,N
這一切努力，其實只有一個目的—重整台灣觀光資源，再造「福爾摩沙」美名，讓外國人能有系統欣賞台灣之美，國人也可擁有一個高品質的休閒旅遊環境。,這 一切 努力 其實 只 有 一 個 目的 重整 台灣 觀光 資源 再 造 福爾摩沙 美名 讓 外國人 能 有 系統 欣賞 台灣 之 美 國人 也 可 擁有 一 個 高品質 的 休閒 旅遊 環境,37,這(2114032) 一切(95523) 努力(62566) 其實(109290) 只(436725) 有(2217079) 一(3701681) 個(2296574) 目的(45226) 重整(1607) 台灣(130718) 觀光(4478) 資源(27580) 再(326207) 造(10637) 福爾摩沙(967) 美名(779) 讓(526314) 外國人(5666) 能(582260) 有(2217079) 系統(67366) 欣賞(17817) 台灣(130718) 之(875481) 美(53380) 國人(4275) 也(1590760) 可(307359) 擁有(55809) 一(3701681) 個(2296574) 高品質(1533) 的(16029838) 休閒(5416) 旅遊(8465) 環境(71054),{'High': 37},"{'第1級': 11, '第3*級': 3, '第2級': 2, '第1*級': 4, '第6級': 1, '第4級': 4, 'Unknown': 5, '第7級': 1, '第5級': 3, '第4*級': 2, '第3級': 1}",3,Y,N,N,N
國人也可擁有一個高品質的休閒旅遊環境。,國人 也 可 擁有 一 個 高品質 的 休閒 旅遊 環境,11,國人(4275) 也(1590760) 可(307359) 擁有(55809) 一(3701681) 個(2296574) 高品質(1533) 的(16029838) 休閒(5416) 旅遊(8465) 環境(71054),{'High': 11},"{'Unknown': 2, '第1級': 4, '第4*級': 1, '第5級': 1, '第4級': 2, '第3級': 1}",1,Y,N,N,N
台灣最高峰生態體系完整林相多樣豐富巍巍玉山，高度台灣第一。,台灣 最高峰 生態 體系 完整 林相 多樣 豐富 巍巍 玉山 高度 台灣 第一,13,台灣(130718) 最高峰(716) 生態(9124) 體系(17906) 完整(19201) 林相(112) 多樣(2455) 豐富(24271) 巍巍(228) 玉山(1195) 高度(20229) 台灣(130718) 第一(172544),{'High': 13},"{'第1級': 2, 'Unknown': 6, '第5級': 1, '第6級': 1, '第4*級': 1, '第4級': 1, '第2級': 1}",1,Y,N,N,N
玉山是台灣第一高峰，主峰頂上有顆一等三角點，海拔3952公尺。,玉山 是 台灣 第一 高峰 主峰 頂上 有 顆 一等 三角點 海拔 3952 公尺,14,玉山(1195) 是(4642407) 台灣(130718) 第一(172544) 高峰(2712) 主峰(206) 頂上(1725) 有(2217079) 顆(32006) 一等(703) 三角點(29) 海拔(2509) 3952(2) 公尺(19233),"{'High': 12, 'Low': 2}","{'Unknown': 5, '第1級': 3, '第2級': 1, '第6級': 2, '第3級': 1, '第7級': 1, '第4級': 1}",2,Y,N,N,N
由於曾經有資料認為玉山海拔高度是3997公尺，所以民國五十五年，安置已故監察院長于右任先生銅像時，銅像才會設計高三公尺，使玉山高度正好湊足四千公尺，以實現于右任先生「葬我於高山兮，望我大陸」的願望。,由於 曾經 有 資料 認為 玉山 海拔 高度 是 3997 公尺 所以 民國 五十五年 安置 已故 監察院長 于右任 先生 銅像 時 銅像 才 會 設計 高 三 公尺 使 玉山 高度 正好 湊足 四千 公尺 以 實現 于右任 先生 葬 我 於 高山 兮 望 我 大陸 的 願望,49,由於(88111) 曾經(52970) 有(2217079) 資料(52866) 認為(192030) 玉山(1195) 海拔(2509) 高度(20229) 是(4642407) 3997(1) 公尺(19233) 所以(239080) 民國(16130) 五十五年(350) 安置(3855) 已故(1660) 監察院長(57) 于右任(313) 先生(159645) 銅像(790) 時(623734) 銅像(790) 才(394539) 會(1014977) 設計(59326) 高(128858) 三(313861) 公尺(19233) 使(197544) 玉山(1195) 高度(20229) 正好(17036) 湊足(194) 四千(1675) 公尺(19233) 以(547785) 實現(21995) 于右任(313) 先生(159645) 葬(3109) 我(3033032) 於(327210) 高山(5393) 兮(4397) 望(32727) 我(3033032) 大陸(27031) 的(16029838) 願望(7147),"{'High': 47, 'Low': 2}","{'第4*級': 3, '第4級': 5, '第1級': 9, '第3級': 1, '第2級': 2, 'Unknown': 18, '第6級': 3, '第1*級': 2, '第3*級': 3, '第5級': 3}",5,Y,Y,N,Y
玉山遠在清朝時，就被列入「台灣八大景」之一，一直到今天，登頂玉山，也還是很多台灣人的夢想。,玉山 遠 在 清朝 時 就 被 列入 台灣 八 大 景 之 一 一直 到 今天 登頂 玉山 也 還 是 很多 台灣人 的 夢想,26,玉山(1195) 遠(57546) 在(3284238) 清朝(9222) 時(623734) 就(1737544) 被(540683) 列入(3205) 台灣(130718) 八(54961) 大(525780) 景(12183) 之(875481) 一(3701681) 一直(119877) 到(546906) 今天(73277) 登頂(349) 玉山(1195) 也(1590760) 還(625086) 是(4642407) 很多(113128) 台灣人(6865) 的(16029838) 夢想(15516),{'High': 26},"{'Unknown': 6, '第2級': 3, '第1*級': 1, '第7級': 1, '第3*級': 1, '第1級': 11, '第6級': 1, '第5級': 1, '第4級': 1}",1,Y,N,N,N
玉山主峰氣勢雄偉，而且環繞在主峰附近的三千公尺以上北峰，還有前山、西峰、東峰、北峰、北北峰、南峰、南玉山、東小南山、小南山、鹿山十座，諸峰簇擁的玉山，更顯得出類拔萃，昂首向天，不愧為台灣群峰之首。,玉山 主峰 氣勢 雄偉 而且 環繞 在 主峰 附近 的 三千 公尺 以上 北峰 還 有 前山 西峰 東峰 北峰 北北峰 南峰 南玉山 東小南山 小南山 鹿山 十 座 諸 峰 簇擁 的 玉山 更顯 得 出類拔萃 昂首 向 天 不愧為 台灣 群峰 之 首,44,玉山(1195) 主峰(206) 氣勢(4177) 雄偉(1443) 而且(180402) 環繞(4620) 在(3284238) 主峰(206) 附近(32204) 的(16029838) 三千(5525) 公尺(19233) 以上(36569) 北峰(56) 還(625086) 有(2217079) 前山(2) 西峰(32) 東峰(29) 北峰(56) 北北峰(Unknown) 南峰(53) 南玉山(2) 東小南山(Unknown) 小南山(Unknown) 鹿山(2) 十(77415) 座(49959) 諸(29701) 峰(1348) 簇擁(1072) 的(16029838) 玉山(1195) 更顯(Unknown) 得(573721) 出類拔萃(726) 昂首(570) 向(231672) 天(330413) 不愧為(270) 台灣(130718) 群峰(155) 之(875481) 首(44848),"{'High': 32, 'Low': 12}","{'Unknown': 23, '第6級': 3, '第3級': 1, '第1*級': 2, '第1級': 6, '第4級': 1, '第3*級': 2, '第7級': 3, '第2級': 1, '第5級': 1, '第4*級': 1}",6,Y,Y,N,N
玉山地區海拔從三百公尺直上三千九百五十二公尺，具有自亞熱帶以迄寒帶特色的完整生態體系，林相多樣且豐富，從低海拔的闊葉林、針闊混合林、雲杉林、鐵杉林，以及高大聳直的冷杉林，再更往上，則是玉山圓柏和玉山杜鵑組成的矮盤灌叢與高山寒帶植物。,玉山 地區 海拔 從 三百 公尺 直 上 三千九百五十二 公尺 具有 自 亞熱帶 以迄 寒帶 特色 的 完整 生態 體系 林相 多樣 且 豐富 從 低海拔 的 闊葉林 針 闊 混合林 雲杉林 鐵杉林 以及 高大 聳直 的 冷杉林 再 更 往 上 則 是 玉山 圓柏 和 玉山 杜鵑 組成 的 矮盤 灌叢 與 高山 寒帶 植物,57,玉山(1195) 地區(40339) 海拔(2509) 從(496546) 三百(6433) 公尺(19233) 直(32801) 上(1233218) 三千九百五十二(4) 公尺(19233) 具有(60702) 自(59676) 亞熱帶(643) 以迄(235) 寒帶(221) 特色(16060) 的(16029838) 完整(19201) 生態(9124) 體系(17906) 林相(112) 多樣(2455) 且(67015) 豐富(24271) 從(496546) 低海拔(901) 的(16029838) 闊葉林(556) 針(5518) 闊(1306) 混合林(20) 雲杉林(11) 鐵杉林(23) 以及(155624) 高大(6295) 聳直(4) 的(16029838) 冷杉林(29) 再(326207) 更(361676) 往(95775) 上(1233218) 則(254096) 是(4642407) 玉山(1195) 圓柏(31) 和(1338337) 玉山(1195) 杜鵑(934) 組成(20095) 的(16029838) 矮盤(Unknown) 灌叢(185) 與(968432) 高山(5393) 寒帶(221) 植物(19121),"{'High': 49, 'Low': 8}","{'Unknown': 28, '第4級': 6, '第6級': 3, '第1*級': 3, '第1級': 7, '第5級': 5, '第4*級': 3, '第3級': 1, '第2級': 1}",8,Y,Y,N,N
玉山是台灣地區少見的，最完整的生態環境，這也是它最富旅遊價值的一部分。,玉山 是 台灣 地區 少見 的 最 完整 的 生態 環境 這 也 是 它 最 富 旅遊 價值 的 一 部分,22,玉山(1195) 是(4642407) 台灣(130718) 地區(40339) 少見(3509) 的(16029838) 最(421680) 完整(19201) 的(16029838) 生態(9124) 環境(71054) 這(2114032) 也(1590760) 是(4642407) 它(316854) 最(421680) 富(9312) 旅遊(8465) 價值(58784) 的(16029838) 一(3701681) 部分(82518),{'High': 22},"{'Unknown': 3, '第1級': 9, '第4級': 2, '第1*級': 3, '第4*級': 2, '第5級': 1, '第3級': 1, '第2級': 1}",0,Y,N,N,N
民國七十四年四月十日，玉山國家公園成立，玉山與連同周邊的主要山峰，都列入國力公園範圍，包括玉山群峰、秀姑巒山、馬博拉斯山、達芬尖山等，在國家公園的保育、維護與研究推廣下，玉山已不完全只是登山者的玉山，隨著新中橫公路的開通，玉山逐漸被納入國民旅遊的一部分，也讓更多人更容易親近。,民國 七十四年 四月 十日 玉山 國家 公園 成立 玉山 與 連同 周邊 的 主要 山峰 都 列入 國力 公園 範圍 包括 玉山 群峰 秀姑巒山 馬博拉斯山 達芬尖山 等 在 國家 公園 的 保育 維護 與 研究 推廣 下 玉山 已 不 完全 只 是 登山 者 的 玉山 隨著 新 中橫公路 的 開通 玉山 逐漸 被 納入 國民 旅遊 的 一 部分 也 讓 更多 人 更 容易 親近,68,民國(16130) 七十四年(165) 四月(14996) 十日(3391) 玉山(1195) 國家(109166) 公園(13910) 成立(28506) 玉山(1195) 與(968432) 連同(2714) 周邊(4081) 的(16029838) 主要(78757) 山峰(1371) 都(1125846) 列入(3205) 國力(1550) 公園(13910) 範圍(24784) 包括(74410) 玉山(1195) 群峰(155) 秀姑巒山(19) 馬博拉斯山(6) 達芬尖山(Unknown) 等(327380) 在(3284238) 國家(109166) 公園(13910) 的(16029838) 保育(1820) 維護(8695) 與(968432) 研究(182500) 推廣(6820) 下(329549) 玉山(1195) 已(215610) 不(2282521) 完全(115744) 只(436725) 是(4642407) 登山(2895) 者(423504) 的(16029838) 玉山(1195) 隨著(32948) 新(212453) 中橫公路(28) 的(16029838) 開通(653) 玉山(1195) 逐漸(38705) 被(540683) 納入(5488) 國民(10927) 旅遊(8465) 的(16029838) 一(3701681) 部分(82518) 也(1590760) 讓(526314) 更多(44083) 人(1550512) 更(361676) 容易(80831) 親近(7508),"{'High': 64, 'Low': 4}","{'Unknown': 20, '第1*級': 8, '第4*級': 4, '第6級': 3, '第1級': 13, '第4級': 2, '第3*級': 3, '第7級': 2, '第5級': 8, '第3級': 2, '第2級': 3}",5,Y,Y,N,Y
玉山國家公園是台灣的第二座國家公園，也是面積最大的國家公園，面積廣達十萬五千多公頃。,玉山 國家 公園 是 台灣 的 第二 座 國家 公園 也 是 面積 最 大 的 國家 公園 面積 廣 達 十萬五千多 公頃,23,玉山(1195) 國家(109166) 公園(13910) 是(4642407) 台灣(130718) 的(16029838) 第二(98741) 座(49959) 國家(109166) 公園(13910) 也(1590760) 是(4642407) 面積(6281) 最(421680) 大(525780) 的(16029838) 國家(109166) 公園(13910) 面積(6281) 廣(13002) 達(25383) 十萬五千多(1) 公頃(1142),"{'High': 22, 'Low': 1}","{'Unknown': 4, '第1*級': 7, '第1級': 7, '第3*級': 1, '第5級': 3, '第7級': 1}",1,Y,N,N,N
而玉山主峰地跨南投縣信義鄉、嘉義縣阿里山鄉與高雄縣桃源鄉，成為三個縣的界山。,而 玉山 主峰 地跨 南投縣 信義鄉 嘉義縣 阿里山鄉 與 高雄縣 桃源鄉 成為 三 個 縣 的 界山,17,而(937923) 玉山(1195) 主峰(206) 地跨(Unknown) 南投縣(780) 信義鄉(126) 嘉義縣(614) 阿里山鄉(53) 與(968432) 高雄縣(866) 桃源鄉(49) 成為(143834) 三(313861) 個(2296574) 縣(9693) 的(16029838) 界山(8),"{'High': 13, 'Low': 4}","{'第5級': 3, 'Unknown': 10, '第4*級': 1, '第1級': 3}",6,Y,Y,N,N
無論春夏秋冬，或是清晨、黃昏，玉山的姿容都不一樣，千姿百態，時而雲霧繚繞，時而白雪覆頂，時而晚霞映天，它是台灣人心中的聖山，也是孕育台灣萬千生命的搖籃。,無論 春 夏 秋 冬 或是 清晨 黃昏 玉山 的 姿容 都 不 一樣 千 姿 百態 時而 雲霧 繚繞 時而 白雪 覆頂 時而 晚霞 映 天 它 是 台灣人 心 中 的 聖山 也 是 孕育 台灣 萬千 生命 的 搖籃,42,無論(37021) 春(12629) 夏(10706) 秋(8970) 冬(6443) 或是(75906) 清晨(6122) 黃昏(4447) 玉山(1195) 的(16029838) 姿容(161) 都(1125846) 不(2282521) 一樣(188109) 千(19677) 姿(1573) 百態(621) 時而(3908) 雲霧(1382) 繚繞(755) 時而(3908) 白雪(1894) 覆頂(31) 時而(3908) 晚霞(494) 映(1817) 天(330413) 它(316854) 是(4642407) 台灣人(6865) 心(180243) 中(1011729) 的(16029838) 聖山(154) 也(1590760) 是(4642407) 孕育(2707) 台灣(130718) 萬千(1167) 生命(92595) 的(16029838) 搖籃(1328),"{'High': 41, 'Low': 1}","{'第4級': 1, '第2級': 5, '第2*級': 1, '第5級': 2, 'Unknown': 11, '第1級': 12, '第1*級': 2, '第7級': 2, '第6級': 5, '第4*級': 1}",1,Y,Y,N,N
目前登玉山主要有塔塔加與東埔兩個入口，一般皆由塔塔加入山，第一天住在海拔3528公尺的排雲山莊，第二天再登頂玉山觀日出，下八通關草原，腳程好的人，可下到東埔風景區過夜洗溫泉，結束行程。,目前 登 玉山 主要 有 塔塔加 與 東埔 兩 個 入口 一般 皆 由 塔塔加 入 山 第一 天 住在 海拔 3528 公尺 的 排雲 山莊 第二 天 再 登頂 玉山 觀日 出 下 八通關 草原 腳程 好 的 人 可 下到 東埔 風景區 過夜 洗溫泉 結束 行程,48,目前(48695) 登(6176) 玉山(1195) 主要(78757) 有(2217079) 塔塔加(50) 與(968432) 東埔(121) 兩(526190) 個(2296574) 入口(5175) 一般(80732) 皆(45736) 由(208604) 塔塔加(50) 入(30777) 山(54936) 第一(172544) 天(330413) 住在(7545) 海拔(2509) 3528(1) 公尺(19233) 的(16029838) 排雲(2) 山莊(2023) 第二(98741) 天(330413) 再(326207) 登頂(349) 玉山(1195) 觀日(24) 出(84457) 下(329549) 八通關(389) 草原(5281) 腳程(286) 好(448428) 的(16029838) 人(1550512) 可(307359) 下到(617) 東埔(121) 風景區(498) 過夜(2910) 洗溫泉(62) 結束(40669) 行程(5276),"{'High': 42, 'Low': 6}","{'第4級': 3, 'Unknown': 19, '第1級': 8, '第4*級': 5, '第3級': 1, '第3*級': 2, '第5級': 3, '第1*級': 4, '第2級': 1, '第6級': 2}",6,Y,Y,N,Y
登玉山需參加有經驗的登山社團，行程較安全。,登 玉山 需 參加 有 經驗 的 登山 社團 行程 較 安全,12,登(6176) 玉山(1195) 需(27999) 參加(42962) 有(2217079) 經驗(86997) 的(16029838) 登山(2895) 社團(3615) 行程(5276) 較(78424) 安全(35338),{'High': 12},"{'Unknown': 2, '第2級': 4, '第1級': 2, '第5級': 3, '第3級': 1}",0,Y,N,N,N
親近玉山，三條步道帶你繞。,親近 玉山 三 條 步道 帶 你 繞,8,親近(7508) 玉山(1195) 三(313861) 條(115362) 步道(2650) 帶(105786) 你(1414837) 繞(9935),{'High': 8},"{'第5級': 3, 'Unknown': 1, '第1級': 3, '第2級': 1}",0,Y,N,N,N
坡度平緩適合各年齡層遊客。,坡度 平緩 適合 各 年齡層 遊客,6,坡度(457) 平緩(570) 適合(25592) 各(243023) 年齡層(1152) 遊客(4899),{'High': 6},"{'Unknown': 2, '第7級': 1, '第3級': 1, '第2級': 1, '第6級': 1}",1,Y,N,N,N
依時間衡量行程。,依 時間 衡量 行程,4,依(37519) 時間(213595) 衡量(6015) 行程(5276),{'High': 4},"{'Unknown': 1, '第1級': 1, '第6級': 1, '第5級': 1}",0,Y,N,N,N
對於那些非專業性的登山客來說，玉山仍然是很值得一遊的。,對於 那些 非 專業性 的 登山客 來 說 玉山 仍然 是 很 值得 一 遊 的,16,對於(99570) 那些(113704) 非(112415) 專業性(495) 的(16029838) 登山客(181) 來(742183) 說(1285247) 玉山(1195) 仍然(46200) 是(4642407) 很(715675) 值得(34362) 一(3701681) 遊(6316) 的(16029838),{'High': 16},"{'第5級': 2, 'Unknown': 5, '第1級': 7, '第4級': 2}",2,Y,N,N,N
遊客沿著新中橫公路，抵達玉山國家公園內的塔塔加遊客中心後，自己可以選擇健行路線，再深入欣賞玉山周邊環境。,遊客 沿著 新 中橫公路 抵達 玉山 國家 公園 內 的 塔塔加 遊客 中心 後 自己 可以 選擇 健行 路線 再 深入 欣賞 玉山 周邊 環境,25,遊客(4899) 沿著(Unknown) 新(212453) 中橫公路(28) 抵達(16291) 玉山(1195) 國家(109166) 公園(13910) 內(183051) 的(16029838) 塔塔加(50) 遊客(4899) 中心(46076) 後(422857) 自己(744739) 可以(560531) 選擇(75178) 健行(742) 路線(9508) 再(326207) 深入(18074) 欣賞(17817) 玉山(1195) 周邊(4081) 環境(71054),"{'High': 22, 'Low': 3}","{'Unknown': 8, '第1級': 4, '第6級': 1, '第1*級': 4, '第3級': 3, '第3*級': 1, '第7級': 1, '第4級': 1, '第5級': 1, '第4*級': 1}",2,Y,N,N,N
玉山國家公園在塔塔加附近，開闢了三條健行路線，也就是所謂的「自導式解說步道」，沿途有步道、植物山脈、水系、生態景觀等解說牌。,玉山 國家 公園 在 塔塔加 附近 開闢 了 三 條 健行 路線 也 就 是 所謂 的 自導式 解說 步道 沿途 有 步道 植物 山脈 水系 生態 景觀 等 解說牌,30,玉山(1195) 國家(109166) 公園(13910) 在(3284238) 塔塔加(50) 附近(32204) 開闢(2108) 了(3199291) 三(313861) 條(115362) 健行(742) 路線(9508) 也(1590760) 就(1737544) 是(4642407) 所謂(59460) 的(16029838) 自導式(5) 解說(5627) 步道(2650) 沿途(2767) 有(2217079) 步道(2650) 植物(19121) 山脈(3141) 水系(109) 生態(9124) 景觀(4987) 等(327380) 解說牌(45),"{'High': 27, 'Low': 3}","{'Unknown': 7, '第1*級': 4, '第6級': 4, '第1級': 6, '第2級': 1, '第7級': 1, '第4級': 1, '第5級': 5, '第3*級': 1}",3,Y,Y,N,N
這三條步道的坡度平緩，適合各年齡層遊客，唯一考慮的就是時間，遊客可依自己時間，安排徒步行程即可。,這 三 條 步道 的 坡度 平緩 適合 各 年齡層 遊客 唯一 考慮 的 就 是 時間 遊客 可 依 自己 時間 安排 徒步 行程 即可,26,這(2114032) 三(313861) 條(115362) 步道(2650) 的(16029838) 坡度(457) 平緩(570) 適合(25592) 各(243023) 年齡層(1152) 遊客(4899) 唯一(39149) 考慮(28774) 的(16029838) 就(1737544) 是(4642407) 時間(213595) 遊客(4899) 可(307359) 依(37519) 自己(744739) 時間(213595) 安排(30105) 徒步(1563) 行程(5276) 即可(7563),{'High': 26},"{'第1級': 8, '第2級': 2, '第5級': 3, 'Unknown': 4, '第7級': 2, '第3級': 1, '第6級': 2, '第4級': 2, '第4*級': 1, '第1*級': 1}",1,Y,N,N,N
這三條步道如下：上東埔大鐵杉麟趾山口麟趾山(走全程約5.5小時，)上東埔大鐵杉麟趾山口鹿林山鹿林山莊鹿林山口(走全程約3小時，逆向約4小時。,這 三 條 步道 如下 上東埔 大鐵杉 麟趾山口 麟趾山 走 全程 約 55 小時 上東埔 大鐵杉 麟趾山口 鹿林山 鹿林山莊 鹿林山口 走 全程 約 3 小時 逆向 約 4 小時,29,這(2114032) 三(313861) 條(115362) 步道(2650) 如下(2340) 上東埔(Unknown) 大鐵杉(Unknown) 麟趾山口(Unknown) 麟趾山(Unknown) 走(128453) 全程(639) 約(47731) 55(2217) 小時(48521) 上東埔(Unknown) 大鐵杉(Unknown) 麟趾山口(Unknown) 鹿林山(27) 鹿林山莊(1) 鹿林山口(Unknown) 走(128453) 全程(639) 約(47731) 3(51223) 小時(48521) 逆向(717) 約(47731) 4(36054) 小時(48521),"{'High': 19, 'Low': 10}","{'第1級': 7, '第2級': 1, '第5級': 1, 'Unknown': 16, '第3*級': 3, '第7級': 1}",10,Y,N,N,N
)上東埔大鐵杉麟趾山口鹿林山鹿林山莊麟趾山口麟趾山麟趾山口塔塔加鞍部大鐵杉上東埔(約需7個小時，是塔塔加步道全系走法)。,上東埔 大鐵杉 麟趾山口 鹿林山 鹿林山莊 麟趾山口 麟趾山 麟趾山口 塔塔加 鞍部 大鐵杉 上東埔 約 需 7 個 小時 是 塔塔加 步道 全 系 走法,23,上東埔(Unknown) 大鐵杉(Unknown) 麟趾山口(Unknown) 鹿林山(27) 鹿林山莊(1) 麟趾山口(Unknown) 麟趾山(Unknown) 麟趾山口(Unknown) 塔塔加(50) 鞍部(123) 大鐵杉(Unknown) 上東埔(Unknown) 約(47731) 需(27999) 7(21969) 個(2296574) 小時(48521) 是(4642407) 塔塔加(50) 步道(2650) 全(178642) 系(4304) 走法(241),"{'Low': 12, 'High': 11}","{'Unknown': 15, '第3*級': 1, '第2級': 2, '第1級': 3, '第5級': 1, '第4級': 1}",12,Y,N,N,N
如果遊客自認為是「軟腳蝦」，走不了太遠的路，但又捨不得放棄風景不欣賞，倒是有一種簡易走法可以參考看看。,如果 遊客 自認為 是 軟腳蝦 走不了 太 遠 的 路 但 又 捨不得 放棄 風景 不 欣賞 倒是 有 一 種 簡易 走法 可以 參考 看看,26,如果(322121) 遊客(4899) 自認為(2006) 是(4642407) 軟腳蝦(13) 走不了(231) 太(181732) 遠(57546) 的(16029838) 路(74635) 但(597124) 又(535555) 捨不得(3057) 放棄(27664) 風景(7771) 不(2282521) 欣賞(17817) 倒是(12415) 有(2217079) 一(3701681) 種(701563) 簡易(1431) 走法(241) 可以(560531) 參考(24401) 看看(46250),"{'High': 25, 'Low': 1}","{'第2級': 3, 'Unknown': 8, '第1級': 8, '第1*級': 1, '第5級': 1, '第4級': 1, '第2*級': 1, '第4*級': 3}",4,Y,Y,N,N
第一種走法：從塔塔加遊客中心開車至鹿林山登山口，再徒步登鹿林山，步行距離約1.5公里，要爬一點坡，但踩上海拔2881公尺的鹿林山頂，你一定會感覺不虛此行。,第一 種 走法 從 塔塔加 遊客 中心 開車 至 鹿林山 登山口 再 徒步 登 鹿林山 步行 距離 約 15 公里 要 爬 一點 坡 但 踩上 海拔 2881 公尺 的 鹿林 山頂 你 一定 會 感覺 不虛此行,37,第一(172544) 種(701563) 走法(241) 從(496546) 塔塔加(50) 遊客(4899) 中心(46076) 開車(10401) 至(101530) 鹿林山(27) 登山口(146) 再(326207) 徒步(1563) 登(6176) 鹿林山(27) 步行(3973) 距離(27644) 約(47731) 15(11053) 公里(16646) 要(851264) 爬(10860) 一點(90745) 坡(2032) 但(597124) 踩上(197) 海拔(2509) 2881(Unknown) 公尺(19233) 的(16029838) 鹿林(2) 山頂(4697) 你(1414837) 一定(138695) 會(1014977) 感覺(91265) 不虛此行(125),"{'High': 32, 'Low': 5}","{'第2級': 2, 'Unknown': 15, '第1*級': 6, '第3級': 1, '第5級': 1, '第7級': 1, '第6級': 2, '第4級': 3, '第3*級': 3, '第1級': 3}",6,Y,Y,N,Y
因為鹿林山與毗鄰的麟趾山，是塔塔加週邊，視野與展望最佳的地方，整個玉山山脈、阿里山山脈與中央山脈中南段的山岳景觀，完全盡收眼底。,因為 鹿林山 與 毗鄰 的 麟趾山 是 塔塔加 週邊 視野 與 展望 最佳 的 地方 整個 玉山 山脈 阿里山 山脈 與 中央山脈 中南段 的 山岳 景觀 完全 盡收眼底,28,因為(425061) 鹿林山(27) 與(968432) 毗鄰(482) 的(16029838) 麟趾山(Unknown) 是(4642407) 塔塔加(50) 週邊(328) 視野(7815) 與(968432) 展望(1306) 最佳(27224) 的(16029838) 地方(139164) 整個(Unknown) 玉山(1195) 山脈(3141) 阿里山(1074) 山脈(3141) 與(968432) 中央山脈(1171) 中南段(1) 的(16029838) 山岳(469) 景觀(4987) 完全(115744) 盡收眼底(232),"{'High': 23, 'Low': 5}","{'第1*級': 2, 'Unknown': 12, '第4*級': 3, '第1級': 4, '第5級': 1, '第7級': 2, '第6級': 3, '第3*級': 1}",7,Y,Y,N,N
從鹿林山下山時，不一定要走回頭路，你也可以跟著指標，朝向麟趾山方向走，這條步道基本上都是走在稜線上，視野清晰，又是下坡路，很輕鬆，走1.2公里，就可以抵達麟趾山鞍部。,從 鹿林山 下山 時 不一定 要 走 回頭路 你 也 可以 跟 著 指標 朝向 麟趾山 方向 走 這 條 步道 基本 上 都 是 走 在 稜線 上 視野 清晰 又 是 下坡路 很 輕鬆 走 12 公里 就 可以 抵達 麟趾山 鞍部,44,從(496546) 鹿林山(27) 下山(5040) 時(623734) 不一定(12922) 要(851264) 走(128453) 回頭路(308) 你(1414837) 也(1590760) 可以(560531) 跟(260280) 著(1004687) 指標(8034) 朝向(4160) 麟趾山(Unknown) 方向(39560) 走(128453) 這(2114032) 條(115362) 步道(2650) 基本(52069) 上(1233218) 都(1125846) 是(4642407) 走(128453) 在(3284238) 稜線(561) 上(1233218) 視野(7815) 清晰(9927) 又(535555) 是(4642407) 下坡路(146) 很(715675) 輕鬆(17407) 走(128453) 12(17908) 公里(16646) 就(1737544) 可以(560531) 抵達(16291) 麟趾山(Unknown) 鞍部(123),"{'High': 41, 'Low': 3}","{'第1*級': 4, 'Unknown': 12, '第3*級': 2, '第1級': 17, '第6級': 3, '第2級': 1, '第5級': 3, '第3級': 1, '第4級': 1}",6,Y,N,N,N
到了鞍部，你可以決定要不要再爬一點坡，約八百公尺，到麟趾山頂(海拔2854公尺)，如果不要，可以轉頭，馬上從麟趾山口離開步道，再接林道到新中橫公路，然後回到停車處。,到 了 鞍部 你 可以 決定 要不要 再 爬 一點 坡 約 八百 公尺 到 麟趾山 頂 海拔 2854 公尺 如果 不要 可以 轉頭 馬上 從 麟趾山口 離開 步道 再 接 林道 到 新 中橫公路 然後 回到 停車處,38,到(546906) 了(3199291) 鞍部(123) 你(1414837) 可以(560531) 決定(101837) 要不要(7271) 再(326207) 爬(10860) 一點(90745) 坡(2032) 約(47731) 八百(2164) 公尺(19233) 到(546906) 麟趾山(Unknown) 頂(16472) 海拔(2509) 2854(Unknown) 公尺(19233) 如果(322121) 不要(101931) 可以(560531) 轉頭(5791) 馬上(39402) 從(496546) 麟趾山口(Unknown) 離開(71748) 步道(2650) 再(326207) 接(19549) 林道(328) 到(546906) 新(212453) 中橫公路(28) 然後(156193) 回到(60084) 停車處(49),"{'High': 33, 'Low': 5}","{'第1級': 7, 'Unknown': 13, '第2級': 5, '第1*級': 6, '第3*級': 2, '第4級': 2, '第5級': 2, '第6級': 1}",6,Y,Y,N,N
第二種走法，其實也是前面第一種走法的延伸，就是在走抵麟趾山鞍部時，跟著指標，開始下坡，走約2.1公里到塔塔加鞍部(海拔2600公尺，也就是玉山的登山口)。,第二 種 走法 其實 也 是 前面 第一 種 走法 的 延伸 就是 在 走 抵 麟趾山 鞍部 時 跟著 指標 開始 下坡 走 約 21 公里 到 塔塔加 鞍部 海拔 2600 公尺 也 就 是 玉山 的 登山口,39,第二(98741) 種(701563) 走法(241) 其實(109290) 也(1590760) 是(4642407) 前面(29469) 第一(172544) 種(701563) 走法(241) 的(16029838) 延伸(6444) 就是(2943) 在(3284238) 走(128453) 抵(6753) 麟趾山(Unknown) 鞍部(123) 時(623734) 跟著(84) 指標(8034) 開始(245562) 下坡(784) 走(128453) 約(47731) 21(6145) 公里(16646) 到(546906) 塔塔加(50) 鞍部(123) 海拔(2509) 2600(56) 公尺(19233) 也(1590760) 就(1737544) 是(4642407) 玉山(1195) 的(16029838) 登山口(146),"{'High': 35, 'Low': 4}","{'Unknown': 16, '第3*級': 3, '第1級': 10, '第1*級': 2, '第2級': 2, '第6級': 4, '第4級': 2}",4,Y,Y,N,N
麟趾山鞍部至塔塔加鞍部的步道，是一條人跡罕至的羊腸小徑，夏季時這條步道沿線，開滿了各式各樣高山植物的艷麗花朵，是很好的賞花步道。,麟趾山 鞍部 至 塔塔加 鞍部 的 步道 是 一 條 人跡 罕 至 的 羊腸小徑 夏季 時 這 條 步道 沿線 開滿 了 各式各樣 高山 植物 的 艷麗 花朵 是 很 好 的 賞 花 步道,36,麟趾山(Unknown) 鞍部(123) 至(101530) 塔塔加(50) 鞍部(123) 的(16029838) 步道(2650) 是(4642407) 一(3701681) 條(115362) 人跡(675) 罕(1340) 至(101530) 的(16029838) 羊腸小徑(107) 夏季(4260) 時(623734) 這(2114032) 條(115362) 步道(2650) 沿線(574) 開滿(411) 了(3199291) 各式各樣(6542) 高山(5393) 植物(19121) 的(16029838) 艷麗(382) 花朵(5011) 是(4642407) 很(715675) 好(448428) 的(16029838) 賞(8511) 花(72593) 步道(2650),"{'Low': 2, 'High': 34}","{'Unknown': 15, '第5級': 7, '第1級': 9, '第2級': 2, '第7級': 1, '第3*級': 1, '第4級': 1}",4,Y,Y,N,N
從前，在公路還沒通到塔塔加鞍部時，登玉山者，前一夜先在東埔山莊過夜，一早出發，沿著林道，先轉入麟趾山鞍部，再走到塔塔加鞍部，這條步道是從前登玉山的登山步道的一小段，很有特色。,從前 在 公路 還 沒 通到 塔塔加 鞍部 時 登 玉山 者 前 一 夜 先 在 東埔 山莊 過夜 一早 出發 沿著 林道 先 轉入 麟趾山 鞍部 再 走到 塔塔加 鞍部 這 條 步道 是 從前 登 玉山 的 登山 步道 的 一 小 段 很 有 特色,49,從前(12248) 在(3284238) 公路(7300) 還(625086) 沒(306167) 通到(767) 塔塔加(50) 鞍部(123) 時(623734) 登(6176) 玉山(1195) 者(423504) 前(272709) 一(3701681) 夜(31283) 先(136649) 在(3284238) 東埔(121) 山莊(2023) 過夜(2910) 一早(3459) 出發(17257) 沿著(Unknown) 林道(328) 先(136649) 轉入(1610) 麟趾山(Unknown) 鞍部(123) 再(326207) 走到(32033) 塔塔加(50) 鞍部(123) 這(2114032) 條(115362) 步道(2650) 是(4642407) 從前(12248) 登(6176) 玉山(1195) 的(16029838) 登山(2895) 步道(2650) 的(16029838) 一(3701681) 小(318835) 段(95980) 很(715675) 有(2217079) 特色(16060),"{'High': 45, 'Low': 4}","{'第2*級': 2, '第1*級': 5, '第3*級': 3, 'Unknown': 18, '第1級': 11, '第6級': 1, '第4*級': 1, '第5級': 4, '第4級': 3, '第2級': 1}",3,Y,N,N,N
但是現在公路已通到塔塔加鞍部，這段步道逐漸被淡忘，使用者少，有點淪為「古道」的味道，路跡也不太明顯。,但是 現在 公路 已 通到 塔塔加 鞍部 這 段 步道 逐漸 被 淡忘 使用者 少 有點 淪為 古道 的 味道 路跡 也 不 太 明顯,25,但是(247988) 現在(218744) 公路(7300) 已(215610) 通到(767) 塔塔加(50) 鞍部(123) 這(2114032) 段(95980) 步道(2650) 逐漸(38705) 被(540683) 淡忘(597) 使用者(Unknown) 少(50762) 有點(43275) 淪為(2602) 古道(1321) 的(16029838) 味道(14200) 路跡(37) 也(1590760) 不(2282521) 太(181732) 明顯(35623),"{'High': 22, 'Low': 3}","{'第2級': 3, '第1級': 7, '第3*級': 1, '第3級': 1, 'Unknown': 6, '第4級': 1, '第5級': 3, '第7級': 1, '第1*級': 1, '第6級': 1}",2,Y,Y,N,N
在上述這些步道兩旁，隨時都有木製解說牌，說明山岳名稱、植物種類，邊走邊欣賞，知性與感性兼具。,在 上述 這些 步道 兩旁 隨時 都 有 木製 解說牌 說明 山岳 名稱 植物 種類 邊 走 邊 欣賞 知性 與 感性 兼具,23,在(3284238) 上述(18640) 這些(315113) 步道(2650) 兩旁(1552) 隨時(21195) 都(1125846) 有(2217079) 木製(1326) 解說牌(45) 說明(52918) 山岳(469) 名稱(11922) 植物(19121) 種類(8370) 邊(123152) 走(128453) 邊(123152) 欣賞(17817) 知性(2107) 與(968432) 感性(3960) 兼具(2204),"{'High': 22, 'Low': 1}","{'第1*級': 3, '第5級': 2, 'Unknown': 5, '第4級': 3, '第1級': 3, '第7級': 1, '第4*級': 3, '第6級': 3}",1,Y,Y,N,N
知性與感性兼具。,知性 與 感性 兼具,4,知性(2107) 與(968432) 感性(3960) 兼具(2204),{'High': 4},"{'第6級': 3, '第4*級': 1}",0,Y,Y,N,N
台灣西部和北部沿海漁礁或河口附近，都是鮸魚棲息地，不論岸釣或船釣只要天氣好轉，海上風浪轉平，就是魚兒上勾最佳時機。,台灣 西部 和 北部 沿海 漁礁 或 河口 附近 都 是 鮸魚 棲息地 不論 岸釣 或 船釣 只要 天氣 好轉 海 上 風浪 轉 平 就是 魚兒 上勾 最佳 時機,30,台灣(130718) 西部(5186) 和(1338337) 北部(5380) 沿海(3250) 漁礁(2) 或(478077) 河口(916) 附近(32204) 都(1125846) 是(4642407) 鮸魚(1) 棲息地(295) 不論(28127) 岸釣(Unknown) 或(478077) 船釣(9) 只要(99140) 天氣(11782) 好轉(2875) 海(33696) 上(1233218) 風浪(902) 轉(20108) 平(10908) 就是(2943) 魚兒(1020) 上勾(63) 最佳(27224) 時機(11280),"{'High': 25, 'Low': 5}","{'第1級': 4, 'Unknown': 13, '第2*級': 1, '第6級': 2, '第3級': 3, '第1*級': 2, '第4級': 1, '第5級': 2, '第2級': 1, '第4*級': 1}",1,Y,Y,N,N
春天是台灣西部和北部沿海釣鮸魚的盛期。,春天 是 台灣 西部 和 北部 沿海 釣 鮸魚 的 盛期,11,春天(8850) 是(4642407) 台灣(130718) 西部(5186) 和(1338337) 北部(5380) 沿海(3250) 釣(1298) 鮸魚(1) 的(16029838) 盛期(130),"{'High': 10, 'Low': 1}","{'第2級': 1, '第1級': 3, 'Unknown': 4, '第2*級': 1, '第6級': 1, '第5級': 1}",0,Y,Y,N,N
這一陣子，不論在西海岸沿線靠近河口處附近灘釣，亦或在大型漁港防波堤上以沉底釣法下竿，經常都會有小型的「水鮸仔」上鉤，尤其當風浪轉平的時候乘船前往近海人工漁礁或稍遠的外海沉船釣場船釣，更經常可以釣到大型的「金鮸」；鮸魚，也可說是這一帶春天最具代表特色的垂釣對象魚。,這 一陣子 不論 在 西海岸 沿線 靠近 河口處 附近 灘釣 亦 或 在 大型 漁港 防波堤 上 以 沉 底 釣法 下竿 經常 都 會 有 小型 的 水鮸仔 上鉤 尤其 當 風浪 轉 平 的 時候 乘船 前往 近海 人工 漁礁 或 稍 遠 的 外海 沉船 釣場 船釣 更 經常 可以 釣到 大型 的 金鮸 鮸魚 也 可 說 是 這 一帶 春天 最 具 代表 特色 的 垂釣 對象 魚,73,這(2114032) 一陣子(7466) 不論(28127) 在(3284238) 西海岸(356) 沿線(574) 靠近(12300) 河口處(12) 附近(32204) 灘釣(2) 亦(68507) 或(478077) 在(3284238) 大型(12588) 漁港(770) 防波堤(322) 上(1233218) 以(547785) 沉(6230) 底(37174) 釣法(21) 下竿(2) 經常(49295) 都(1125846) 會(1014977) 有(2217079) 小型(6080) 的(16029838) 水鮸仔(Unknown) 上鉤(768) 尤其(50700) 當(294625) 風浪(902) 轉(20108) 平(10908) 的(16029838) 時候(199970) 乘船(1088) 前往(27321) 近海(412) 人工(6736) 漁礁(2) 或(478077) 稍(14118) 遠(57546) 的(16029838) 外海(925) 沉船(555) 釣場(16) 船釣(9) 更(361676) 經常(49295) 可以(560531) 釣到(527) 大型(12588) 的(16029838) 金鮸(Unknown) 鮸魚(1) 也(1590760) 可(307359) 說(1285247) 是(4642407) 這(2114032) 一帶(12544) 春天(8850) 最(421680) 具(41661) 代表(58333) 特色(16060) 的(16029838) 垂釣(442) 對象(28123) 魚(34923),"{'High': 63, 'Low': 10}","{'第1級': 15, '第4*級': 4, '第4級': 5, '第1*級': 6, 'Unknown': 27, '第6級': 3, '第3級': 2, '第5級': 5, '第3*級': 4, '第2級': 2}",5,Y,Y,N,N
鮸魚是屬於石首魚科魚類，也是該科魚類中體型最大的，大者可長到一百台斤以上；近年國內業餘釣友釣獲的最大尾紀錄，是新竹釣友張金吉於民國八十三年三月廿五日，在新竹外海人工漁礁釣起的一百一十七台斤金鮸。,鮸魚 是 屬於 石首魚科 魚類 也 是 該 科 魚類 中 體型 最 大 的 大 者 可 長 到 一百 台斤 以上 近年 國內 業餘 釣友 釣獲 的 最 大 尾 紀錄 是 新竹 釣友 張金吉 於 民國 八十三年 三月 廿五日 在 新竹 外海 人工 漁礁 釣 起 的 一百一十七 台斤 金鮸,53,鮸魚(1) 是(4642407) 屬於(39478) 石首魚科(1) 魚類(2738) 也(1590760) 是(4642407) 該(148369) 科(5780) 魚類(2738) 中(1011729) 體型(3277) 最(421680) 大(525780) 的(16029838) 大(525780) 者(423504) 可(307359) 長(107092) 到(546906) 一百(17093) 台斤(119) 以上(36569) 近年(7929) 國內(17537) 業餘(2438) 釣友(25) 釣獲(13) 的(16029838) 最(421680) 大(525780) 尾(7034) 紀錄(14233) 是(4642407) 新竹(2736) 釣友(25) 張金吉(Unknown) 於(327210) 民國(16130) 八十三年(223) 三月(16043) 廿五日(179) 在(3284238) 新竹(2736) 外海(925) 人工(6736) 漁礁(2) 釣(1298) 起(96746) 的(16029838) 一百一十七(65) 台斤(119) 金鮸(Unknown),"{'Low': 9, 'High': 44}","{'Unknown': 24, '第1級': 11, '第5級': 7, '第4*級': 2, '第1*級': 3, '第3*級': 2, '第4級': 3, '第6級': 1}",5,Y,N,N,Y
一般說來，大型的鮸魚通常喜歡棲息在沙質海底，但其間有大型暗礁隆起的礁石基部，俗稱「坎腳」的地方，以及海灣口人工漁礁、海底沈船處的下方。,一般 說來 大型 的 鮸魚 通常 喜歡 棲息 在 沙質 海 底 但 其 間 有 大型 暗礁 隆起 的 礁石 基部 俗稱 坎腳 的 地方 以及 海灣口 人工 漁礁 海 底 沈船處 的 下方,35,一般(80732) 說來(6135) 大型(12588) 的(16029838) 鮸魚(1) 通常(56445) 喜歡(113753) 棲息(1954) 在(3284238) 沙質(47) 海(33696) 底(37174) 但(597124) 其(307905) 間(115638) 有(2217079) 大型(12588) 暗礁(266) 隆起(1139) 的(16029838) 礁石(531) 基部(1218) 俗稱(3316) 坎腳(3) 的(16029838) 地方(139164) 以及(155624) 海灣口(4) 人工(6736) 漁礁(2) 海(33696) 底(37174) 沈船處(1) 的(16029838) 下方(6619),"{'High': 29, 'Low': 6}","{'第3*級': 3, 'Unknown': 15, '第1級': 6, '第4級': 1, '第7級': 1, '第1*級': 2, '第2級': 3, '第6級': 2, '第5級': 2}",2,Y,Y,N,N
這種魚的游泳能力不強，而且族群不大，平常多單獨的潛伏在海底障礙物暗處的洞穴裡，每當流尾海流轉緩時，才會出來捕食小魚。,這 種 魚 的 游泳 能力 不 強 而且 族群 不 大 平常 多 單獨 的 潛伏 在 海 底 障礙物 暗處 的 洞穴 裡 每當 流尾 海流 轉 緩 時 才 會 出來 捕食 小魚,36,這(2114032) 種(701563) 魚(34923) 的(16029838) 游泳(5207) 能力(93399) 不(2282521) 強(34876) 而且(180402) 族群(11192) 不(2282521) 大(525780) 平常(17549) 多(318992) 單獨(9253) 的(16029838) 潛伏(1663) 在(3284238) 海(33696) 底(37174) 障礙物(599) 暗處(983) 的(16029838) 洞穴(3953) 裡(520435) 每當(7823) 流尾(Unknown) 海流(276) 轉(20108) 緩(2449) 時(623734) 才(394539) 會(1014977) 出來(50336) 捕食(711) 小魚(Unknown),"{'High': 34, 'Low': 2}","{'第1級': 8, 'Unknown': 11, '第1*級': 4, '第2*級': 1, '第2級': 4, '第3級': 1, '第5級': 3, '第7級': 1, '第3*級': 2, '第6級': 1}",1,Y,Y,N,N
春天鮸魚比較多的主要原因，應該是春天是牠的產卵期，經常會游到近海棲息；此外，春天近海小魚多，食物比較豐富，吸引牠來前來掠食也是關鍵所在。,春天 鮸魚 比較 多 的 主要 原因 應該 是 春天 是 牠 的 產卵期 經常 會 游到 近海 棲息 此外 春天 近海 小魚 多 食物 比較 豐富 吸引 牠 來 前來 掠食 也 是 關鍵 所在,36,春天(8850) 鮸魚(1) 比較(112212) 多(318992) 的(16029838) 主要(78757) 原因(67404) 應該(165478) 是(4642407) 春天(8850) 是(4642407) 牠(72229) 的(16029838) 產卵期(53) 經常(49295) 會(1014977) 游到(606) 近海(412) 棲息(1954) 此外(30247) 春天(8850) 近海(412) 小魚(Unknown) 多(318992) 食物(41958) 比較(112212) 豐富(24271) 吸引(20619) 牠(72229) 來(742183) 前來(13412) 掠食(405) 也(1590760) 是(4642407) 關鍵(25952) 所在(13079),"{'High': 33, 'Low': 3}","{'第2級': 5, 'Unknown': 8, '第1級': 9, '第4級': 5, '第3*級': 2, '第1*級': 2, '第7級': 1, '第5級': 2, '第3級': 1, '第6級': 1}",1,Y,Y,N,N
新竹、桃園海域釣鮸魚，一般都是選擇離岸不遠的人工漁礁，以及外海沉船下竿。,新竹 桃園 海域 釣 鮸魚 一般 都 是 選擇 離岸 不遠 的 人工 漁礁 以及 外海 沉船 下竿,18,新竹(2736) 桃園(1991) 海域(1974) 釣(1298) 鮸魚(1) 一般(80732) 都(1125846) 是(4642407) 選擇(75178) 離岸(691) 不遠(891) 的(16029838) 人工(6736) 漁礁(2) 以及(155624) 外海(925) 沉船(555) 下竿(2),"{'High': 15, 'Low': 3}","{'Unknown': 9, '第7級': 1, '第5級': 3, '第3*級': 2, '第1級': 3}",0,Y,Y,N,N
垂釣時多採機動性強的「蓋流」式釣法，船隻駛到釣場後，逆向頂著海流，船上釣者迅速下竿，一處沒有魚迅速改換其他釣場；基隆一帶由於鮸魚較少，通常都在釣大紅魽或大石斑時意外釣獲，垂釣時則多採下錨式釣法，選擇海底大型暗礁的基部或海底沉船附近下竿。,垂釣 時 多 採 機動性 強 的 蓋 流 式 釣法 船隻 駛到 釣場 後 逆向 頂 著 海流 船 上釣 者 迅速 下竿 一 處 沒有 魚 迅速 改換 其他 釣場 基隆 一帶 由於 鮸魚 較少 通常 都 在 釣 大紅魽 或 大石斑 時 意外 釣獲 垂釣 時 則 多 採 下錨式 釣法 選擇 海 底 大型 暗礁 的 基部 或 海 底 沉船 附近 下竿,67,垂釣(442) 時(623734) 多(318992) 採(8996) 機動性(329) 強(34876) 的(16029838) 蓋(21495) 流(11907) 式(6856) 釣法(21) 船隻(5221) 駛到(126) 釣場(16) 後(422857) 逆向(717) 頂(16472) 著(1004687) 海流(276) 船(45130) 上釣(21) 者(423504) 迅速(19888) 下竿(2) 一(3701681) 處(84410) 沒有(594280) 魚(34923) 迅速(19888) 改換(522) 其他(189445) 釣場(16) 基隆(2063) 一帶(12544) 由於(88111) 鮸魚(1) 較少(3571) 通常(56445) 都(1125846) 在(3284238) 釣(1298) 大紅魽(Unknown) 或(478077) 大石斑(3) 時(623734) 意外(21631) 釣獲(13) 垂釣(442) 時(623734) 則(254096) 多(318992) 採(8996) 下錨式(Unknown) 釣法(21) 選擇(75178) 海(33696) 底(37174) 大型(12588) 暗礁(266) 的(16029838) 基部(1218) 或(478077) 海(33696) 底(37174) 沉船(555) 附近(32204) 下竿(2),"{'High': 55, 'Low': 12}","{'Unknown': 29, '第3*級': 7, '第1級': 8, '第4*級': 6, '第4級': 3, '第5級': 4, '第7級': 1, '第3級': 3, '第1*級': 3, '第2級': 3}",4,Y,Y,N,N
至於岸釣小型的水鮸仔，則採硬質遠投竿，蝦仁或海蟲餌，拋投在離岸最遠的溝中，當潮水上漲時，在外海棲息的魚兒常會游近岸邊攝食而被釣獲；完全是守株待兔式的釣法。,至於 岸釣 小型 的 水鮸仔 則 採 硬質 遠 投竿 蝦仁 或 海蟲 餌 拋投 在 離岸 最 遠 的 溝 中 當 潮水 上漲 時 在 外海 棲息 的 魚兒 常 會 游近 岸 邊 攝食 而 被 釣獲 完全 是 守株待兔式 的 釣法,45,至於(39363) 岸釣(Unknown) 小型(6080) 的(16029838) 水鮸仔(Unknown) 則(254096) 採(8996) 硬質(81) 遠(57546) 投竿(2) 蝦仁(319) 或(478077) 海蟲(Unknown) 餌(836) 拋投(4) 在(3284238) 離岸(691) 最(421680) 遠(57546) 的(16029838) 溝(1511) 中(1011729) 當(294625) 潮水(1111) 上漲(3154) 時(623734) 在(3284238) 外海(925) 棲息(1954) 的(16029838) 魚兒(1020) 常(86207) 會(1014977) 游近(28) 岸(7654) 邊(123152) 攝食(300) 而(937923) 被(540683) 釣獲(13) 完全(115744) 是(4642407) 守株待兔式(1) 的(16029838) 釣法(21),"{'High': 35, 'Low': 10}","{'第5級': 3, 'Unknown': 20, '第1級': 5, '第4*級': 2, '第2級': 3, '第3級': 1, '第7級': 3, '第1*級': 6, '第3*級': 2}",2,Y,Y,N,N
這種釣法雖然釣獲的多是小傢伙，但運氣來了，有時候也會有一、廿台斤級的大傢伙出現。,這 種 釣法 雖然 釣獲 的 多 是 小傢伙 但 運氣 來 了 有時候 也 會 有 一 廿 台斤 級 的 大 傢伙 出現,25,這(2114032) 種(701563) 釣法(21) 雖然(152988) 釣獲(13) 的(16029838) 多(318992) 是(4642407) 小傢伙(1181) 但(597124) 運氣(6942) 來(742183) 了(3199291) 有時候(24296) 也(1590760) 會(1014977) 有(2217079) 一(3701681) 廿(542) 台斤(119) 級(11106) 的(16029838) 大(525780) 傢伙(17043) 出現(124694),"{'High': 23, 'Low': 2}","{'第1級': 10, 'Unknown': 7, '第2級': 2, '第4級': 3, '第1*級': 2, '第5級': 1}",2,Y,Y,N,N
據許多資深釣友的經驗，不論岸釣或船釣，通常是連續多日的壞天氣過後，天氣開始好轉，海上風浪轉平而海水略呈白濁的時候索餌最強。,據 許多 資深 釣友 的 經驗 不論 岸釣 或 船釣 通常 是 連續 多 日 的 壞 天氣 過後 天氣 開始 好轉 海 上 風浪 轉 平 而 海水 略 呈 白濁 的 時候 索餌 最 強,37,據(24392) 許多(159791) 資深(4975) 釣友(25) 的(16029838) 經驗(86997) 不論(28127) 岸釣(Unknown) 或(478077) 船釣(9) 通常(56445) 是(4642407) 連續(11873) 多(318992) 日(94041) 的(16029838) 壞(24641) 天氣(11782) 過後(7751) 天氣(11782) 開始(245562) 好轉(2875) 海(33696) 上(1233218) 風浪(902) 轉(20108) 平(10908) 而(937923) 海水(4373) 略(12059) 呈(11604) 白濁(11) 的(16029838) 時候(199970) 索餌(1) 最(421680) 強(34876),"{'High': 32, 'Low': 5}","{'第4*級': 3, '第3*級': 1, '第5級': 3, 'Unknown': 9, '第1級': 8, '第2級': 3, '第4級': 2, '第3級': 1, '第2*級': 1, '第1*級': 3, '第6級': 3}",0,Y,Y,N,N
鮸魚的肉質十分細嫩鮮美，同時沒有暗刺，經濟價值相當高，從台灣俗話「有錢呷鮸，無錢免呷」這句話中可見一斑；事實上，大型鮸魚上鉤後在海底東鑽西竄猛烈掙扎，讓釣者搏魚拉魚拉到手痠，心臟幾乎從口腔中跳出來的緊張與刺激，才是吸引喜好搏魚的釣者趨之若鶩的主要原因。,鮸魚 的 肉質 十分 細嫩 鮮美 同時 沒有 暗刺 經濟 價值 相當 高 從 台灣 俗話 有錢 呷 鮸 無 錢 免 呷 這 句 話 中 可見一斑 事實 上 大型 鮸魚 上鉤 後 在 海 底 東鑽西竄 猛烈 掙扎 讓 釣 者 搏 魚 拉 魚 拉 到手 痠 心臟 幾乎 從 口腔 中 跳出來 的 緊張 與 刺激 才 是 吸引 喜好 搏 魚 的 釣 者 趨之若鶩 的 主要 原因,73,鮸魚(1) 的(16029838) 肉質(779) 十分(63196) 細嫩(327) 鮮美(819) 同時(115305) 沒有(594280) 暗刺(Unknown) 經濟(83046) 價值(58784) 相當(66293) 高(128858) 從(496546) 台灣(130718) 俗話(799) 有錢(7182) 呷(444) 鮸(47) 無(157858) 錢(89883) 免(7314) 呷(444) 這(2114032) 句(87396) 話(148020) 中(1011729) 可見一斑(537) 事實(84995) 上(1233218) 大型(12588) 鮸魚(1) 上鉤(768) 後(422857) 在(3284238) 海(33696) 底(37174) 東鑽西竄(Unknown) 猛烈(3533) 掙扎(10367) 讓(526314) 釣(1298) 者(423504) 搏(1570) 魚(34923) 拉(27164) 魚(34923) 拉(27164) 到手(1673) 痠(750) 心臟(9522) 幾乎(74298) 從(496546) 口腔(1644) 中(1011729) 跳出來(1500) 的(16029838) 緊張(27303) 與(968432) 刺激(24326) 才(394539) 是(4642407) 吸引(20619) 喜好(4045) 搏(1570) 魚(34923) 的(16029838) 釣(1298) 者(423504) 趨之若鶩(326) 的(16029838) 主要(78757) 原因(67404),"{'Low': 5, 'High': 68}","{'Unknown': 21, '第1級': 13, '第4級': 6, '第6級': 4, '第3*級': 3, '第4*級': 3, '第3級': 1, '第1*級': 6, '第5級': 8, '第2*級': 1, '第2級': 7}",4,Y,Y,N,N
雖然今年鮸魚釣期已逐漸接近尾聲，各釣場鮸魚數量已不及前一陣子多，但據歷年來的紀錄，這段時間也最常有數十台斤以上的超大型魚出現，喜釣大傢伙的釣友宜把握住機會。,雖然 今年 鮸魚 釣期 已 逐漸 接近 尾聲 各 釣場 鮸魚 數量 已 不及 前 一陣子 多 但 據 歷年來 的 紀錄 這 段 時間 也 最 常有 數十 台斤 以上 的 超大型 魚 出現 喜 釣 大 傢伙 的 釣友 宜 把握住 機會,44,雖然(152988) 今年(10836) 鮸魚(1) 釣期(1) 已(215610) 逐漸(38705) 接近(24049) 尾聲(1792) 各(243023) 釣場(16) 鮸魚(1) 數量(14605) 已(215610) 不及(5271) 前(272709) 一陣子(7466) 多(318992) 但(597124) 據(24392) 歷年來(380) 的(16029838) 紀錄(14233) 這(2114032) 段(95980) 時間(213595) 也(1590760) 最(421680) 常有(Unknown) 數十(9385) 台斤(119) 以上(36569) 的(16029838) 超大型(333) 魚(34923) 出現(124694) 喜(10884) 釣(1298) 大(525780) 傢伙(17043) 的(16029838) 釣友(25) 宜(7123) 把握住(604) 機會(81244),"{'High': 38, 'Low': 6}","{'第2級': 4, '第1級': 10, 'Unknown': 13, '第3級': 2, '第5級': 3, '第4*級': 3, '第6級': 2, '第4級': 4, '第1*級': 2, '第3*級': 1}",4,Y,Y,N,N
喜釣大傢伙的釣友宜把握住機會。,喜 釣大 傢伙 的 釣友 宜 把握住 機會,8,喜(10884) 釣大(5) 傢伙(17043) 的(16029838) 釣友(25) 宜(7123) 把握住(604) 機會(81244),"{'High': 6, 'Low': 2}","{'Unknown': 5, '第5級': 1, '第1級': 1, '第2級': 1}",1,Y,N,N,N
夏威夷一直是蜜月旅遊的上選。,夏威夷 一直 是 蜜月 旅遊 的 上選,7,夏威夷(1617) 一直(119877) 是(4642407) 蜜月(697) 旅遊(8465) 的(16029838) 上選(49),"{'High': 6, 'Low': 1}","{'Unknown': 2, '第2級': 1, '第1級': 2, '第5級': 1, '第4級': 1}",1,Y,N,N,N
蜜月旅遊市場成為航空公司套裝行程重點訴求之一。,蜜月 旅遊 市場 成為 航空 公司 套裝 行程 重點 訴求 之 一,12,蜜月(697) 旅遊(8465) 市場(65023) 成為(143834) 航空(4707) 公司(168500) 套裝(916) 行程(5276) 重點(22761) 訴求(3497) 之(875481) 一(3701681),{'High': 12},"{'第5級': 5, '第4級': 2, '第2級': 2, 'Unknown': 1, '第6級': 1, '第1級': 1}",0,Y,N,N,N
這個市場雖然所佔比例不高，但潛力普遍被看好，尤其航空業者把二度、三度蜜月的潛力消費群均納入考慮，使市場熱鬧可期。,這 個 市場 雖然 所 佔 比例 不 高 但 潛力 普遍 被 看好 尤其 航空 業者 把 二 度 三 度 蜜月 的 潛力 消費群 均 納入 考慮 使 市場 熱鬧 可期,33,這(2114032) 個(2296574) 市場(65023) 雖然(152988) 所(527327) 佔(11252) 比例(13747) 不(2282521) 高(128858) 但(597124) 潛力(5300) 普遍(16221) 被(540683) 看好(2408) 尤其(50700) 航空(4707) 業者(6857) 把(617773) 二(152494) 度(25018) 三(313861) 度(25018) 蜜月(697) 的(16029838) 潛力(5300) 消費群(87) 均(27783) 納入(5488) 考慮(28774) 使(197544) 市場(65023) 熱鬧(6537) 可期(299),"{'High': 32, 'Low': 1}","{'第1級': 7, '第2級': 7, '第5級': 8, '第4級': 2, 'Unknown': 4, '第3*級': 2, '第3級': 2, '第6級': 1}",1,Y,Y,N,N
航空公司考慮包裝為蜜月套裝遊程的地點，除和本身航點有關外，也和地點是否有蜜月特性有相當關聯，一般被肯定為蜜月去處的主要有夏威夷、關島、帛琉、塞班、紐西蘭、澳洲及斐濟等。,航空 公司 考慮 包裝為 蜜月 套裝 遊程 的 地點 除 和 本身 航點 有關 外 也 和 地點 是否 有 蜜月 特性 有 相當 關聯 一般 被 肯定 為 蜜月 去處 的 主要 有 夏威夷 關島 帛琉 塞班 紐西蘭 澳洲 及 斐濟 等,43,航空(4707) 公司(168500) 考慮(28774) 包裝為(3) 蜜月(697) 套裝(916) 遊程(16) 的(16029838) 地點(16808) 除(15929) 和(1338337) 本身(44138) 航點(8) 有關(69607) 外(109310) 也(1590760) 和(1338337) 地點(16808) 是否(78907) 有(2217079) 蜜月(697) 特性(12673) 有(2217079) 相當(66293) 關聯(9529) 一般(80732) 被(540683) 肯定(34303) 為(761341) 蜜月(697) 去處(972) 的(16029838) 主要(78757) 有(2217079) 夏威夷(1617) 關島(112) 帛琉(139) 塞班(13) 紐西蘭(1302) 澳洲(5383) 及(304586) 斐濟(93) 等(327380),"{'High': 38, 'Low': 5}","{'第5級': 8, '第2級': 2, '第4級': 4, 'Unknown': 14, '第1級': 7, '第3*級': 5, '第4*級': 2, '第3級': 1}",3,Y,Y,N,Y
重視個人半自助旅遊套裝行程的航空公司，強調所設計的產品均兩人成行，也適合蜜月旅遊使用，像國泰、長榮、法航等。,重視 個人 半 自助 旅遊 套裝 行程 的 航空 公司 強調 所 設計 的 產品 均 兩 人 成行 也 適合 蜜月 旅遊 使用 像 國泰 長榮 法航 等,29,重視(23501) 個人(76253) 半(80813) 自助(1213) 旅遊(8465) 套裝(916) 行程(5276) 的(16029838) 航空(4707) 公司(168500) 強調(36095) 所(527327) 設計(59326) 的(16029838) 產品(51029) 均(27783) 兩(526190) 人(1550512) 成行(701) 也(1590760) 適合(25592) 蜜月(697) 旅遊(8465) 使用(99640) 像(289494) 國泰(783) 長榮(1252) 法航(19) 等(327380),"{'High': 28, 'Low': 1}","{'第4級': 5, '第1級': 6, '第4*級': 2, 'Unknown': 5, '第5級': 4, '第2級': 2, '第6級': 1, '第7級': 1, '第3級': 1, '第1*級': 1, '第3*級': 1}",0,Y,Y,N,Y
希望在蜜月旅遊市場佔有一席之地的航空公司，最近紛紛以蜜月套裝行程做重要訴求：紐西蘭航空愛在南十字星空下新出爐的紐航蜜月自在行「愛在南十字星空下」，把產品行程推展到紐西蘭南北島、澳洲及斐濟等，天數分別是八天六夜及六天四夜，並依旅客選擇的旅館，區隔出精緻及豪華兩種等級，價格從三萬一千六百五十元起。,希望 在 蜜月 旅遊 市場 佔有 一席之地 的 航空 公司 最近 紛紛 以 蜜月 套裝 行程 做 重要 訴求 紐西蘭 航空 愛 在 南 十字 星空 下 新 出爐 的 紐航 蜜月 自在行 愛 在 南 十字 星空 下 把 產品 行程 推展 到 紐西蘭 南北島 澳洲 及 斐濟 等 天數 分別 是 八 天 六 夜 及 六 天 四 夜 並 依 旅客 選擇 的 旅館 區隔出 精緻 及 豪華 兩 種 等級 價格 從 三萬一千六百五十 元 起,80,希望(119975) 在(3284238) 蜜月(697) 旅遊(8465) 市場(65023) 佔有(3479) 一席之地(1105) 的(16029838) 航空(4707) 公司(168500) 最近(30174) 紛紛(14617) 以(547785) 蜜月(697) 套裝(916) 行程(5276) 做(411649) 重要(154863) 訴求(3497) 紐西蘭(1302) 航空(4707) 愛(124337) 在(3284238) 南(24203) 十字(1443) 星空(954) 下(329549) 新(212453) 出爐(1030) 的(16029838) 紐航(1) 蜜月(697) 自在行(1) 愛(124337) 在(3284238) 南(24203) 十字(1443) 星空(954) 下(329549) 把(617773) 產品(51029) 行程(5276) 推展(2011) 到(546906) 紐西蘭(1302) 南北島(Unknown) 澳洲(5383) 及(304586) 斐濟(93) 等(327380) 天數(625) 分別(25566) 是(4642407) 八(54961) 天(330413) 六(77936) 夜(31283) 及(304586) 六(77936) 天(330413) 四(141667) 夜(31283) 並(442790) 依(37519) 旅客(3355) 選擇(75178) 的(16029838) 旅館(12498) 區隔出(49) 精緻(5073) 及(304586) 豪華(4119) 兩(526190) 種(701563) 等級(3973) 價格(21121) 從(496546) 三萬一千六百五十(Unknown) 元(60807) 起(96746),"{'High': 74, 'Low': 6}","{'第2級': 8, '第1*級': 6, '第5級': 13, '第4級': 3, '第7級': 3, '第1級': 17, 'Unknown': 16, '第6級': 6, '第3*級': 5, '第4*級': 2, '第2*級': 1}",7,Y,Y,N,Y
紐航公關經理黃玲珊指出，根據市場調查，目前蜜月旅遊所佔比例雖然不大，但相當有潛力，且在對象上，二度、三度蜜月都可以提供，協助新人及情侶安排浪漫美麗的蜜月旅遊經驗，也符合該航空公司的經營目標。,紐航 公關 經理 黃玲珊 指出 根據 市場 調查 目前 蜜月 旅遊 所 佔 比例 雖然 不 大 但 相當 有 潛力 且 在 對象 上 二 度 三 度 蜜月 都 可以 提供 協助 新人 及 情侶 安排 浪漫 美麗 的 蜜月 旅遊 經驗 也 符合 該 航空 公司 的 經營 目標,52,紐航(1) 公關(2537) 經理(11331) 黃玲珊(Unknown) 指出(38456) 根據(51908) 市場(65023) 調查(34821) 目前(48695) 蜜月(697) 旅遊(8465) 所(527327) 佔(11252) 比例(13747) 雖然(152988) 不(2282521) 大(525780) 但(597124) 相當(66293) 有(2217079) 潛力(5300) 且(67015) 在(3284238) 對象(28123) 上(1233218) 二(152494) 度(25018) 三(313861) 度(25018) 蜜月(697) 都(1125846) 可以(560531) 提供(73097) 協助(28701) 新人(3079) 及(304586) 情侶(2104) 安排(30105) 浪漫(9865) 美麗(24889) 的(16029838) 蜜月(697) 旅遊(8465) 經驗(86997) 也(1590760) 符合(19232) 該(148369) 航空(4707) 公司(168500) 的(16029838) 經營(39913) 目標(62638),"{'Low': 2, 'High': 50}","{'Unknown': 4, '第6級': 1, '第4*級': 7, '第2級': 6, '第4級': 6, '第5級': 11, '第1級': 11, '第3級': 4, '第1*級': 1, '第3*級': 1}",1,Y,Y,N,Y
總部設在南半球，充滿海洋氣息的南太平洋休閒景點如紐西蘭、澳洲及斐濟等，都是適合蜜月的去處，今年最新推出的蜜月自在行，提供新人一連串浪漫的經驗，從未出發開始，旅客可以事先選位，且和永雀日本吉帽喜餅禮盒、聖她安娜花坊簽約，提供旅客折扣；上了飛機，旅客可以享受香檳及蜜月蛋糕；所選的飯店也有濃厚浪漫情趣，提供鮮花、巧克力、祝福卡片等。,總部 設 在 南半球 充滿 海洋 氣息 的 南 太平洋 休閒 景點 如 紐西蘭 澳洲 及 斐濟 等 都 是 適合 蜜月 的 去處 今年 最 新 推出 的 蜜月 自在行 提供 新人 一連串 浪漫 的 經驗 從 未 出發 開始 旅客 可以 事先 選 位 且 和 永雀 日本 吉帽 喜餅 禮盒 聖她安娜 花坊 簽約 提供 旅客 折扣 上 了 飛機 旅客 可以 享受 香檳 及 蜜月 蛋糕 所 選 的 飯店 也 有 濃厚 浪漫 情趣 提供 鮮花 巧克力 祝福 卡片 等,84,總部(11556) 設(17537) 在(3284238) 南半球(274) 充滿(43990) 海洋(8653) 氣息(5959) 的(16029838) 南(24203) 太平洋(4964) 休閒(5416) 景點(1844) 如(195069) 紐西蘭(1302) 澳洲(5383) 及(304586) 斐濟(93) 等(327380) 都(1125846) 是(4642407) 適合(25592) 蜜月(697) 的(16029838) 去處(972) 今年(10836) 最(421680) 新(212453) 推出(10009) 的(16029838) 蜜月(697) 自在行(1) 提供(73097) 新人(3079) 一連串(8700) 浪漫(9865) 的(16029838) 經驗(86997) 從(496546) 未(101927) 出發(17257) 開始(245562) 旅客(3355) 可以(560531) 事先(9723) 選(17378) 位(284809) 且(67015) 和(1338337) 永雀(Unknown) 日本(105587) 吉帽(Unknown) 喜餅(176) 禮盒(264) 聖她安娜(Unknown) 花坊(5) 簽約(1421) 提供(73097) 旅客(3355) 折扣(1190) 上(1233218) 了(3199291) 飛機(18598) 旅客(3355) 可以(560531) 享受(21312) 香檳(1165) 及(304586) 蜜月(697) 蛋糕(4632) 所(527327) 選(17378) 的(16029838) 飯店(9669) 也(1590760) 有(2217079) 濃厚(3668) 浪漫(9865) 情趣(1623) 提供(73097) 鮮花(2277) 巧克力(4924) 祝福(5030) 卡片(3620) 等(327380),"{'High': 78, 'Low': 6}","{'Unknown': 22, '第1*級': 4, '第4*級': 7, '第4級': 5, '第6級': 3, '第1級': 16, '第2級': 4, '第5級': 14, '第3*級': 2, '第3級': 5, '第2*級': 2}",7,Y,Y,N,Y
紐西蘭蜜月套裝行程同時可享中文導遊陪伴的服務。,紐西蘭 蜜月 套裝 行程 同時 可 享 中文 導遊 陪伴 的 服務,12,紐西蘭(1302) 蜜月(697) 套裝(916) 行程(5276) 同時(115305) 可(307359) 享(2593) 中文(9751) 導遊(1089) 陪伴(6246) 的(16029838) 服務(38055),{'High': 12},"{'Unknown': 3, '第5級': 3, '第3*級': 1, '第4*級': 1, '第1級': 2, '第7級': 1, '第3級': 1}",1,Y,N,N,N
黃玲珊指出，一般問卷調查發現，蜜月之旅行程費用以三萬元以內的接受程度最高，不過該公司認為現代新人也可以接受高品質的價位，因此該公司在蜜月行程上特別精心挑選旅館，在斐濟使用五星級的喜來登酒店，紐西蘭部分則以Millennium為主，這些飯店在接待蜜月旅客方面非常有經驗。,黃玲珊 指出 一般 問卷 調查 發現 蜜月 之 旅 行程 費用 以 三萬 元 以內 的 接受 程度 最 高 不過 該 公司 認為 現代 新人 也 可以 接受 高品質 的 價位 因此 該 公司 在 蜜月 行程 上 特別 精心 挑選 旅館 在 斐濟 使用 五星級 的 喜來登 酒店 紐西蘭 部分 則 以 Millennium 為主 這些 飯店 在 接待 蜜月 旅客 方面 非常 有 經驗,66,黃玲珊(Unknown) 指出(38456) 一般(80732) 問卷(3188) 調查(34821) 發現(175233) 蜜月(697) 之(875481) 旅(8620) 行程(5276) 費用(10652) 以(547785) 三萬(2891) 元(60807) 以內(1488) 的(16029838) 接受(84729) 程度(43988) 最(421680) 高(128858) 不過(186226) 該(148369) 公司(168500) 認為(192030) 現代(40344) 新人(3079) 也(1590760) 可以(560531) 接受(84729) 高品質(1533) 的(16029838) 價位(840) 因此(184606) 該(148369) 公司(168500) 在(3284238) 蜜月(697) 行程(5276) 上(1233218) 特別(91212) 精心(4540) 挑選(6979) 旅館(12498) 在(3284238) 斐濟(93) 使用(99640) 五星級(341) 的(16029838) 喜來登(11) 酒店(3875) 紐西蘭(1302) 部分(82518) 則(254096) 以(547785) Millennium(66) 為主(12900) 這些(315113) 飯店(9669) 在(3284238) 接待(4216) 蜜月(697) 旅客(3355) 方面(75079) 非常(152032) 有(2217079) 經驗(86997),"{'Low': 4, 'High': 62}","{'Unknown': 15, '第3*級': 4, '第6級': 1, '第4*級': 4, '第2級': 8, '第5級': 13, '第4級': 4, '第1級': 9, '第1*級': 5, '第7級': 1, '第2*級': 2}",6,Y,Y,N,Y
華航服務內容豐富廣受歡迎，華航的航點很多，但該公司僅選定夏威夷、普吉及巴里島三處來包裝蜜月套裝行程。,華航 服務 內容 豐富 廣受 歡迎 華航 的 航點 很多 但 該 公司 僅 選定 夏威夷 普吉 及 巴里島 三 處 來 包裝 蜜月 套裝 行程,26,華航(215) 服務(38055) 內容(55074) 豐富(24271) 廣受(378) 歡迎(19513) 華航(215) 的(16029838) 航點(8) 很多(113128) 但(597124) 該(148369) 公司(168500) 僅(30739) 選定(2354) 夏威夷(1617) 普吉(19) 及(304586) 巴里島(189) 三(313861) 處(84410) 來(742183) 包裝(5682) 蜜月(697) 套裝(916) 行程(5276),"{'High': 24, 'Low': 2}","{'Unknown': 10, '第3級': 1, '第4級': 2, '第2級': 3, '第1級': 3, '第4*級': 1, '第5級': 5, '第6級': 1}",2,Y,Y,N,N
華航王亞平指出，蜜月行程比一般的精緻行程貴上一點點，但附加價值高，一般旅客反應都很好，華航同時也考慮增加更多的蜜月套裝行程。,華航 王亞平 指出 蜜月 行程 比 一般 的 精緻 行程 貴上 一點點 但 附加 價值 高 一般 旅客 反應 都 很 好 華航 同時 也 考慮 增加 更多 的 蜜月 套裝 行程,32,華航(215) 王亞平(1) 指出(38456) 蜜月(697) 行程(5276) 比(170486) 一般(80732) 的(16029838) 精緻(5073) 行程(5276) 貴上(6) 一點點(6524) 但(597124) 附加(2565) 價值(58784) 高(128858) 一般(80732) 旅客(3355) 反應(53196) 都(1125846) 很(715675) 好(448428) 華航(215) 同時(115305) 也(1590760) 考慮(28774) 增加(48296) 更多(44083) 的(16029838) 蜜月(697) 套裝(916) 行程(5276),"{'High': 30, 'Low': 2}","{'Unknown': 9, '第5級': 5, '第1*級': 2, '第3*級': 3, '第1級': 6, '第6級': 2, '第2級': 1, '第4*級': 1, '第4級': 3}",2,Y,Y,N,Y
王亞平指出，除了一般精緻套裝產品的內容外，蜜月套裝行程的服務內容更豐富，像行前預先劃位、機上贈送香檳酒及蜜月蛋糕、贈送情侶T恤、別針外，另外再加贈一千哩程數。,王亞平 指出 除了 一般 精緻 套裝 產品 的 內容 外 蜜月 套裝 行程 的 服務 內容 更 豐富 像 行 前 預先 劃位 機 上 贈送 香檳酒 及 蜜月 蛋糕 贈送 情侶 T恤 別針 外 另外 再 加贈 一千 哩程數,40,王亞平(1) 指出(38456) 除了(75964) 一般(80732) 精緻(5073) 套裝(916) 產品(51029) 的(16029838) 內容(55074) 外(109310) 蜜月(697) 套裝(916) 行程(5276) 的(16029838) 服務(38055) 內容(55074) 更(361676) 豐富(24271) 像(289494) 行(63474) 前(272709) 預先(3953) 劃位(42) 機(4726) 上(1233218) 贈送(1448) 香檳酒(146) 及(304586) 蜜月(697) 蛋糕(4632) 贈送(1448) 情侶(2104) T恤(23) 別針(517) 外(109310) 另外(48233) 再(326207) 加贈(3) 一千(8320) 哩程數(8),"{'Low': 5, 'High': 35}","{'Unknown': 15, '第3*級': 2, '第6級': 1, '第1級': 6, '第4級': 3, '第5級': 8, '第3級': 2, '第1*級': 2, '第2*級': 1}",3,Y,Y,N,Y
而各個旅遊地點也提供不同的服務內容，像夏威夷有豪華驕車接送到各旅遊景點、華語導遊陪同、飯店送香檳、巧克力及蜜月照片等，如果搭乘頭等艙，另贈送玻里尼西亞文化中心門票。,而 各 個 旅遊 地點 也 提供 不同 的 服務 內容 像 夏威夷 有 豪華 驕車 接送 到 各 旅遊 景點 華語 導遊 陪同 飯店 送 香檳 巧克力 及 蜜月 照片 等 如果 搭乘 頭等艙 另 贈送 玻里尼西亞 文化 中心 門票,41,而(937923) 各(243023) 個(2296574) 旅遊(8465) 地點(16808) 也(1590760) 提供(73097) 不同(159432) 的(16029838) 服務(38055) 內容(55074) 像(289494) 夏威夷(1617) 有(2217079) 豪華(4119) 驕車(10) 接送(807) 到(546906) 各(243023) 旅遊(8465) 景點(1844) 華語(2142) 導遊(1089) 陪同(2695) 飯店(9669) 送(32804) 香檳(1165) 巧克力(4924) 及(304586) 蜜月(697) 照片(25355) 等(327380) 如果(322121) 搭乘(4116) 頭等艙(322) 另(138369) 贈送(1448) 玻里尼西亞(92) 文化(115697) 中心(46076) 門票(1074),"{'High': 39, 'Low': 2}","{'第5級': 7, '第2級': 6, '第1級': 5, '第4級': 3, '第3*級': 2, '第4*級': 1, '第3級': 6, '第1*級': 1, 'Unknown': 6, '第6級': 1, '第7級': 1, '第2*級': 2}",4,Y,Y,N,N
巴里島及普吉島則在飯店內贈送鮮花、水果等。,巴里島 及 普吉島 則 在 飯店 內 贈送 鮮花 水果 等,11,巴里島(189) 及(304586) 普吉島(16) 則(254096) 在(3284238) 飯店(9669) 內(183051) 贈送(1448) 鮮花(2277) 水果(8276) 等(327380),"{'High': 10, 'Low': 1}","{'Unknown': 2, '第5級': 4, '第1*級': 2, '第2*級': 1, '第3級': 1, '第3*級': 1}",2,Y,Y,N,N
購買華航的蜜月旅遊產品，不須出示任何結婚證件，因此只要兩人成行，均可以安排，使得客源擴大不少。,購買 華航 的 蜜月 旅遊 產品 不須 出示 任何 結婚 證件 因此 只要 兩 人 成行 均 可以 安排 使得 客源 擴大 不少,23,購買(14998) 華航(215) 的(16029838) 蜜月(697) 旅遊(8465) 產品(51029) 不須(1402) 出示(757) 任何(131795) 結婚(22719) 證件(1179) 因此(184606) 只要(99140) 兩(526190) 人(1550512) 成行(701) 均(27783) 可以(560531) 安排(30105) 使得(30960) 客源(212) 擴大(12352) 不少(35256),{'High': 23},"{'第4級': 3, 'Unknown': 5, '第1級': 4, '第5級': 4, '第7級': 2, '第4*級': 2, '第3級': 2, '第6級': 1}",0,Y,Y,N,N
美國大陸航空遊點充滿熱帶浪漫風情。,美國 大陸 航空 遊點 充滿 熱帶 浪漫 風情,8,美國(148299) 大陸(27031) 航空(4707) 遊點(Unknown) 充滿(43990) 熱帶(2617) 浪漫(9865) 風情(1988),"{'High': 7, 'Low': 1}","{'第1級': 1, '第3*級': 1, '第5級': 2, 'Unknown': 1, '第4*級': 2, '第6級': 1}",0,Y,N,N,N
美國大陸航空從台北直飛前往的塞班、關島及帛琉等，均屬於度假系列的旅遊地點。,美國 大陸 航空 從 台北 直飛 前往 的 塞班 關島 及 帛琉 等 均 屬於 度假 系列 的 旅遊 地點,20,美國(148299) 大陸(27031) 航空(4707) 從(496546) 台北(22242) 直飛(239) 前往(27321) 的(16029838) 塞班(13) 關島(112) 及(304586) 帛琉(139) 等(327380) 均(27783) 屬於(39478) 度假(3488) 系列(19048) 的(16029838) 旅遊(8465) 地點(16808),"{'High': 19, 'Low': 1}","{'第1級': 3, '第3*級': 3, '第5級': 4, '第1*級': 1, 'Unknown': 5, '第6級': 2, '第4*級': 1, '第4級': 1}",0,Y,Y,N,N
由於充滿熱帶浪漫風情，加上飯店設施的配合，相當適合包裝為蜜月套裝產品。,由於 充滿 熱帶 浪漫 風情 加上 飯店 設施 的 配合 相當 適合 包裝為 蜜月 套裝 產品,16,由於(88111) 充滿(43990) 熱帶(2617) 浪漫(9865) 風情(1988) 加上(38121) 飯店(9669) 設施(5472) 的(16029838) 配合(17173) 相當(66293) 適合(25592) 包裝為(3) 蜜月(697) 套裝(916) 產品(51029),"{'High': 15, 'Low': 1}","{'第4*級': 4, '第5級': 2, '第6級': 2, '第3級': 3, '第2*級': 1, '第1級': 1, 'Unknown': 3}",1,Y,Y,N,N
關島、塞班及帛琉的蜜月假期均可安排為五天四夜或四天三夜，關島所住用的飯店為OnwardAgana及凱悅飯店；帛琉使用當地最好的PPR飯店；塞班則為凱悅飯店。,關島 塞班 及 帛琉 的 蜜月 假期 均 可 安排 為 五 天 四 夜 或 四 天 三 夜 關島 所 住用 的 飯店 為 OnwardAgana 及 凱悅 飯店 帛琉 使用 當地 最好 的 PPR 飯店 塞班 則 為 凱悅 飯店,42,關島(112) 塞班(13) 及(304586) 帛琉(139) 的(16029838) 蜜月(697) 假期(3080) 均(27783) 可(307359) 安排(30105) 為(761341) 五(112649) 天(330413) 四(141667) 夜(31283) 或(478077) 四(141667) 天(330413) 三(313861) 夜(31283) 關島(112) 所(527327) 住用(3) 的(16029838) 飯店(9669) 為(761341) OnwardAgana(Unknown) 及(304586) 凱悅(102) 飯店(9669) 帛琉(139) 使用(99640) 當地(23011) 最好(22016) 的(16029838) PPR(Unknown) 飯店(9669) 塞班(13) 則(254096) 為(761341) 凱悅(102) 飯店(9669),"{'High': 37, 'Low': 5}","{'Unknown': 14, '第5級': 4, '第1級': 9, '第4級': 3, '第6級': 1, '第4*級': 2, '第3*級': 2, '第3級': 2, '第2級': 1, '第2*級': 4}",2,Y,Y,N,Y
參加該公司的蜜月產品行程，上飛機即可享受蜜月蛋糕，一下飛機，即有專車驅往五星級住宿飯店，房間內有象徵愛情的巧克力、心型汽球、玫瑰花及香檳等。,參加 該 公司 的 蜜月 產品 行程 上 飛機 即可 享受 蜜月 蛋糕 一 下 飛機 即 有 專車 驅 往 五星級 住宿 飯店 房間 內 有 象徵 愛情 的 巧克力 心型 汽球 玫瑰花 及 香檳 等,37,參加(42962) 該(148369) 公司(168500) 的(16029838) 蜜月(697) 產品(51029) 行程(5276) 上(1233218) 飛機(18598) 即可(7563) 享受(21312) 蜜月(697) 蛋糕(4632) 一(3701681) 下(329549) 飛機(18598) 即(110826) 有(2217079) 專車(345) 驅(1561) 往(95775) 五星級(341) 住宿(2271) 飯店(9669) 房間(44038) 內(183051) 有(2217079) 象徵(18975) 愛情(22826) 的(16029838) 巧克力(4924) 心型(102) 汽球(397) 玫瑰花(1081) 及(304586) 香檳(1165) 等(327380),{'High': 37},"{'第2級': 3, '第4*級': 1, '第1級': 6, '第5級': 5, 'Unknown': 8, '第1*級': 4, '第6級': 3, '第4級': 2, '第2*級': 2, '第3級': 2, '第3*級': 1}",3,Y,Y,N,N
關島、塞班及帛琉三處均屬於島嶼及海灘型度假地區，除了套裝行程安排的內容外，也有許多自費的水上遊程選擇。,關島 塞班 及 帛琉 三 處 均 屬於 島嶼 及 海灘型 度假 地區 除了 套裝 行程 安排 的 內容 外 也 有 許多 自費 的 水上 遊程 選擇,28,關島(112) 塞班(13) 及(304586) 帛琉(139) 三(313861) 處(84410) 均(27783) 屬於(39478) 島嶼(3972) 及(304586) 海灘型(Unknown) 度假(3488) 地區(40339) 除了(75964) 套裝(916) 行程(5276) 安排(30105) 的(16029838) 內容(55074) 外(109310) 也(1590760) 有(2217079) 許多(159791) 自費(563) 的(16029838) 水上(4) 遊程(16) 選擇(75178),"{'High': 24, 'Low': 4}","{'Unknown': 9, '第5級': 4, '第1級': 6, '第6級': 2, '第4*級': 1, '第4級': 3, '第3*級': 3}",1,Y,Y,N,N
加拿大國際航空代辦雪山盟蜜月婚禮。,加拿大 國際 航空 代辦 雪山盟 蜜月 婚禮,7,加拿大(5370) 國際(40846) 航空(4707) 代辦(298) 雪山盟(4) 蜜月(697) 婚禮(5476),"{'High': 6, 'Low': 1}","{'第4級': 3, '第5級': 2, 'Unknown': 2}",2,Y,N,N,N
加航去年底推出的冬季加航自主遊的內容，新增加蜜月婚禮雪山盟二夜之旅行程，新人可以選擇住宿班夫泉城堡旅館或皇家山旅館蜜月套房，在兩夜住宿期間，加航特約旅行社為旅客準備好了婚禮儀式，包括結婚證書、證人、新娘頭飾、捧花、二小時攝影師隨行、相片及中文解說員等。,加航 去年 底 推出 的 冬季 加航 自主 遊 的 內容 新 增加 蜜月 婚禮 雪山盟 二 夜 之 旅 行程 新人 可以 選擇 住宿 班夫泉 城堡 旅館 或 皇家山 旅館 蜜月 套房 在 兩 夜 住宿 期間 加航 特約 旅行社 為 旅客 準備好 了 婚禮 儀式 包括 結婚 證書 證人 新娘 頭飾 捧花 二 小時 攝影師 隨行 相片 及 中文 解說員 等,63,加航(1) 去年(9462) 底(37174) 推出(10009) 的(16029838) 冬季(3660) 加航(1) 自主(6552) 遊(6316) 的(16029838) 內容(55074) 新(212453) 增加(48296) 蜜月(697) 婚禮(5476) 雪山盟(4) 二(152494) 夜(31283) 之(875481) 旅(8620) 行程(5276) 新人(3079) 可以(560531) 選擇(75178) 住宿(2271) 班夫泉(Unknown) 城堡(5507) 旅館(12498) 或(478077) 皇家山(2) 旅館(12498) 蜜月(697) 套房(1060) 在(3284238) 兩(526190) 夜(31283) 住宿(2271) 期間(32981) 加航(1) 特約(683) 旅行社(991) 為(761341) 旅客(3355) 準備好(9688) 了(3199291) 婚禮(5476) 儀式(13945) 包括(74410) 結婚(22719) 證書(1420) 證人(3917) 新娘(4207) 頭飾(309) 捧花(14) 二(152494) 小時(48521) 攝影師(3933) 隨行(1835) 相片(3929) 及(304586) 中文(9751) 解說員(330) 等(327380),"{'Low': 7, 'High': 56}","{'Unknown': 18, '第1級': 10, '第3*級': 6, '第5級': 12, '第4級': 5, '第6級': 3, '第2*級': 2, '第3級': 2, '第1*級': 1, '第4*級': 1, '第7級': 2, '第2級': 1}",7,Y,Y,N,N
澳航附贈一段國內線機票。,澳航 附贈 一 段 國內線 機票,6,澳航(4) 附贈(203) 一(3701681) 段(95980) 國內線(41) 機票(1174),"{'Low': 2, 'High': 4}","{'Unknown': 4, '第1級': 1, '第4級': 1}",1,Y,N,N,N
澳航目前正積極規畫蜜月套裝行程，預定四月中旬上市，值得密切注意。,澳航 目前 正 積極 規畫 蜜月 套裝 行程 預定 四月 中旬 上市 值得 密切 注意,15,澳航(4) 目前(48695) 正(179334) 積極(24247) 規畫(2553) 蜜月(697) 套裝(916) 行程(5276) 預定(3218) 四月(14996) 中旬(1756) 上市(7933) 值得(34362) 密切(10538) 注意(49591),"{'Low': 1, 'High': 14}","{'Unknown': 4, '第4級': 2, '第3*級': 1, '第4*級': 1, '第6級': 1, '第5級': 5, '第2級': 1}",0,Y,N,N,N
澳航經理胡美皇指出，過去澳航便規畫出個人行產品，其實也適合蜜月旅客，但今年公司重新檢討行程內容，發現應該把潛力看好的蜜月及高爾夫行程特別規畫出來。,澳航 經理 胡美皇 指出 過去 澳航 便 規畫出 個人行 產品 其實 也 適合 蜜月 旅客 但 今年 公司 重新 檢討 行程 內容 發現 應該 把 潛力 看好 的 蜜月 及 高爾夫 行程 特別 規畫 出來,35,澳航(4) 經理(11331) 胡美皇(Unknown) 指出(38456) 過去(88758) 澳航(4) 便(220860) 規畫出(45) 個人行(Unknown) 產品(51029) 其實(109290) 也(1590760) 適合(25592) 蜜月(697) 旅客(3355) 但(597124) 今年(10836) 公司(168500) 重新(44668) 檢討(5992) 行程(5276) 內容(55074) 發現(175233) 應該(165478) 把(617773) 潛力(5300) 看好(2408) 的(16029838) 蜜月(697) 及(304586) 高爾夫(668) 行程(5276) 特別(91212) 規畫(2553) 出來(50336),"{'Low': 5, 'High': 30}","{'Unknown': 11, '第4*級': 1, '第4級': 2, '第6級': 2, '第3*級': 1, '第1級': 3, '第3級': 1, '第5級': 8, '第2級': 5, '第1*級': 1}",4,Y,Y,N,Y
她指出，該公司將推出的蜜月半自助套裝行程，將為新人設計方便而舒適的內容，且旅館比較講究。,她 指出 該 公司 將 推出 的 蜜月 半 自助 套裝 行程 將 為 新人 設計 方便 而 舒適 的 內容 且 旅館 比較 講究,25,她(1052913) 指出(38456) 該(148369) 公司(168500) 將(448374) 推出(10009) 的(16029838) 蜜月(697) 半(80813) 自助(1213) 套裝(916) 行程(5276) 將(448374) 為(761341) 新人(3079) 設計(59326) 方便(14172) 而(937923) 舒適(6657) 的(16029838) 內容(55074) 且(67015) 旅館(12498) 比較(112212) 講究(5187),{'High': 25},"{'第1級': 4, 'Unknown': 4, '第4*級': 3, '第2級': 2, '第5級': 8, '第1*級': 1, '第4級': 1, '第3級': 1, '第2*級': 1}",0,Y,Y,N,N
胡美皇指出，一般蜜月套裝產品包括的預先劃位、機上送蜜月蛋糕、香檳酒及飯店的特別迎賓方式，都會設計在內，初期，將推出六座城市的蜜月套裝行程：凱恩斯、黃金海岸、布里斯本、雪梨、墨爾本及阿德雷德等。,胡美皇 指出 一般 蜜月 套裝 產品 包括 的 預先 劃位 機 上 送 蜜月 蛋糕 香檳酒 及 飯店 的 特別 迎賓 方式 都 會 設計 在 內 初期 將 推出 六 座 城市 的 蜜月 套裝 行程 凱恩斯 黃金海岸 布里斯本 雪梨 墨爾本 及 阿德雷德 等,45,胡美皇(Unknown) 指出(38456) 一般(80732) 蜜月(697) 套裝(916) 產品(51029) 包括(74410) 的(16029838) 預先(3953) 劃位(42) 機(4726) 上(1233218) 送(32804) 蜜月(697) 蛋糕(4632) 香檳酒(146) 及(304586) 飯店(9669) 的(16029838) 特別(91212) 迎賓(144) 方式(133407) 都(1125846) 會(1014977) 設計(59326) 在(3284238) 內(183051) 初期(11598) 將(448374) 推出(10009) 六(77936) 座(49959) 城市(32018) 的(16029838) 蜜月(697) 套裝(916) 行程(5276) 凱恩斯(267) 黃金海岸(71) 布里斯本(49) 雪梨(634) 墨爾本(361) 及(304586) 阿德雷德(74) 等(327380),"{'Low': 5, 'High': 40}","{'Unknown': 16, '第3*級': 4, '第5級': 9, '第1級': 6, '第2級': 2, '第2*級': 2, '第4*級': 2, '第1*級': 2, '第3級': 2}",7,Y,Y,N,Y
另外，該公司航線遍佈澳洲各城市，蜜月行程將加送一段國內線機票，這是其他航空公司所沒有的優勢。,另外 該 公司 航線 遍佈 澳洲 各 城市 蜜月 行程 將 加送 一 段 國內線 機票 這 是 其他 航空 公司 所 沒有 的 優勢,25,另外(48233) 該(148369) 公司(168500) 航線(1424) 遍佈(832) 澳洲(5383) 各(243023) 城市(32018) 蜜月(697) 行程(5276) 將(448374) 加送(6) 一(3701681) 段(95980) 國內線(41) 機票(1174) 這(2114032) 是(4642407) 其他(189445) 航空(4707) 公司(168500) 所(527327) 沒有(594280) 的(16029838) 優勢(16050),"{'High': 23, 'Low': 2}","{'第3級': 2, '第4*級': 1, '第2級': 5, '第7級': 1, '第6級': 2, '第4級': 2, '第5級': 4, 'Unknown': 3, '第1級': 5}",1,Y,Y,N,N
這是其他航空公司所沒有的優勢。,這 是 其他 航空 公司 所 沒有 的 優勢,9,這(2114032) 是(4642407) 其他(189445) 航空(4707) 公司(168500) 所(527327) 沒有(594280) 的(16029838) 優勢(16050),{'High': 9},"{'第1級': 4, '第2級': 3, '第5級': 1, '第6級': 1}",0,Y,N,N,N
遊達令港，不可遺漏了雪梨水族館，這裡所展示的數百種澳洲海洋魚類和海生物，將令你大開眼界。,遊 達令港 不可 遺漏 了 雪梨 水族館 這裡 所 展示 的 數百 種 澳洲 海洋 魚類 和 海 生物 將 令 你 大開眼界,23,遊(6316) 達令港(5) 不可(50808) 遺漏(1509) 了(3199291) 雪梨(634) 水族館(268) 這裡(100385) 所(527327) 展示(9373) 的(16029838) 數百(5902) 種(701563) 澳洲(5383) 海洋(8653) 魚類(2738) 和(1338337) 海(33696) 生物(18302) 將(448374) 令(128742) 你(1414837) 大開眼界(598),"{'High': 22, 'Low': 1}","{'Unknown': 11, '第6級': 2, '第1級': 3, '第2級': 2, '第5級': 3, '第4級': 2}",3,Y,Y,N,N
雪梨水族館號稱是全世界最大的水族館，這裡蒐集了澳洲各地出產的魚類，分別飼養在巨型的透明水櫃裡，而水櫃內也完全仿照海底自然環境設計，參觀者隔著厚厚的玻璃，有如置身水晶宮一般，能夠欣賞到多采多姿的海底景觀，以及各種豔麗的魚兒優游的情形。,雪梨 水族館 號稱 是 全 世界 最 大 的 水族館 這裡 蒐集 了 澳洲 各 地 出產 的 魚類 分別 飼養 在 巨型 的 透明 水櫃 裡 而 水櫃 內 也 完全 仿照 海 底 自然 環境 設計 參觀 者 隔 著 厚厚 的 玻璃 有如 置身 水晶宮 一般 能夠 欣賞到 多采多姿 的 海 底 景觀 以及 各 種 豔麗 的 魚兒 優游 的 情形,65,雪梨(634) 水族館(268) 號稱(3257) 是(4642407) 全(178642) 世界(165235) 最(421680) 大(525780) 的(16029838) 水族館(268) 這裡(100385) 蒐集(7173) 了(3199291) 澳洲(5383) 各(243023) 地(754998) 出產(1059) 的(16029838) 魚類(2738) 分別(25566) 飼養(2110) 在(3284238) 巨型(1386) 的(16029838) 透明(5815) 水櫃(11) 裡(520435) 而(937923) 水櫃(11) 內(183051) 也(1590760) 完全(115744) 仿照(654) 海(33696) 底(37174) 自然(91995) 環境(71054) 設計(59326) 參觀(9034) 者(423504) 隔(10438) 著(1004687) 厚厚(2706) 的(16029838) 玻璃(11698) 有如(10689) 置身(3542) 水晶宮(241) 一般(80732) 能夠(96422) 欣賞到(330) 多采多姿(757) 的(16029838) 海(33696) 底(37174) 景觀(4987) 以及(155624) 各(243023) 種(701563) 豔麗(650) 的(16029838) 魚兒(1020) 優游(398) 的(16029838) 情形(35199),"{'High': 63, 'Low': 2}","{'Unknown': 18, '第6級': 6, '第1級': 11, '第2級': 6, '第1*級': 3, '第5級': 5, '第4級': 2, '第4*級': 3, '第3級': 2, '第3*級': 7, '第7級': 2}",5,Y,Y,N,N
水族館內共分為：鹹水鱷魚區、紅樹林生態區、遠北方魚類區、親水區、海豹區、礁岩海岸生態區、大堡礁區、外洋魚類區、雪梨港水域生態區等，其中海豹區、大堡礁區和雪梨港水域生態區為可容數萬加侖海水的巨型玻璃水池，四周環繞著水下步道，遊客在此，可看到重量上百公斤張著森森利齒的大沙魚、活潑擅泳的海豹、慵懶的大石斑、頭部宛若小孩臉孔的魚、成群結隊四處逡游的科魚類，以及在沉船、珊瑚礁邊棲息的無數五彩斑爛的熱帶魚，成群在自己的頭頂和四周追逐、嬉戲。,水族館 內 共 分為 鹹水 鱷魚區 紅樹林 生態區 遠 北方 魚類區 親水區 海豹區 礁岩 海岸 生態區 大堡礁區 外洋 魚類區 雪梨港 水域 生態區 等 其中 海豹區 大堡礁區 和 雪梨港 水域 生態區 為 可 容 數萬 加侖 海水 的 巨型 玻璃 水池 四周 環繞 著 水 下 步道 遊客 在 此 可 看到 重量 上 百 公斤 張 著 森森 利齒 的 大 沙魚 活潑 擅 泳 的 海豹 慵懶 的 大石斑 頭部 宛若 小孩 臉孔 的 魚 成群結隊 四處 逡游 的 科 魚類 以及 在 沉船 珊瑚礁 邊 棲息 的 無數 五彩 斑爛 的 熱帶魚 成群 在 自己 的 頭頂 和 四周 追逐 嬉戲,103,水族館(268) 內(183051) 共(32138) 分為(11069) 鹹水(147) 鱷魚區(Unknown) 紅樹林(334) 生態區(30) 遠(57546) 北方(9626) 魚類區(1) 親水區(16) 海豹區(Unknown) 礁岩(239) 海岸(5612) 生態區(30) 大堡礁區(3) 外洋(194) 魚類區(1) 雪梨港(6) 水域(1282) 生態區(30) 等(327380) 其中(95627) 海豹區(Unknown) 大堡礁區(3) 和(1338337) 雪梨港(6) 水域(1282) 生態區(30) 為(761341) 可(307359) 容(3650) 數萬(2164) 加侖(416) 海水(4373) 的(16029838) 巨型(1386) 玻璃(11698) 水池(1624) 四周(14209) 環繞(4620) 著(1004687) 水(86260) 下(329549) 步道(2650) 遊客(4899) 在(3284238) 此(288458) 可(307359) 看到(159419) 重量(6584) 上(1233218) 百(24843) 公斤(6150) 張(99414) 著(1004687) 森森(221) 利齒(91) 的(16029838) 大(525780) 沙魚(60) 活潑(6141) 擅(2181) 泳(201) 的(16029838) 海豹(1012) 慵懶(732) 的(16029838) 大石斑(3) 頭部(5436) 宛若(908) 小孩(47282) 臉孔(3845) 的(16029838) 魚(34923) 成群結隊(610) 四處(11924) 逡游(1) 的(16029838) 科(5780) 魚類(2738) 以及(155624) 在(3284238) 沉船(555) 珊瑚礁(608) 邊(123152) 棲息(1954) 的(16029838) 無數(12002) 五彩(659) 斑爛(36) 的(16029838) 熱帶魚(128) 成群(1805) 在(3284238) 自己(744739) 的(16029838) 頭頂(5391) 和(1338337) 四周(14209) 追逐(4397) 嬉戲(1359),"{'High': 84, 'Low': 19}","{'Unknown': 49, '第3級': 1, '第1*級': 10, '第2級': 1, '第5級': 9, '第6級': 4, '第3*級': 2, '第4*級': 5, '第1級': 14, '第4級': 3, '第7級': 5}",20,Y,Y,N,N
雪梨水族館和其他地區大型水族館不同的是，沒有商業性的動物表演，也沒有固定的餵食時間；只是單純的展示著海底景觀和生態，讓遊客自己慢慢觀賞慢慢體會。,雪梨 水族館 和 其他 地區 大型 水族館 不同 的 是 沒有 商業性 的 動物 表演 也 沒有 固定 的 餵食 時間 只是 單純 的 展示 著 海 底 景觀 和 生態 讓 遊客 自己 慢慢 觀賞 慢慢 體會,38,雪梨(634) 水族館(268) 和(1338337) 其他(189445) 地區(40339) 大型(12588) 水族館(268) 不同(159432) 的(16029838) 是(4642407) 沒有(594280) 商業性(322) 的(16029838) 動物(36835) 表演(20601) 也(1590760) 沒有(594280) 固定(15809) 的(16029838) 餵食(2126) 時間(213595) 只是(96536) 單純(13665) 的(16029838) 展示(9373) 著(1004687) 海(33696) 底(37174) 景觀(4987) 和(1338337) 生態(9124) 讓(526314) 遊客(4899) 自己(744739) 慢慢(36056) 觀賞(5617) 慢慢(36056) 體會(9519),{'High': 38},"{'Unknown': 13, '第2級': 3, '第4級': 3, '第3級': 1, '第1級': 9, '第4*級': 2, '第5級': 4, '第3*級': 1, '第6級': 1, '第1*級': 1}",3,Y,Y,N,N
遊客如果想中途出場，持入場券到大門口驗票處蓋再入場章即可。,遊客 如果 想 中途 出場 持 入場券 到 大門口 驗票處 蓋 再 入場章 即可,14,遊客(4899) 如果(322121) 想(449884) 中途(3063) 出場(2428) 持(11680) 入場券(246) 到(546906) 大門口(Unknown) 驗票處(Unknown) 蓋(21495) 再(326207) 入場章(Unknown) 即可(7563),"{'High': 11, 'Low': 3}","{'Unknown': 5, '第2級': 1, '第1級': 2, '第5級': 2, '第6級': 2, '第4級': 1, '第1*級': 1}",4,Y,Y,N,N
開放時間在每天上午九時至下午九時，但海豹館則開放到日落。,開放 時間 在 每 天 上午 九時 至 下午 九時 但 海豹館 則 開放 到 日落,16,開放(17546) 時間(213595) 在(3284238) 每(333357) 天(330413) 上午(6241) 九時(372) 至(101530) 下午(20045) 九時(372) 但(597124) 海豹館(Unknown) 則(254096) 開放(17546) 到(546906) 日落(1823),"{'High': 15, 'Low': 1}","{'第4級': 2, '第1級': 5, '第1*級': 2, 'Unknown': 3, '第5級': 3, '第2級': 1}",1,Y,Y,N,N
回旅遊專刊回民生天地主畫面主畫面回旅遊專刊回民生天地主畫面東部海岸生態豐富，具有海岸風情和動植物自然景觀，是推展生態旅遊最佳去處，並以此特色與同為海岸型風景區的東北角海岸遊程區隔。,回 旅遊 專刊 回 民生 天地 主畫面主畫面 回 旅遊 專刊 回 民生 天地 主畫面東部 海岸 生態 豐富 具有 海岸 風情 和 動植物 自然 景觀 是 推展 生態 旅遊 最佳 去處 並 以 此 特色 與 同 為 海岸型 風景區 的 東北角 海岸 遊程 區隔,44,回(92620) 旅遊(8465) 專刊(245) 回(92620) 民生(2666) 天地(13048) 主畫面主畫面(Unknown) 回(92620) 旅遊(8465) 專刊(245) 回(92620) 民生(2666) 天地(13048) 主畫面東部(Unknown) 海岸(5612) 生態(9124) 豐富(24271) 具有(60702) 海岸(5612) 風情(1988) 和(1338337) 動植物(921) 自然(91995) 景觀(4987) 是(4642407) 推展(2011) 生態(9124) 旅遊(8465) 最佳(27224) 去處(972) 並(442790) 以(547785) 此(288458) 特色(16060) 與(968432) 同(102917) 為(761341) 海岸型(Unknown) 風景區(498) 的(16029838) 東北角(461) 海岸(5612) 遊程(16) 區隔(2200),"{'High': 40, 'Low': 4}","{'第2級': 4, '第4級': 5, 'Unknown': 14, '第6級': 9, '第5級': 7, '第3*級': 1, '第1級': 2, '第4*級': 2}",6,Y,Y,N,N
東海岸和綠島結合起來，構成東部生態之旅。,東海岸 和 綠島 結合起來 構成 東部 生態 之 旅,9,東海岸(640) 和(1338337) 綠島(622) 結合起來(Unknown) 構成(16185) 東部(3597) 生態(9124) 之(875481) 旅(8620),"{'High': 8, 'Low': 1}","{'Unknown': 6, '第5級': 3}",2,Y,Y,N,N
生態旅遊是近年國際觀光潮流，也是永續觀光的主要經營訴求，當東部海岸國家風景區內的綠島，很早就定位朝向生態觀光發展，島上生態豐富，因位於黑潮北流處，海洋生物多，是海釣絕佳去處，並因海底資源豐，水質清澈，潛水活動也相當熱絡。,生態 旅遊 是 近年 國際 觀光 潮流 也 是 永續 觀光 的 主要 經營 訴求 當 東部 海岸 國家 風景區 內 的 綠島 很 早 就 定位 朝向 生態 觀光 發展 島 上 生態 豐富 因 位於 黑潮 北流處 海洋 生物 多 是 海釣 絕佳 去處 並 因 海 底 資源 豐 水質 清澈 潛水 活動 也 相當 熱絡,59,生態(9124) 旅遊(8465) 是(4642407) 近年(7929) 國際(40846) 觀光(4478) 潮流(4509) 也(1590760) 是(4642407) 永續(2258) 觀光(4478) 的(16029838) 主要(78757) 經營(39913) 訴求(3497) 當(294625) 東部(3597) 海岸(5612) 國家(109166) 風景區(498) 內(183051) 的(16029838) 綠島(622) 很(715675) 早(62038) 就(1737544) 定位(7215) 朝向(4160) 生態(9124) 觀光(4478) 發展(117494) 島(19160) 上(1233218) 生態(9124) 豐富(24271) 因(119364) 位於(19612) 黑潮(252) 北流處(Unknown) 海洋(8653) 生物(18302) 多(318992) 是(4642407) 海釣(81) 絕佳(2582) 去處(972) 並(442790) 因(119364) 海(33696) 底(37174) 資源(27580) 豐(2924) 水質(728) 清澈(2073) 潛水(1134) 活動(85743) 也(1590760) 相當(66293) 熱絡(881),"{'High': 57, 'Low': 2}","{'第5級': 6, '第4級': 12, '第1級': 12, '第6級': 7, 'Unknown': 14, '第1*級': 1, '第3級': 2, '第4*級': 1, '第2級': 2, '第3*級': 1, '第7級': 1}",2,Y,Y,N,N
綠島的朝日溫泉為舉世少有的海底溫泉，提供露天泡溫泉樂趣，而早年野放的梅花鹿，現已成為島上野生動物觀光資源，加上四季永遠鮮綠的島上植物景觀和地質地形，更發展出單車旅遊和海上遊艇活動。,綠島 的 朝日 溫泉 為 舉世 少有 的 海 底 溫泉 提供 露天 泡 溫泉 樂趣 而 早年 野放 的 梅花鹿 現已 成為 島 上 野生 動物 觀光 資源 加上 四 季 永遠 鮮綠 的 島 上 植物 景觀 和 地質 地形 更 發展出 單車 旅遊 和 海 上 遊艇 活動,51,綠島(622) 的(16029838) 朝日(406) 溫泉(2435) 為(761341) 舉世(1328) 少有(1136) 的(16029838) 海(33696) 底(37174) 溫泉(2435) 提供(73097) 露天(1305) 泡(7148) 溫泉(2435) 樂趣(9412) 而(937923) 早年(5061) 野放(148) 的(16029838) 梅花鹿(339) 現已(1218) 成為(143834) 島(19160) 上(1233218) 野生(2489) 動物(36835) 觀光(4478) 資源(27580) 加上(38121) 四(141667) 季(8122) 永遠(45362) 鮮綠(76) 的(16029838) 島(19160) 上(1233218) 植物(19121) 景觀(4987) 和(1338337) 地質(1191) 地形(3468) 更(361676) 發展出(9690) 單車(1965) 旅遊(8465) 和(1338337) 海(33696) 上(1233218) 遊艇(1057) 活動(85743),"{'High': 50, 'Low': 1}","{'Unknown': 15, '第1級': 8, '第3級': 6, '第6級': 4, '第2級': 3, '第3*級': 1, '第4*級': 2, '第5級': 4, '第4級': 6, '第7級': 2}",2,Y,Y,N,N
近年觀光設施日趨完善，更具備生態旅遊條件。,近年 觀光 設施 日趨 完善 更 具備 生態 旅遊 條件,10,近年(7929) 觀光(4478) 設施(5472) 日趨(1652) 完善(3609) 更(361676) 具備(13398) 生態(9124) 旅遊(8465) 條件(36308),{'High': 10},"{'第4級': 4, '第6級': 3, 'Unknown': 1, '第5級': 2}",0,Y,N,N,N
東海岸與綠島可規畫連線遊程，含括花蓮和台東兩縣的東部海岸國家風景區，從花蓮溪口到台東縣小野柳，海岸線長達一百七十餘公里，由於開發腳步較西部晚，東海岸仍保有完整的生態景觀，動植物資源也成為觀光賣點，區內並有台灣唯一全年不休的泛舟河川—秀姑巒溪，提供動態十足的泛舟冒險旅遊。,東海岸 與 綠島 可 規畫 連線 遊程 含括 花蓮 和 台東 兩 縣 的 東部 海岸 國家 風景區 從 花蓮溪 口 到 台東縣 小野柳 海岸線 長達 一百七十餘 公里 由於 開發 腳步 較 西部 晚 東海岸 仍 保有 完整 的 生態 景觀 動植物 資源 也 成為 觀光 賣點 區 內 並 有 台灣 唯一 全 年 不休 的 泛舟 河川 秀姑巒溪 提供 動態 十足 的 泛舟 冒險 旅遊,67,東海岸(640) 與(968432) 綠島(622) 可(307359) 規畫(2553) 連線(1404) 遊程(16) 含括(441) 花蓮(3554) 和(1338337) 台東(2086) 兩(526190) 縣(9693) 的(16029838) 東部(3597) 海岸(5612) 國家(109166) 風景區(498) 從(496546) 花蓮溪(16) 口(83854) 到(546906) 台東縣(438) 小野柳(11) 海岸線(1031) 長達(6188) 一百七十餘(24) 公里(16646) 由於(88111) 開發(19196) 腳步(12300) 較(78424) 西部(5186) 晚(24931) 東海岸(640) 仍(92056) 保有(4661) 完整(19201) 的(16029838) 生態(9124) 景觀(4987) 動植物(921) 資源(27580) 也(1590760) 成為(143834) 觀光(4478) 賣點(1045) 區(6652) 內(183051) 並(442790) 有(2217079) 台灣(130718) 唯一(39149) 全(178642) 年(514736) 不休(2536) 的(16029838) 泛舟(465) 河川(1494) 秀姑巒溪(150) 提供(73097) 動態(4877) 十足(6475) 的(16029838) 泛舟(465) 冒險(11050) 旅遊(8465),"{'High': 63, 'Low': 4}","{'Unknown': 23, '第4*級': 7, '第6級': 4, '第5級': 9, '第1級': 10, '第1*級': 3, '第3級': 2, '第7級': 1, '第4級': 6, '第2級': 2}",10,Y,Y,N,N
東部海岸具有溪流、動植物等遊憩資源，適宜向國內外遊客推荐。,東部 海岸 具有 溪流 動植物 等 遊憩 資源 適宜 向 國內外 遊客 推荐,13,東部(3597) 海岸(5612) 具有(60702) 溪流(1785) 動植物(921) 等(327380) 遊憩(195) 資源(27580) 適宜(1596) 向(231672) 國內外(1883) 遊客(4899) 推荐(101),{'High': 13},"{'Unknown': 6, '第5級': 1, '第6級': 3, '第3*級': 1, '第4級': 1, '第2級': 1}",2,Y,Y,N,N
海岸風光優美，東海岸區內的杉原和磯崎海水浴場提供海灘戲水活動，秀姑巒溪不但可供泛舟，兩岸的動植物相和地形景觀也大有看頭，兼具戲水與生態遊程，而東河橋下的馬武窟溪，溪底散布美麗的白石，使河景更添美色；東海岸的植物景觀相當精采，秀姑巒溪兩岸的熱帶雨林，奚卜蘭島的荊棘林和珊瑚礁植物均很特殊；動物資源則以蝴蝶、鳥類、台灣獮猴最具代表性。,海岸 風光 優美 東海岸 區 內 的 杉原 和 磯崎 海水 浴場 提供 海灘 戲水 活動 秀姑巒溪 不但 可 供 泛舟 兩岸 的 動植物 相 和 地形 景觀 也 大 有 看頭 兼具 戲水 與 生態 遊程 而 東河橋 下 的 馬武窟溪 溪 底 散布 美麗 的 白石 使 河景 更 添 美色 東海岸 的 植物 景觀 相當 精采 秀姑巒溪 兩岸 的 熱帶 雨林 奚卜蘭島 的 荊棘林和 珊瑚礁 植物 均 很 特殊 動物 資源 則 以 蝴蝶 鳥類 台灣 獮猴 最 具 代表性,83,海岸(5612) 風光(3236) 優美(4205) 東海岸(640) 區(6652) 內(183051) 的(16029838) 杉原(43) 和(1338337) 磯崎(140) 海水(4373) 浴場(455) 提供(73097) 海灘(3965) 戲水(343) 活動(85743) 秀姑巒溪(150) 不但(40359) 可(307359) 供(17109) 泛舟(465) 兩岸(6984) 的(16029838) 動植物(921) 相(32217) 和(1338337) 地形(3468) 景觀(4987) 也(1590760) 大(525780) 有(2217079) 看頭(323) 兼具(2204) 戲水(343) 與(968432) 生態(9124) 遊程(16) 而(937923) 東河橋(2) 下(329549) 的(16029838) 馬武窟溪(9) 溪(5385) 底(37174) 散布(1735) 美麗(24889) 的(16029838) 白石(333) 使(197544) 河景(27) 更(361676) 添(4608) 美色(616) 東海岸(640) 的(16029838) 植物(19121) 景觀(4987) 相當(66293) 精采(4673) 秀姑巒溪(150) 兩岸(6984) 的(16029838) 熱帶(2617) 雨林(944) 奚卜蘭島(Unknown) 的(16029838) 荊棘林和(Unknown) 珊瑚礁(608) 植物(19121) 均(27783) 很(715675) 特殊(28606) 動物(36835) 資源(27580) 則(254096) 以(547785) 蝴蝶(4721) 鳥類(2600) 台灣(130718) 獮猴(Unknown) 最(421680) 具(41661) 代表性(3248),"{'High': 75, 'Low': 8}","{'第5級': 13, '第6級': 8, 'Unknown': 35, '第4級': 2, '第3級': 3, '第1級': 12, '第4*級': 4, '第2級': 1, '第1*級': 2, '第3*級': 2, '第7級': 1}",11,Y,Y,N,Y
動物資源則以蝴蝶、鳥類、台灣獮猴最具代表性。,動物 資源 則 以 蝴蝶 鳥類 台灣 獮 猴 最 具 代表性,12,動物(36835) 資源(27580) 則(254096) 以(547785) 蝴蝶(4721) 鳥類(2600) 台灣(130718) 獮(109) 猴(4875) 最(421680) 具(41661) 代表性(3248),{'High': 12},"{'Unknown': 4, '第4級': 2, '第5級': 3, '第1級': 1, '第1*級': 1, '第6級': 1}",1,Y,N,N,N
全世界的首都，都是觀光客喜愛前往的去處，也是國際觀光賣點。,全 世界 的 首都 都 是 觀光客 喜愛 前往 的 去處 也 是 國際 觀光 賣點,16,全(178642) 世界(165235) 的(16029838) 首都(12838) 都(1125846) 是(4642407) 觀光客(2140) 喜愛(12200) 前往(27321) 的(16029838) 去處(972) 也(1590760) 是(4642407) 國際(40846) 觀光(4478) 賣點(1045),{'High': 16},"{'第2級': 2, '第1級': 6, '第4級': 5, '第5級': 1, 'Unknown': 2}",1,Y,N,N,N
台北都會之旅，自然躍上台灣十大旅遊路線榜上，而台北都會區，不但萬華、龍山等老市區保存有不少傳統建築，故宮博物院、中正紀念堂、國父紀念館等文化旅遊點，也值得國內外遊客走訪欣賞，尤其華西街、饒河街觀光夜市，更是充滿魅力。,台北 都會 之 旅 自然 躍上 台灣 十 大 旅遊 路線 榜 上 而 台北 都會區 不但 萬華 龍山 等 老 市區 保存 有 不少 傳統 建築 故宮 博物院 中正 紀念堂 國父 紀念館 等 文化 旅遊點 也 值得 國內外 遊客 走訪 欣賞 尤其 華西街 饒河街 觀光 夜市 更 是 充滿 魅力,51,台北(22242) 都會(1080) 之(875481) 旅(8620) 自然(91995) 躍上(597) 台灣(130718) 十(77415) 大(525780) 旅遊(8465) 路線(9508) 榜(1077) 上(1233218) 而(937923) 台北(22242) 都會區(398) 不但(40359) 萬華(309) 龍山(287) 等(327380) 老(75373) 市區(3749) 保存(10152) 有(2217079) 不少(35256) 傳統(60517) 建築(31065) 故宮(5500) 博物院(2276) 中正(1643) 紀念堂(414) 國父(1147) 紀念館(1101) 等(327380) 文化(115697) 旅遊點(21) 也(1590760) 值得(34362) 國內外(1883) 遊客(4899) 走訪(1087) 欣賞(17817) 尤其(50700) 華西街(58) 饒河街(19) 觀光(4478) 夜市(1232) 更(361676) 是(4642407) 充滿(43990) 魅力(8207),"{'High': 48, 'Low': 3}","{'Unknown': 19, '第7級': 3, '第5級': 4, '第3*級': 5, '第1級': 8, '第4級': 4, '第3級': 2, '第4*級': 3, '第6級': 1, '第2級': 1, '第2*級': 1}",8,Y,Y,N,Y
台北都會區遊程，兼具文化、老建築、自然風光、地理景致和產業景觀，加上獨具特色的觀光夜市，蔚成非常多樣化的台北都會之旅。,台北 都會區 遊程 兼具 文化 老 建築 自然 風光 地理 景致 和 產業 景觀 加上 獨具 特色 的 觀光 夜市 蔚成 非常 多樣化 的 台北 都會 之 旅,28,台北(22242) 都會區(398) 遊程(16) 兼具(2204) 文化(115697) 老(75373) 建築(31065) 自然(91995) 風光(3236) 地理(7072) 景致(1617) 和(1338337) 產業(29756) 景觀(4987) 加上(38121) 獨具(1060) 特色(16060) 的(16029838) 觀光(4478) 夜市(1232) 蔚成(134) 非常(152032) 多樣化(1765) 的(16029838) 台北(22242) 都會(1080) 之(875481) 旅(8620),"{'High': 27, 'Low': 1}","{'Unknown': 8, '第6級': 3, '第2級': 1, '第1級': 3, '第4*級': 2, '第3*級': 1, '第7級': 3, '第5級': 2, '第3級': 1, '第4級': 2, '第2*級': 1, '第1*級': 1}",2,Y,Y,N,N
台北盆地的開發，從艋舺展開，也就是今天的萬華和龍山地區，也因此，萬華保有非常多的老建築，迪化街的南北雜貨鋪，不但國內民眾懷舊喜遊，也吸引不少外國觀光客前往。,台北 盆地 的 開發 從 艋舺 展開 也 就 是 今天 的 萬華 和 龍山 地區 也 因此 萬華 保有 非常 多 的 老 建築 迪化街 的 南北 雜貨鋪 不但 國內 民眾 懷舊 喜 遊 也 吸引 不少 外國 觀光客 前往,41,台北(22242) 盆地(1204) 的(16029838) 開發(19196) 從(496546) 艋舺(858) 展開(17154) 也(1590760) 就(1737544) 是(4642407) 今天(73277) 的(16029838) 萬華(309) 和(1338337) 龍山(287) 地區(40339) 也(1590760) 因此(184606) 萬華(309) 保有(4661) 非常(152032) 多(318992) 的(16029838) 老(75373) 建築(31065) 迪化街(288) 的(16029838) 南北(4305) 雜貨鋪(94) 不但(40359) 國內(17537) 民眾(17097) 懷舊(1579) 喜(10884) 遊(6316) 也(1590760) 吸引(20619) 不少(35256) 外國(13057) 觀光客(2140) 前往(27321),"{'High': 40, 'Low': 1}","{'Unknown': 13, '第7級': 2, '第1級': 12, '第5級': 3, '第1*級': 3, '第4級': 4, '第4*級': 3, '第3級': 1}",3,Y,Y,N,N
故宮博物院是台北都會旅遊行程中，最具吸引遊客魅力的文化遊點。,故宮 博物院 是 台北 都會 旅遊 行程 中 最 具 吸引 遊客 魅力 的 文化 遊點,16,故宮(5500) 博物院(2276) 是(4642407) 台北(22242) 都會(1080) 旅遊(8465) 行程(5276) 中(1011729) 最(421680) 具(41661) 吸引(20619) 遊客(4899) 魅力(8207) 的(16029838) 文化(115697) 遊點(Unknown),"{'High': 15, 'Low': 1}","{'Unknown': 5, '第6級': 2, '第1級': 2, '第7級': 1, '第4級': 2, '第5級': 2, '第1*級': 1, '第2級': 1}",1,Y,N,N,N
典藏中國文化藝術精華的故宮博物院，原就是外國觀光客來台必遊的焦點，結合復興劇校的中國傳統技藝表演，這兩年成為吸引來華客的文化遊程。,典藏 中國 文化 藝術 精華 的 故宮 博物院 原 就 是 外國 觀光客 來 台 必 遊 的 焦點 結合 復興 劇校 的 中國 傳統 技藝 表演 這 兩 年成 為 吸引 來華客 的 文化 遊程,36,典藏(928) 中國(214840) 文化(115697) 藝術(80645) 精華(2141) 的(16029838) 故宮(5500) 博物院(2276) 原(33852) 就(1737544) 是(4642407) 外國(13057) 觀光客(2140) 來(742183) 台(29325) 必(37598) 遊(6316) 的(16029838) 焦點(10000) 結合(22408) 復興(2801) 劇校(87) 的(16029838) 中國(214840) 傳統(60517) 技藝(3002) 表演(20601) 這(2114032) 兩(526190) 年成(42) 為(761341) 吸引(20619) 來華客(Unknown) 的(16029838) 文化(115697) 遊程(16),"{'High': 32, 'Low': 4}","{'Unknown': 10, '第1級': 11, '第2級': 3, '第4級': 4, '第6級': 4, '第1*級': 1, '第5級': 1, '第4*級': 1, '第3級': 1}",3,Y,N,N,Y
建築風格揉和現代與傳統趣味的中正紀念堂、國父紀念館，原就是都會遊程的一環，與舊市區串接包裝起來，就是條動靜兼具的旅遊路線。,建築 風格 揉和 現代 與 傳統 趣味 的 中正 紀念堂 國父 紀念館 原 就 是 都會 遊程 的 一 環 與 舊 市區 串接 包裝 起來 就 是 條 動靜 兼具 的 旅遊 路線,34,建築(31065) 風格(24707) 揉和(15) 現代(40344) 與(968432) 傳統(60517) 趣味(4396) 的(16029838) 中正(1643) 紀念堂(414) 國父(1147) 紀念館(1101) 原(33852) 就(1737544) 是(4642407) 都會(1080) 遊程(16) 的(16029838) 一(3701681) 環(4630) 與(968432) 舊(32022) 市區(3749) 串接(74) 包裝(5682) 起來(110738) 就(1737544) 是(4642407) 條(115362) 動靜(4159) 兼具(2204) 的(16029838) 旅遊(8465) 路線(9508),"{'High': 31, 'Low': 3}","{'第4*級': 3, '第6級': 5, 'Unknown': 7, '第3*級': 2, '第3級': 1, '第1級': 8, '第7級': 2, '第1*級': 2, '第5級': 1, '第2級': 1, '第4級': 2}",2,Y,Y,N,Y
都會近郊的陽明山國家公園，四時風情不同，火山地景、溫泉硫磺、春花秋葉、夏綠冬雪、瀑布和草原等景致，鋪陳出陽明山自然美景，行程甚至可延伸向北海岸；茶園景觀和品茗之樂，向來就是台灣向國際促銷觀光的一大賣點，位於台北郊區的木柵觀光茶園，無論國內外遊客，都可規畫安排一日或半日遊程。,都會 近郊 的 陽明山 國家 公園 四 時 風情 不同 火山 地景 溫泉 硫磺 春花 秋葉 夏 綠 冬 雪 瀑布 和 草原 等 景致 鋪陳 出 陽明山 自然 美景 行程 甚至 可 延伸 向 北海岸 茶園 景觀 和 品茗 之 樂 向來 就 是 台灣 向 國際 促銷 觀光 的 一 大 賣點 位於 台北 郊區 的 木柵 觀光 茶園 無論 國內外 遊客 都 可 規畫 安排 一 日 或 半 日 遊程,74,都會(1080) 近郊(676) 的(16029838) 陽明山(687) 國家(109166) 公園(13910) 四(141667) 時(623734) 風情(1988) 不同(159432) 火山(2678) 地景(1069) 溫泉(2435) 硫磺(543) 春花(19) 秋葉(3) 夏(10706) 綠(15200) 冬(6443) 雪(12104) 瀑布(2537) 和(1338337) 草原(5281) 等(327380) 景致(1617) 鋪陳(1170) 出(84457) 陽明山(687) 自然(91995) 美景(2063) 行程(5276) 甚至(122502) 可(307359) 延伸(6444) 向(231672) 北海岸(225) 茶園(493) 景觀(4987) 和(1338337) 品茗(275) 之(875481) 樂(12194) 向來(7370) 就(1737544) 是(4642407) 台灣(130718) 向(231672) 國際(40846) 促銷(3230) 觀光(4478) 的(16029838) 一(3701681) 大(525780) 賣點(1045) 位於(19612) 台北(22242) 郊區(2082) 的(16029838) 木柵(561) 觀光(4478) 茶園(493) 無論(37021) 國內外(1883) 遊客(4899) 都(1125846) 可(307359) 規畫(2553) 安排(30105) 一(3701681) 日(94041) 或(478077) 半(80813) 日(94041) 遊程(16),"{'High': 71, 'Low': 3}","{'第7級': 4, '第1級': 14, 'Unknown': 19, '第1*級': 3, '第3*級': 3, '第6級': 6, '第3級': 3, '第5級': 7, '第2級': 5, '第2*級': 1, '第4*級': 3, '第4級': 6}",4,Y,Y,N,N
台北的夜生活多采多姿，最具特色的還是幾條觀光夜市街道，尤其是萬華的華西街，更是觀光客的最愛，而松山的饒河街夜市、士林夜市，反映出台北這個國際大都市不一樣的夜間遊程。,台北 的 夜生活 多采多姿 最 具 特色 的 還 是 幾 條 觀光 夜市 街道 尤其 是 萬華 的 華西街 更 是 觀光客 的 最愛 而 松山 的 饒河街 夜市 士林 夜市 反映出 台北 這 個 國際 大 都市 不 一樣 的 夜間 遊程,44,台北(22242) 的(16029838) 夜生活(218) 多采多姿(757) 最(421680) 具(41661) 特色(16060) 的(16029838) 還(625086) 是(4642407) 幾(229415) 條(115362) 觀光(4478) 夜市(1232) 街道(8031) 尤其(50700) 是(4642407) 萬華(309) 的(16029838) 華西街(58) 更(361676) 是(4642407) 觀光客(2140) 的(16029838) 最愛(1190) 而(937923) 松山(683) 的(16029838) 饒河街(19) 夜市(1232) 士林(791) 夜市(1232) 反映出(3913) 台北(22242) 這(2114032) 個(2296574) 國際(40846) 大(525780) 都市(9548) 不(2282521) 一樣(188109) 的(16029838) 夜間(3657) 遊程(16),"{'High': 41, 'Low': 3}","{'Unknown': 13, '第1級': 14, '第6級': 2, '第1*級': 2, '第4級': 5, '第2級': 1, '第2*級': 3, '第4*級': 1, '第3*級': 1, '第5級': 2}",6,Y,Y,N,N
反映出台北這個國際大都市不一樣的夜間遊程。,反映出 台北 這 個 國際 大 都市 不 一樣 的 夜間 遊程,12,反映出(3913) 台北(22242) 這(2114032) 個(2296574) 國際(40846) 大(525780) 都市(9548) 不(2282521) 一樣(188109) 的(16029838) 夜間(3657) 遊程(16),"{'High': 11, 'Low': 1}","{'Unknown': 3, '第1級': 5, '第4級': 2, '第1*級': 1, '第5級': 1}",1,Y,N,N,N
山林之美四季可見森林火車蜿蜒而上最是聞名塔山群，山峰層次明顯，時見雲海景觀。,山林 之 美 四 季 可 見 森林 火車 蜿蜒 而 上 最 是 聞名 塔山群 山峰 層次 明顯 時見 雲海 景觀,22,山林(2890) 之(875481) 美(53380) 四(141667) 季(8122) 可(307359) 見(179113) 森林(14387) 火車(13566) 蜿蜒(2033) 而(937923) 上(1233218) 最(421680) 是(4642407) 聞名(4406) 塔山群(Unknown) 山峰(1371) 層次(13487) 明顯(35623) 時見(Unknown) 雲海(285) 景觀(4987),"{'High': 20, 'Low': 2}","{'第6級': 6, '第5級': 3, '第1*級': 4, '第1級': 3, '第3級': 1, '第4*級': 1, '第4級': 1, 'Unknown': 3}",1,Y,Y,N,N
阿里山森林是西元一八九九年被日本人所發現，位於嘉義縣阿里山鄉境內，離嘉義市七十二公里。,阿里山 森林 是 西元 一八九九年 被 日本人 所 發現 位於 嘉義縣 阿里山鄉 境 內 離 嘉義市 七十二 公里,18,阿里山(1074) 森林(14387) 是(4642407) 西元(19393) 一八九九年(350) 被(540683) 日本人(15735) 所(527327) 發現(175233) 位於(19612) 嘉義縣(614) 阿里山鄉(53) 境(15223) 內(183051) 離(29476) 嘉義市(355) 七十二(1241) 公里(16646),"{'High': 17, 'Low': 1}","{'Unknown': 8, '第4級': 2, '第1級': 1, '第4*級': 1, '第2級': 4, '第6級': 1, '第3級': 1}",7,Y,N,N,N
一般人所熟悉的阿里山，多數是指阿里山森林遊樂區。,一般人 所 熟悉 的 阿里山 多數 是 指 阿里山 森林 遊樂區,11,一般人(11675) 所(527327) 熟悉(20265) 的(16029838) 阿里山(1074) 多數(13621) 是(4642407) 指(84264) 阿里山(1074) 森林(14387) 遊樂區(297),{'High': 11},"{'Unknown': 4, '第2級': 1, '第4*級': 1, '第1級': 2, '第4級': 3}",4,Y,N,N,N
然而，阿里山則是屬於玉山山脈的支脈，與塔山隔溪谷相望，東邊面對高岳為祝山，隔陳有蘭溪望玉山主峰，阿里山脈總共由十八座大山構成，現新中橫公路，已將阿里山與玉山風景區相串連，遊客趨車可直上，是台灣一條高山風景旅遊路線，四季充滿山林之美。,然而 阿里山 則 是 屬於 玉山 山脈 的 支脈 與 塔山 隔 溪谷 相望 東邊 面對 高 岳 為 祝山 隔 陳有蘭溪 望 玉山 主峰 阿里山脈 總共 由 十八 座 大 山 構成 現 新 中橫公路 已 將 阿里山 與 玉山 風景區 相 串連 遊客 趨車 可 直 上 是 台灣 一 條 高山 風景 旅遊 路線 四 季 充滿 山林 之 美,63,然而(94482) 阿里山(1074) 則(254096) 是(4642407) 屬於(39478) 玉山(1195) 山脈(3141) 的(16029838) 支脈(80) 與(968432) 塔山(60) 隔(10438) 溪谷(752) 相望(592) 東邊(2244) 面對(62914) 高(128858) 岳(1716) 為(761341) 祝山(8) 隔(10438) 陳有蘭溪(102) 望(32727) 玉山(1195) 主峰(206) 阿里山脈(1) 總共(5077) 由(208604) 十八(13604) 座(49959) 大(525780) 山(54936) 構成(16185) 現(9910) 新(212453) 中橫公路(28) 已(215610) 將(448374) 阿里山(1074) 與(968432) 玉山(1195) 風景區(498) 相(32217) 串連(884) 遊客(4899) 趨車(3) 可(307359) 直(32801) 上(1233218) 是(4642407) 台灣(130718) 一(3701681) 條(115362) 高山(5393) 風景(7771) 旅遊(8465) 路線(9508) 四(141667) 季(8122) 充滿(43990) 山林(2890) 之(875481) 美(53380),"{'High': 57, 'Low': 6}","{'第5級': 8, 'Unknown': 25, '第1級': 10, '第6級': 2, '第4*級': 6, '第4級': 4, '第3*級': 1, '第1*級': 2, '第3級': 2, '第7級': 1, '第2級': 1, '第2*級': 1}",6,Y,Y,N,N
阿里山最富盛名的是高山森林鐵路，日本人所建，一九一二年，嘉義至二萬坪長六十六點六公里先通車，一九一四年再延長至阿里山，鐵路全長七十一點九公里，原是為阿里山伐木運送而建，後來森林伐木區域擴大，又續開支線，到一九三0年，阿里山林鐵已長達一0八點三九二公里。,阿里山 最富盛名 的 是 高山 森林 鐵路 日本人 所 建 一九一二年 嘉義 至 二萬坪 長 六十六點六 公里 先 通車 一九一四年 再 延長至 阿里山 鐵路 全 長 七十一點九 公里 原是 為 阿里山 伐木 運送 而 建 後來 森林 伐木 區域 擴大 又 續開 支線 到 一九三0年 阿里山 林鐵 已 長達 一0八點三九二 公里,51,阿里山(1074) 最富盛名(Unknown) 的(16029838) 是(4642407) 高山(5393) 森林(14387) 鐵路(7088) 日本人(15735) 所(527327) 建(13839) 一九一二年(1008) 嘉義(2515) 至(101530) 二萬坪(2) 長(107092) 六十六點六(Unknown) 公里(16646) 先(136649) 通車(587) 一九一四年(1088) 再(326207) 延長至(40) 阿里山(1074) 鐵路(7088) 全(178642) 長(107092) 七十一點九(Unknown) 公里(16646) 原是(4301) 為(761341) 阿里山(1074) 伐木(645) 運送(2760) 而(937923) 建(13839) 後來(95618) 森林(14387) 伐木(645) 區域(14982) 擴大(12352) 又(535555) 續開(4) 支線(333) 到(546906) 一九三0年(Unknown) 阿里山(1074) 林鐵(Unknown) 已(215610) 長達(6188) 一0八點三九二(Unknown) 公里(16646),"{'High': 42, 'Low': 9}","{'Unknown': 28, '第1級': 3, '第4級': 7, '第2級': 3, '第5級': 4, '第1*級': 3, '第6級': 1, '第4*級': 1, '第3級': 1}",14,Y,Y,N,N
民國五十四年，林務局增購柴油動力車頭，並推出「光復號」，阿里山林鐵從此蛻變為觀光鐵路。,民國 五十四年 林務局 增購 柴油 動力 車頭 並 推出 光復號 阿里山 林鐵 從此 蛻變為 觀光 鐵路,16,民國(16130) 五十四年(436) 林務局(149) 增購(46) 柴油(395) 動力(10066) 車頭(475) 並(442790) 推出(10009) 光復號(1) 阿里山(1074) 林鐵(Unknown) 從此(20476) 蛻變為(244) 觀光(4478) 鐵路(7088),"{'High': 13, 'Low': 3}","{'Unknown': 10, '第5級': 2, '第4*級': 2, '第4級': 2}",5,Y,Y,N,Y
為了發展森林旅遊，民國七十二年二月，開放眠月線供營運，民國七十五年一月，由國人自行開闢的祝山線通車，專門運送觀賞日出的民眾。,為了 發展 森林 旅遊 民國 七十二年 二月 開放 眠月線 供 營運 民國 七十五年 一月 由 國人 自行 開闢 的 祝山線 通車 專門 運送 觀賞 日出 的 民眾,27,為了(Unknown) 發展(117494) 森林(14387) 旅遊(8465) 民國(16130) 七十二年(125) 二月(12791) 開放(17546) 眠月線(2) 供(17109) 營運(5641) 民國(16130) 七十五年(235) 一月(8186) 由(208604) 國人(4275) 自行(9833) 開闢(2108) 的(16029838) 祝山線(1) 通車(587) 專門(13209) 運送(2760) 觀賞(5617) 日出(1903) 的(16029838) 民眾(17097),"{'Low': 3, 'High': 24}","{'Unknown': 10, '第4級': 4, '第6級': 3, '第1級': 3, '第4*級': 4, '第5級': 3}",4,Y,N,N,N
現今三條阿里山林鐵，以祝山線營業績效最好，本線虧損大，因而有開放民營之構想。,現今 三 條 阿里山 林鐵 以 祝山線 營業 績效 最 好 本 線 虧損 大 因而 有 開放 民營 之 構想,21,現今(6891) 三(313861) 條(115362) 阿里山(1074) 林鐵(Unknown) 以(547785) 祝山線(1) 營業(4800) 績效(6013) 最(421680) 好(448428) 本(197156) 線(17703) 虧損(2400) 大(525780) 因而(29060) 有(2217079) 開放(17546) 民營(2175) 之(875481) 構想(6562),"{'High': 19, 'Low': 2}","{'第5級': 8, '第1級': 4, '第2級': 1, 'Unknown': 4, '第1*級': 1, '第4級': 2, '第6級': 1}",2,Y,Y,N,N
在環保與保育的世界潮流衝擊下，阿里山現在已不再伐木，改而造林、保林，並全力發展森林遊樂區。,在 環保 與 保育 的 世界 潮流 衝擊 下 阿里山 現在 已 不再 伐木 改 而 造林 保 林 並 全力 發展 森林 遊樂區,24,在(3284238) 環保(4082) 與(968432) 保育(1820) 的(16029838) 世界(165235) 潮流(4509) 衝擊(8508) 下(329549) 阿里山(1074) 現在(218744) 已(215610) 不再(51754) 伐木(645) 改(12785) 而(937923) 造林(221) 保(5376) 林(10268) 並(442790) 全力(4329) 發展(117494) 森林(14387) 遊樂區(297),{'High': 24},"{'第1*級': 2, '第3*級': 2, '第4*級': 3, '第7級': 1, '第1級': 2, '第2級': 1, '第5級': 2, '第6級': 1, 'Unknown': 7, '第3級': 1, '第4級': 2}",2,Y,Y,N,N
每年三月中旬，還是阿里山花季，遊客如織，山上客房一位難求，山櫻花、吉野櫻大片成花海，全台聞名。,每 年 三月 中旬 還是 阿里山 花季 遊客如織 山 上 客房 一 位 難 求 山 櫻花 吉野櫻 大 片 成 花海 全 台 聞名,25,每(333357) 年(514736) 三月(16043) 中旬(1756) 還是(155231) 阿里山(1074) 花季(184) 遊客如織(3) 山(54936) 上(1233218) 客房(1108) 一(3701681) 位(284809) 難(75701) 求(30359) 山(54936) 櫻花(1443) 吉野櫻(27) 大(525780) 片(71870) 成(76470) 花海(200) 全(178642) 台(29325) 聞名(4406),"{'High': 23, 'Low': 2}","{'第1*級': 4, '第1級': 5, 'Unknown': 9, '第4*級': 2, '第7級': 1, '第2級': 3, '第6級': 1}",3,Y,N,N,N
而位於石猴遊憩區的「台灣一葉蘭」，係台灣享有國際盛名的野生蘭，以阿里山為生長區，每年二至四月開花，花下僅長一片葉，一葉蘭名字因此而來。,而 位於 石猴 遊憩區 的 台灣 一葉蘭 係 台灣 享有 國際 盛名 的 野生 蘭 以 阿里山 為 生長區 每 年 二 至 四月 開花 花下 僅 長 一 片 葉 一葉蘭 名字 因此 而 來,36,而(937923) 位於(19612) 石猴(2) 遊憩區(42) 的(16029838) 台灣(130718) 一葉蘭(36) 係(9477) 台灣(130718) 享有(5799) 國際(40846) 盛名(1059) 的(16029838) 野生(2489) 蘭(1109) 以(547785) 阿里山(1074) 為(761341) 生長區(3) 每(333357) 年(514736) 二(152494) 至(101530) 四月(14996) 開花(3236) 花下(163) 僅(30739) 長(107092) 一(3701681) 片(71870) 葉(18263) 一葉蘭(36) 名字(42571) 因此(184606) 而(937923) 來(742183),"{'High': 31, 'Low': 5}","{'第5級': 5, '第6級': 4, 'Unknown': 11, '第1級': 9, '第4級': 2, '第7級': 1, '第1*級': 1, '第4*級': 2, '第2級': 1}",5,Y,Y,N,N
一葉蘭名字因此而來。,一 葉蘭 名字 因此 而 來,6,一(3701681) 葉蘭(13) 名字(42571) 因此(184606) 而(937923) 來(742183),"{'High': 5, 'Low': 1}","{'第1級': 3, 'Unknown': 1, '第4*級': 1, '第5級': 1}",0,N,Y,N,N
墾丁地處偏南，四季如春，沿岸多沙灘與珊瑚礁，而沙灘更是它最重要的遊憩地點，是戲水與弄潮的好地方。,墾丁 地處 偏 南 四季如春 沿岸 多 沙灘 與 珊瑚礁 而 沙灘 更 是 它 最 重要 的 遊憩 地點 是 戲水 與 弄潮 的 好 地方,27,墾丁(577) 地處(984) 偏(7313) 南(24203) 四季如春(8) 沿岸(1979) 多(318992) 沙灘(3161) 與(968432) 珊瑚礁(608) 而(937923) 沙灘(3161) 更(361676) 是(4642407) 它(316854) 最(421680) 重要(154863) 的(16029838) 遊憩(195) 地點(16808) 是(4642407) 戲水(343) 與(968432) 弄潮(36) 的(16029838) 好(448428) 地方(139164),"{'High': 25, 'Low': 2}","{'Unknown': 9, '第5級': 2, '第2級': 2, '第6級': 1, '第1級': 5, '第4*級': 4, '第1*級': 3, '第3*級': 1}",2,Y,Y,N,N
墾丁因為位於台灣的最南端，也是台灣所有海邊遊憩地點中，唯一全年都可以戲水的地方。,墾丁 因為 位於 台灣 的 最 南端 也 是 台灣 所有 海邊 遊憩 地點 中 唯一 全 年 都 可以 戲水 的 地方,23,墾丁(577) 因為(425061) 位於(19612) 台灣(130718) 的(16029838) 最(421680) 南端(797) 也(1590760) 是(4642407) 台灣(130718) 所有(146771) 海邊(2132) 遊憩(195) 地點(16808) 中(1011729) 唯一(39149) 全(178642) 年(514736) 都(1125846) 可以(560531) 戲水(343) 的(16029838) 地方(139164),{'High': 23},"{'Unknown': 6, '第1*級': 3, '第6級': 1, '第1級': 9, '第2級': 2, '第3*級': 1, '第5級': 1}",0,Y,Y,N,N
墾丁的年平均溫度是從攝氏二十度至二十七度間，最暖的七月平均溫約二十七點八度，最冷的一月也在二十度。,墾丁 的 年 平均 溫度 是 從 攝氏 二十 度 至 二十七 度 間 最 暖 的 七月 平均 溫 約 二十七點八 度 最 冷 的 一月 也 在 二十 度,31,墾丁(577) 的(16029838) 年(514736) 平均(13871) 溫度(6882) 是(4642407) 從(496546) 攝氏(1372) 二十(32739) 度(25018) 至(101530) 二十七(2575) 度(25018) 間(115638) 最(421680) 暖(2606) 的(16029838) 七月(15511) 平均(13871) 溫(3581) 約(47731) 二十七點八(Unknown) 度(25018) 最(421680) 冷(17629) 的(16029838) 一月(8186) 也(1590760) 在(3284238) 二十(32739) 度(25018),"{'High': 30, 'Low': 1}","{'Unknown': 8, '第1級': 8, '第4級': 3, '第1*級': 4, '第5級': 2, '第3級': 4, '第4*級': 1, '第3*級': 1}",2,Y,N,N,N
墾丁可供戲水的海灘有多處，南灣、小灣、白砂、砂島、船帆石的海灘都是可供戲水的海灘，其中，特別是南灣的沙灘綿延數里，海水海澈，風平浪靜，在墾丁國家公園的整建下，此地設施齊全，堪稱是墾丁最佳的戲水點。,墾丁 可 供 戲水 的 海灘 有 多 處 南灣 小灣 白砂 砂島 船帆石 的 海灘 都 是 可 供 戲水 的 海灘 其中 特別 是 南灣 的 沙灘 綿延 數 里 海水 海 澈 風平浪靜 在 墾丁 國家 公園 的 整建 下 此 地 設施 齊全 堪稱 是 墾丁 最佳 的 戲水點,53,墾丁(577) 可(307359) 供(17109) 戲水(343) 的(16029838) 海灘(3965) 有(2217079) 多(318992) 處(84410) 南灣(140) 小灣(41) 白砂(31) 砂島(3) 船帆石(12) 的(16029838) 海灘(3965) 都(1125846) 是(4642407) 可(307359) 供(17109) 戲水(343) 的(16029838) 海灘(3965) 其中(95627) 特別(91212) 是(4642407) 南灣(140) 的(16029838) 沙灘(3161) 綿延(1560) 數(38654) 里(23230) 海水(4373) 海(33696) 澈(31) 風平浪靜(566) 在(3284238) 墾丁(577) 國家(109166) 公園(13910) 的(16029838) 整建(336) 下(329549) 此(288458) 地(754998) 設施(5472) 齊全(1122) 堪稱(3083) 是(4642407) 墾丁(577) 最佳(27224) 的(16029838) 戲水點(Unknown),"{'High': 47, 'Low': 6}","{'Unknown': 20, '第4*級': 6, '第1級': 12, '第3*級': 2, '第2級': 2, '第7級': 2, '第6級': 4, '第1*級': 4, '第5級': 1}",3,Y,N,N,Y
此外，浮潛與戲水，也是墾丁很盛行的水上活動，這兩項活動比較密集的海域，是在核三廠的出水口附近。,此外 浮潛 與 戲水 也 是 墾丁 很 盛行 的 水上 活動 這 兩 項 活動 比較 密集 的 海域 是 在 核三廠 的 出水口 附近,26,此外(30247) 浮潛(108) 與(968432) 戲水(343) 也(1590760) 是(4642407) 墾丁(577) 很(715675) 盛行(3489) 的(16029838) 水上(4) 活動(85743) 這(2114032) 兩(526190) 項(88887) 活動(85743) 比較(112212) 密集(3163) 的(16029838) 海域(1974) 是(4642407) 在(3284238) 核三廠(27) 的(16029838) 出水口(68) 附近(32204),"{'High': 23, 'Low': 3}","{'第5級': 2, 'Unknown': 6, '第4*級': 1, '第1級': 9, '第6級': 2, '第2級': 3, '第7級': 1, '第1*級': 2}",2,Y,Y,N,N
墾丁有黑潮經過，溫度適宜，海底生物生長十分豐富，種類多，是台灣數一數二的潛水場所。,墾丁 有 黑潮 經過 溫度 適宜 海 底 生物 生長 十分 豐富 種類 多 是 台灣 數一數二 的 潛水 場所,20,墾丁(577) 有(2217079) 黑潮(252) 經過(64617) 溫度(6882) 適宜(1596) 海(33696) 底(37174) 生物(18302) 生長(11628) 十分(63196) 豐富(24271) 種類(8370) 多(318992) 是(4642407) 台灣(130718) 數一數二(630) 的(16029838) 潛水(1134) 場所(8263),{'High': 20},"{'Unknown': 3, '第1級': 5, '第2級': 2, '第4級': 4, '第6級': 2, '第3*級': 1, '第4*級': 1, '第7級': 1, '第5級': 1}",1,Y,N,N,N
墾丁也是台灣熱帶植物最密集的地方，民國五十六年，政府在墾丁成立了墾丁森林遊樂區，這個遊樂區也是全台灣唯一的一所熱帶植物園，園內收集了數千種熱帶樹木、野生動物與隆起珊瑚礁，洞穴、鐘乳石與石筍更是遊樂區內常見的地形。,墾丁 也 是 台灣 熱帶 植物 最 密集 的 地方 民國 五十六年 政府 在 墾丁 成立 了 墾丁 森林 遊樂區 這 個 遊樂區 也 是 全 台灣 唯一 的 一 所 熱帶 植物園 園 內 收集 了 數千 種 熱帶 樹木 野生 動物 與 隆起 珊瑚礁 洞穴 鐘乳石 與 石筍 更 是 遊樂區 內 常見 的 地形,57,墾丁(577) 也(1590760) 是(4642407) 台灣(130718) 熱帶(2617) 植物(19121) 最(421680) 密集(3163) 的(16029838) 地方(139164) 民國(16130) 五十六年(461) 政府(92663) 在(3284238) 墾丁(577) 成立(28506) 了(3199291) 墾丁(577) 森林(14387) 遊樂區(297) 這(2114032) 個(2296574) 遊樂區(297) 也(1590760) 是(4642407) 全(178642) 台灣(130718) 唯一(39149) 的(16029838) 一(3701681) 所(527327) 熱帶(2617) 植物園(481) 園(3364) 內(183051) 收集(6739) 了(3199291) 數千(4849) 種(701563) 熱帶(2617) 樹木(6166) 野生(2489) 動物(36835) 與(968432) 隆起(1139) 珊瑚礁(608) 洞穴(3953) 鐘乳石(117) 與(968432) 石筍(64) 更(361676) 是(4642407) 遊樂區(297) 內(183051) 常見(13705) 的(16029838) 地形(3468),"{'High': 56, 'Low': 1}","{'Unknown': 21, '第1級': 13, '第5級': 5, '第1*級': 3, '第6級': 3, '第4級': 4, '第4*級': 4, '第2級': 2, '第3級': 2}",7,Y,Y,N,N
墾丁的海岸地形，奇形怪狀，在人們的豐富想像力下，被賦予各種名稱，如青蛙石、船帆石、軍艦岩、貓鼻頭。,墾丁 的 海岸 地形 奇形怪狀 在 人們 的 豐富 想像力 下 被 賦予 各 種 名稱 如 青蛙石 船帆石 軍艦岩 貓鼻頭,21,墾丁(577) 的(16029838) 海岸(5612) 地形(3468) 奇形怪狀(391) 在(3284238) 人們(77778) 的(16029838) 豐富(24271) 想像力(7621) 下(329549) 被(540683) 賦予(8248) 各(243023) 種(701563) 名稱(11922) 如(195069) 青蛙石(2) 船帆石(12) 軍艦岩(6) 貓鼻頭(19),"{'High': 17, 'Low': 4}","{'Unknown': 8, '第1級': 2, '第5級': 2, '第1*級': 2, '第4*級': 3, '第4級': 1, '第2級': 2, '第6級': 1}",6,Y,N,N,Y
佳樂水是地殼變動與海浪侵蝕形成的地形，山海瀑布景色，令人激賞，皆值得一遊。,佳樂水 是 地殼 變動 與 海浪 侵蝕 形成 的 地形 山 海 瀑布 景色 令 人 激賞 皆 值得 一 遊,21,佳樂水(14) 是(4642407) 地殼(441) 變動(7232) 與(968432) 海浪(2097) 侵蝕(1589) 形成(47486) 的(16029838) 地形(3468) 山(54936) 海(33696) 瀑布(2537) 景色(3529) 令(128742) 人(1550512) 激賞(651) 皆(45736) 值得(34362) 一(3701681) 遊(6316),"{'Low': 1, 'High': 20}","{'Unknown': 3, '第1級': 4, '第5級': 6, '第4*級': 2, '第7級': 2, '第6級': 1, '第1*級': 1, '第2級': 1, '第4級': 1}",1,Y,Y,N,N
墾丁是很適合休閒度假的地方，開車旅遊，或是騎機車、協力車，都很適合，墾丁一帶的高級旅館也不少，著名的如凱撒飯店，或是不久後，也要啟用的墾丁福華飯店，都是因應台灣度假市場而生的度假旅館。,墾丁 是 很 適合 休閒 度假 的 地方 開車 旅遊 或是 騎 機車 協力車 都 很 適合 墾丁 一帶 的 高級 旅館 也 不少 著名 的 如 凱撒 飯店 或是 不久 後 也 要 啟用 的 墾丁 福華 飯店 都 是 因應 台灣 度假 市場 而 生 的 度假 旅館,50,墾丁(577) 是(4642407) 很(715675) 適合(25592) 休閒(5416) 度假(3488) 的(16029838) 地方(139164) 開車(10401) 旅遊(8465) 或是(75906) 騎(20953) 機車(2826) 協力車(24) 都(1125846) 很(715675) 適合(25592) 墾丁(577) 一帶(12544) 的(16029838) 高級(10823) 旅館(12498) 也(1590760) 不少(35256) 著名(20279) 的(16029838) 如(195069) 凱撒(1065) 飯店(9669) 或是(75906) 不久(34049) 後(422857) 也(1590760) 要(851264) 啟用(917) 的(16029838) 墾丁(577) 福華(109) 飯店(9669) 都(1125846) 是(4642407) 因應(6201) 台灣(130718) 度假(3488) 市場(65023) 而(937923) 生(61638) 的(16029838) 度假(3488) 旅館(12498),"{'High': 49, 'Low': 1}","{'Unknown': 9, '第1級': 16, '第3級': 3, '第4級': 3, '第4*級': 4, '第1*級': 2, '第2級': 4, '第3*級': 1, '第2*級': 4, '第6級': 2, '第7級': 1, '第5級': 1}",1,Y,Y,N,Y
近年，在墾丁國家公園的推動下，賞鳥與生態之旅，都是墾丁很熱門的戶外活動。,近年 在 墾丁 國家 公園 的 推動 下 賞 鳥 與 生態 之 旅 都 是 墾丁 很 熱門 的 戶外 活動,22,近年(7929) 在(3284238) 墾丁(577) 國家(109166) 公園(13910) 的(16029838) 推動(14867) 下(329549) 賞(8511) 鳥(18798) 與(968432) 生態(9124) 之(875481) 旅(8620) 都(1125846) 是(4642407) 墾丁(577) 很(715675) 熱門(2843) 的(16029838) 戶外(4382) 活動(85743),{'High': 22},"{'第4級': 2, '第1*級': 4, 'Unknown': 3, '第1級': 5, '第4*級': 3, '第5級': 3, '第2級': 2}",0,Y,Y,N,N
每年冬天，社頂公園與龍鑾潭是全台賞候鳥南遷的最佳地點，關山與萬里桐的落日，更是令人激賞的壯觀景色。,每 年 冬天 社頂 公園 與 龍鑾潭 是 全 台 賞 候鳥 南 遷 的 最佳 地點 關山 與 萬里桐 的 落日 更 是 令 人 激賞 的 壯觀 景色,30,每(333357) 年(514736) 冬天(8241) 社頂(42) 公園(13910) 與(968432) 龍鑾潭(27) 是(4642407) 全(178642) 台(29325) 賞(8511) 候鳥(637) 南(24203) 遷(3078) 的(16029838) 最佳(27224) 地點(16808) 關山(393) 與(968432) 萬里桐(2) 的(16029838) 落日(689) 更(361676) 是(4642407) 令(128742) 人(1550512) 激賞(651) 的(16029838) 壯觀(2401) 景色(3529),"{'High': 27, 'Low': 3}","{'第1*級': 2, '第1級': 7, '第2級': 4, 'Unknown': 9, '第4*級': 3, '第5級': 2, '第3*級': 1, '第7級': 1, '第6級': 1}",2,Y,Y,N,N
更是令人激賞的壯觀景色。,更 是 令 人 激賞 的 壯觀 景色,8,更(361676) 是(4642407) 令(128742) 人(1550512) 激賞(651) 的(16029838) 壯觀(2401) 景色(3529),{'High': 8},"{'Unknown': 1, '第1級': 3, '第5級': 1, '第7級': 1, '第6級': 1, '第4*級': 1}",0,Y,N,N,N
東北角海岸在十二年前畫設為國家級風景區，海岸地質景觀絕美，灣岬、岩礁和金黃沙灘，是夏日北部遊人最多、最具生命力的海岸旅遊路線，並有舊時古道遺跡和人文史蹟，交通方便，遊憩設施完善，非常有條件推上國際觀光舞台。,東北角 海岸 在 十二 年 前 畫設 為 國家級 風景區 海岸 地質 景觀 絕 美 灣岬 岩礁 和 金黃 沙灘 是 夏日 北部 遊人 最多 最 具 生命力 的 海岸 旅遊 路線 並 有 舊時 古道 遺跡 和 人文 史蹟 交通 方便 遊憩 設施 完善 非常 有 條件 推上 國際 觀光 舞台,52,東北角(461) 海岸(5612) 在(3284238) 十二(22310) 年(514736) 前(272709) 畫設(Unknown) 為(761341) 國家級(379) 風景區(498) 海岸(5612) 地質(1191) 景觀(4987) 絕(6651) 美(53380) 灣岬(Unknown) 岩礁(137) 和(1338337) 金黃(1227) 沙灘(3161) 是(4642407) 夏日(2447) 北部(5380) 遊人(519) 最多(11485) 最(421680) 具(41661) 生命力(3646) 的(16029838) 海岸(5612) 旅遊(8465) 路線(9508) 並(442790) 有(2217079) 舊時(1380) 古道(1321) 遺跡(1943) 和(1338337) 人文(6474) 史蹟(326) 交通(11639) 方便(14172) 遊憩(195) 設施(5472) 完善(3609) 非常(152032) 有(2217079) 條件(36308) 推上(767) 國際(40846) 觀光(4478) 舞台(13305),"{'High': 50, 'Low': 2}","{'Unknown': 20, '第5級': 4, '第1*級': 5, '第1級': 6, '第6級': 6, '第4*級': 2, '第2*級': 1, '第4級': 6, '第7級': 1, '第3級': 1}",4,Y,Y,N,N
橫跨台北縣和宜蘭縣的東北角海岸，從台北縣南雅到宜蘭北港口，海岸線長達六十六公里，海岸地形地質景觀堪稱是台灣海岸美景的代表，海蝕地形非常發達，海蝕崖、海蝕洞、海蝕平台、豆腐岩、蕈狀石、海蝕溝均可觀，並以南雅的風蝕岩和鼻頭角的蕈狀石最為特出，萊萊、鶯歌石的海蝕平台、北關公園的豆腐岩，以及福隆到鹽寮間長達三公里的金黃沙灘，最是美麗。,橫跨 台北縣 和 宜蘭縣 的 東北角 海岸 從 台北縣 南雅 到 宜蘭 北港口 海岸線 長達 六十六 公里 海岸 地形 地質 景觀 堪稱 是 台灣 海岸 美景 的 代表 海蝕 地形 非常 發達 海蝕崖 海蝕洞 海蝕 平台 豆腐岩 蕈狀石 海蝕溝 均 可觀 並 以 南雅 的 風蝕岩 和 鼻頭角 的 蕈狀石 最為 特出 萊萊 鶯歌石 的 海蝕 平台 北關 公園 的 豆腐岩 以及 福隆 到 鹽寮 間 長達 三 公里 的 金黃 沙灘 最 是 美麗,75,橫跨(1650) 台北縣(1048) 和(1338337) 宜蘭縣(643) 的(16029838) 東北角(461) 海岸(5612) 從(496546) 台北縣(1048) 南雅(38) 到(546906) 宜蘭(2874) 北港口(1) 海岸線(1031) 長達(6188) 六十六(573) 公里(16646) 海岸(5612) 地形(3468) 地質(1191) 景觀(4987) 堪稱(3083) 是(4642407) 台灣(130718) 海岸(5612) 美景(2063) 的(16029838) 代表(58333) 海蝕(97) 地形(3468) 非常(152032) 發達(5976) 海蝕崖(Unknown) 海蝕洞(12) 海蝕(97) 平台(5518) 豆腐岩(11) 蕈狀石(2) 海蝕溝(3) 均(27783) 可觀(3091) 並(442790) 以(547785) 南雅(38) 的(16029838) 風蝕岩(1) 和(1338337) 鼻頭角(58) 的(16029838) 蕈狀石(2) 最為(8804) 特出(401) 萊萊(2) 鶯歌石(11) 的(16029838) 海蝕(97) 平台(5518) 北關(79) 公園(13910) 的(16029838) 豆腐岩(11) 以及(155624) 福隆(164) 到(546906) 鹽寮(86) 間(115638) 長達(6188) 三(313861) 公里(16646) 的(16029838) 金黃(1227) 沙灘(3161) 最(421680) 是(4642407) 美麗(24889),"{'High': 56, 'Low': 19}","{'第6級': 7, 'Unknown': 35, '第1級': 13, '第5級': 9, '第1*級': 4, '第7級': 1, '第4級': 3, '第4*級': 2, '第3*級': 1}",17,Y,Y,N,N
東北角海岸的灣岬地形與漂亮沙灘值得特意尋訪外，這兒的海洋生態也堪稱豐富，擁有珊瑚礁、海扇、魚類、海參、海藻、九孔、貝類等海底資源，使東北角海岸成為浮水海洋實習的海域。,東北角 海岸 的 灣岬 地形 與 漂亮 沙灘 值得 特意 尋訪 外 這兒 的 海洋 生態 也 堪稱 豐富 擁有 珊瑚礁 海扇 魚類 海參 海藻 九孔 貝類 等 海 底 資源 使 東北角 海岸 成為 浮水 海洋 實習 的 海域,40,東北角(461) 海岸(5612) 的(16029838) 灣岬(Unknown) 地形(3468) 與(968432) 漂亮(19609) 沙灘(3161) 值得(34362) 特意(2359) 尋訪(661) 外(109310) 這兒(16246) 的(16029838) 海洋(8653) 生態(9124) 也(1590760) 堪稱(3083) 豐富(24271) 擁有(55809) 珊瑚礁(608) 海扇(17) 魚類(2738) 海參(323) 海藻(554) 九孔(134) 貝類(362) 等(327380) 海(33696) 底(37174) 資源(27580) 使(197544) 東北角(461) 海岸(5612) 成為(143834) 浮水(59) 海洋(8653) 實習(3050) 的(16029838) 海域(1974),"{'High': 37, 'Low': 3}","{'Unknown': 11, '第5級': 8, '第1級': 6, '第4*級': 2, '第1*級': 1, '第4級': 5, '第6級': 2, '第7級': 2, '第3*級': 2, '第2級': 1}",3,Y,Y,N,N
人文古蹟景觀在東北角也是一大特色，清乾隆年間開闢的淡蘭古道，儘管多已湮沒，但其中長達八點五公里的草嶺古道，經東北角國家風景區管理處整建後，已成為假日甚受遊客歡迎休閒古道，沿線還有清朝總兵劉明燈所題的「雄鎮蠻煙」和「虎」字兩塊古碑；傳統寺廟建築，在東北角也相當具特色；區內並有鼻頭角和三貂角兩座燈塔；保有石塊砌建民宅的卯澳漁村，呈現台灣漁村地方風貌。,人文 古蹟 景觀 在 東北角 也 是 一 大 特色 清 乾隆 年間 開闢 的 淡蘭 古道 儘管 多 已 湮沒 但 其中 長達 八點五 公里 的 草嶺 古道 經 東北角 國家 風景區 管理處 整建 後 已 成為 假日 甚 受 遊客 歡迎 休閒 古道 沿線 還 有 清朝 總兵 劉明燈 所 題 的 雄鎮蠻煙 和 虎 字 兩 塊 古碑 傳統 寺廟 建築 在 東北角 也 相當 具 特色 區 內 並 有 鼻頭角 和 三貂角 兩 座 燈塔 保有 石塊 砌建 民宅 的 卯澳 漁村 呈現 台灣 漁村 地方 風貌,92,人文(6474) 古蹟(2555) 景觀(4987) 在(3284238) 東北角(461) 也(1590760) 是(4642407) 一(3701681) 大(525780) 特色(16060) 清(31773) 乾隆(21059) 年間(3925) 開闢(2108) 的(16029838) 淡蘭(22) 古道(1321) 儘管(36818) 多(318992) 已(215610) 湮沒(369) 但(597124) 其中(95627) 長達(6188) 八點五(34) 公里(16646) 的(16029838) 草嶺(108) 古道(1321) 經(38471) 東北角(461) 國家(109166) 風景區(498) 管理處(506) 整建(336) 後(422857) 已(215610) 成為(143834) 假日(2962) 甚(21590) 受(109982) 遊客(4899) 歡迎(19513) 休閒(5416) 古道(1321) 沿線(574) 還(625086) 有(2217079) 清朝(9222) 總兵(1819) 劉明燈(15) 所(527327) 題(5872) 的(16029838) 雄鎮蠻煙(Unknown) 和(1338337) 虎(17126) 字(75654) 兩(526190) 塊(54148) 古碑(1) 傳統(60517) 寺廟(3393) 建築(31065) 在(3284238) 東北角(461) 也(1590760) 相當(66293) 具(41661) 特色(16060) 區(6652) 內(183051) 並(442790) 有(2217079) 鼻頭角(58) 和(1338337) 三貂角(38) 兩(526190) 座(49959) 燈塔(1777) 保有(4661) 石塊(2547) 砌建(11) 民宅(637) 的(16029838) 卯澳(41) 漁村(711) 呈現(26810) 台灣(130718) 漁村(711) 地方(139164) 風貌(2141),"{'High': 83, 'Low': 9}","{'第6級': 8, '第5級': 4, '第1*級': 4, 'Unknown': 34, '第1級': 18, '第4級': 7, '第4*級': 3, '第3級': 5, '第2級': 3, '第3*級': 4, '第7級': 2}",10,Y,Y,N,Y
東北角海岸兼具陸域和海域美景，遊程不但可自安排陸域賞景遊憩，海上賞景和空中遠眺，感覺更不一樣。,東北角 海岸 兼具 陸域 和 海域 美景 遊程 不但 可 自 安排 陸域 賞 景 遊憩 海 上 賞 景 和 空中 遠眺 感覺 更 不 一樣,27,東北角(461) 海岸(5612) 兼具(2204) 陸域(40) 和(1338337) 海域(1974) 美景(2063) 遊程(16) 不但(40359) 可(307359) 自(59676) 安排(30105) 陸域(40) 賞(8511) 景(12183) 遊憩(195) 海(33696) 上(1233218) 賞(8511) 景(12183) 和(1338337) 空中(9571) 遠眺(886) 感覺(91265) 更(361676) 不(2282521) 一樣(188109),"{'High': 24, 'Low': 3}","{'Unknown': 10, '第5級': 5, '第6級': 1, '第7級': 2, '第3級': 1, '第4*級': 2, '第4級': 1, '第2級': 1, '第1級': 2, '第3*級': 1, '第1*級': 1}",1,Y,Y,N,N
感覺更不一樣。,感覺 更 不 一樣,4,感覺(91265) 更(361676) 不(2282521) 一樣(188109),{'High': 4},"{'第3*級': 1, 'Unknown': 1, '第1級': 1, '第1*級': 1}",0,Y,N,N,N
澎湖離島有「台灣的夏威夷」美稱，島嶼風情直可媲美美國的夏威夷，也是台灣離島旅遊最具特色的魅力遊程。,澎湖 離島 有 台灣 的 夏威夷 美稱 島嶼 風情 直 可 媲美 美國 的 夏威夷 也 是 台灣 離島 旅遊 最 具 特色 的 魅力 遊程,26,澎湖(3267) 離島(514) 有(2217079) 台灣(130718) 的(16029838) 夏威夷(1617) 美稱(362) 島嶼(3972) 風情(1988) 直(32801) 可(307359) 媲美(915) 美國(148299) 的(16029838) 夏威夷(1617) 也(1590760) 是(4642407) 台灣(130718) 離島(514) 旅遊(8465) 最(421680) 具(41661) 特色(16060) 的(16029838) 魅力(8207) 遊程(16),"{'High': 25, 'Low': 1}","{'Unknown': 7, '第1級': 9, '第6級': 3, '第4級': 3, '第4*級': 1, '第7級': 1, '第1*級': 1, '第5級': 1}",2,Y,N,N,N
由六十四座大小島嶼組成的澎湖，去年正式成立國家級風景區管理處，島嶼觀光資源不但國內民眾讚不絕口，更值得向外國觀光客推荐，碧海、藍天和金色的沙灘，構成澎湖擋不住的夏日遊憩熱力，是島嶼休閒度假最佳選擇。,由 六十 四座 大小 島嶼 組成 的 澎湖 去年 正式 成立 國家級 風景區 管理處 島嶼 觀光 資源 不但 國內 民眾 讚不絕口 更 值得 向 外國 觀光客 推荐 碧海 藍天 和 金色 的 沙灘 構成 澎湖 擋不住 的 夏日 遊憩 熱力 是 島嶼 休閒 度假 最佳 選擇,46,由(208604) 六十(8771) 四座(14) 大小(17587) 島嶼(3972) 組成(20095) 的(16029838) 澎湖(3267) 去年(9462) 正式(23229) 成立(28506) 國家級(379) 風景區(498) 管理處(506) 島嶼(3972) 觀光(4478) 資源(27580) 不但(40359) 國內(17537) 民眾(17097) 讚不絕口(481) 更(361676) 值得(34362) 向(231672) 外國(13057) 觀光客(2140) 推荐(101) 碧海(202) 藍天(1862) 和(1338337) 金色(4241) 的(16029838) 沙灘(3161) 構成(16185) 澎湖(3267) 擋不住(454) 的(16029838) 夏日(2447) 遊憩(195) 熱力(411) 是(4642407) 島嶼(3972) 休閒(5416) 度假(3488) 最佳(27224) 選擇(75178),"{'High': 45, 'Low': 1}","{'第4*級': 5, 'Unknown': 17, '第4級': 7, '第6級': 3, '第1級': 5, '第3*級': 3, '第3級': 1, '第7級': 1, '第2級': 1, '第1*級': 1, '第5級': 2}",6,Y,Y,N,N
澎湖所有島嶼幾皆由玄武岩構成，金黃色的沙灘和柱狀玄武岩地質景觀，是菊島觀光兩大特色，也形成菊島無窮的旅遊魅力。,澎湖 所有 島嶼 幾 皆 由 玄武岩 構成 金黃色 的 沙灘 和 柱狀 玄武岩 地質 景觀 是 菊島 觀光 兩 大 特色 也 形成 菊島 無窮 的 旅遊 魅力,29,澎湖(3267) 所有(146771) 島嶼(3972) 幾(229415) 皆(45736) 由(208604) 玄武岩(98) 構成(16185) 金黃色(1302) 的(16029838) 沙灘(3161) 和(1338337) 柱狀(71) 玄武岩(98) 地質(1191) 景觀(4987) 是(4642407) 菊島(7) 觀光(4478) 兩(526190) 大(525780) 特色(16060) 也(1590760) 形成(47486) 菊島(7) 無窮(4794) 的(16029838) 旅遊(8465) 魅力(8207),"{'High': 24, 'Low': 5}","{'Unknown': 9, '第2級': 1, '第6級': 3, '第1級': 7, '第5級': 4, '第4*級': 2, '第4級': 3}",3,Y,Y,N,N
金沙、玄武岩外，澎湖的漁業產業景觀、廟宇建築、風俗民情、人文古蹟、田園鄉村景致、海洋生態，都非常可觀。,金沙 玄武岩 外 澎湖 的 漁業 產業 景觀 廟宇 建築 風俗 民情 人文 古蹟 田園 鄉村 景致 海洋 生態 都 非常 可觀,22,金沙(340) 玄武岩(98) 外(109310) 澎湖(3267) 的(16029838) 漁業(804) 產業(29756) 景觀(4987) 廟宇(2147) 建築(31065) 風俗(4270) 民情(910) 人文(6474) 古蹟(2555) 田園(2108) 鄉村(4883) 景致(1617) 海洋(8653) 生態(9124) 都(1125846) 非常(152032) 可觀(3091),"{'High': 21, 'Low': 1}","{'Unknown': 4, '第1級': 3, '第5級': 4, '第6級': 5, '第4*級': 2, '第7級': 2, '第4級': 1, '第1*級': 1}",1,Y,N,N,N
菊島旅遊劃分為三大系統，分別為馬公本島、北海、南海旅遊系統，每一個旅遊系統各可規畫一到二天的旅遊行程。,菊島 旅遊 劃分為 三 大 系統 分別 為 馬公 本島 北海 南海 旅遊 系統 每 一 個 旅遊 系統 各 可 規畫 一 到 二 天 的 旅遊 行程,29,菊島(7) 旅遊(8465) 劃分為(680) 三(313861) 大(525780) 系統(67366) 分別(25566) 為(761341) 馬公(249) 本島(3) 北海(1023) 南海(4558) 旅遊(8465) 系統(67366) 每(333357) 一(3701681) 個(2296574) 旅遊(8465) 系統(67366) 各(243023) 可(307359) 規畫(2553) 一(3701681) 到(546906) 二(152494) 天(330413) 的(16029838) 旅遊(8465) 行程(5276),"{'Low': 2, 'High': 27}","{'Unknown': 7, '第4級': 4, '第1級': 9, '第5級': 4, '第4*級': 2, '第1*級': 1, '第2級': 1, '第6級': 1}",1,Y,Y,N,N
馬公本島系統，擁有最多樣的遊憩資源，燒王船、林立的廟宇，澎湖特別的蒙面女郎，石滬、拾螺撿貝產業景觀，柱狀玄武岩景致，以及天后宮、四眼井、蔡進士第、二崁陳宅等古蹟建築，古老石建築和田園圍牆，都是自然和人文觀光精華，並有漂亮的戲水沙灘。,馬公 本島 系統 擁有 最 多樣 的 遊憩 資源 燒 王船 林立 的 廟宇 澎湖 特別 的 蒙面 女郎 石滬 拾 螺 撿 貝 產業 景觀 柱狀 玄武岩 景致 以及 天后宮 四 眼 井 蔡 進士第 二崁 陳宅 等 古蹟 建築 古老 石 建築 和 田園 圍牆 都 是 自然 和 人文 觀光 精華 並 有 漂亮 的 戲水 沙灘,60,馬公(249) 本島(3) 系統(67366) 擁有(55809) 最(421680) 多樣(2455) 的(16029838) 遊憩(195) 資源(27580) 燒(13780) 王船(158) 林立(1344) 的(16029838) 廟宇(2147) 澎湖(3267) 特別(91212) 的(16029838) 蒙面(367) 女郎(2488) 石滬(176) 拾(1388) 螺(999) 撿(3532) 貝(565) 產業(29756) 景觀(4987) 柱狀(71) 玄武岩(98) 景致(1617) 以及(155624) 天后宮(459) 四(141667) 眼(71964) 井(9248) 蔡(2066) 進士第(46) 二崁(3) 陳宅(21) 等(327380) 古蹟(2555) 建築(31065) 古老(10197) 石(12692) 建築(31065) 和(1338337) 田園(2108) 圍牆(3190) 都(1125846) 是(4642407) 自然(91995) 和(1338337) 人文(6474) 觀光(4478) 精華(2141) 並(442790) 有(2217079) 漂亮(19609) 的(16029838) 戲水(343) 沙灘(3161),"{'High': 54, 'Low': 6}","{'Unknown': 20, '第5級': 8, '第1*級': 2, '第1級': 8, '第4級': 4, '第7級': 2, '第6級': 8, '第2級': 1, '第3*級': 3, '第4*級': 4}",3,Y,Y,N,Y
北海旅遊系統則以無人島的沙灘、玄武岩和石滬最具特色，吉貝、險礁、小白沙的金沙最讓人目眩心動；雞善、錠鉤等島嶼的柱狀玄武岩均非常發達，船遊欣賞最佳，最北的目斗嶼則是浮潛的天堂，員貝到沙港間更可涉水踏浪，遊憩型態多樣化。,北海 旅遊 系統 則 以 無 人 島 的 沙灘 玄武岩 和 石滬 最 具 特色 吉貝 險礁 小白沙 的 金沙 最 讓 人 目眩 心動 雞善 錠鉤 等 島嶼 的 柱狀 玄武岩 均 非常 發達 船 遊 欣賞 最佳 最 北 的 目斗嶼 則 是 浮潛 的 天堂 員貝 到 沙港 間 更 可 涉水 踏浪 遊憩 型態 多樣化,60,北海(1023) 旅遊(8465) 系統(67366) 則(254096) 以(547785) 無(157858) 人(1550512) 島(19160) 的(16029838) 沙灘(3161) 玄武岩(98) 和(1338337) 石滬(176) 最(421680) 具(41661) 特色(16060) 吉貝(49) 險礁(1) 小白沙(Unknown) 的(16029838) 金沙(340) 最(421680) 讓(526314) 人(1550512) 目眩(653) 心動(1417) 雞善(Unknown) 錠鉤(Unknown) 等(327380) 島嶼(3972) 的(16029838) 柱狀(71) 玄武岩(98) 均(27783) 非常(152032) 發達(5976) 船(45130) 遊(6316) 欣賞(17817) 最佳(27224) 最(421680) 北(20351) 的(16029838) 目斗嶼(6) 則(254096) 是(4642407) 浮潛(108) 的(16029838) 天堂(6443) 員貝(2) 到(546906) 沙港(2) 間(115638) 更(361676) 可(307359) 涉水(765) 踏浪(24) 遊憩(195) 型態(12319) 多樣化(1765),"{'High': 48, 'Low': 12}","{'Unknown': 23, '第4級': 3, '第5級': 8, '第1級': 9, '第4*級': 3, '第1*級': 4, '第6級': 4, '第2級': 2, '第7級': 2, '第3*級': 1, '第3級': 1}",5,Y,Y,N,N
南海旅遊系統最精采的是桶盤的柱狀玄武岩，虎井的大草原，望安則以綠蠵龜上岸產卵知名，還兼具草原、玄武岩、沙灘等自然美景，七美的人文史蹟和雙心石滬最具可看性。,南海 旅遊 系統 最 精采 的 是 桶盤 的 柱狀 玄武岩 虎井 的 大 草原 望安 則 以 綠蠵龜 上岸 產卵 知名 還 兼具 草原 玄武岩 沙灘 等 自然 美景 七美 的 人文 史蹟 和 雙心 石滬 最 具 可看性,40,南海(4558) 旅遊(8465) 系統(67366) 最(421680) 精采(4673) 的(16029838) 是(4642407) 桶盤(12) 的(16029838) 柱狀(71) 玄武岩(98) 虎井(1) 的(16029838) 大(525780) 草原(5281) 望安(47) 則(254096) 以(547785) 綠蠵龜(40) 上岸(2260) 產卵(1337) 知名(9697) 還(625086) 兼具(2204) 草原(5281) 玄武岩(98) 沙灘(3161) 等(327380) 自然(91995) 美景(2063) 七美(Unknown) 的(16029838) 人文(6474) 史蹟(326) 和(1338337) 雙心(22) 石滬(176) 最(421680) 具(41661) 可看性(118),"{'High': 31, 'Low': 9}","{'Unknown': 17, '第4級': 1, '第5級': 8, '第1*級': 2, '第1級': 6, '第6級': 3, '第4*級': 1, '第3*級': 2}",4,Y,Y,N,N
澎湖的人文風情與台灣本島不同，寺廟古蹟和石敢當是人文旅遊代表，玄武岩和沙灘則是離島戲水重點，串成離島絕美風情。,澎湖 的 人文 風情 與 台灣 本島 不同 寺廟 古蹟 和 石敢當 是 人文 旅遊 代表 玄武岩 和 沙灘 則 是 離島 戲水 重點 串成 離島 絕 美 風情,29,澎湖(3267) 的(16029838) 人文(6474) 風情(1988) 與(968432) 台灣(130718) 本島(3) 不同(159432) 寺廟(3393) 古蹟(2555) 和(1338337) 石敢當(98) 是(4642407) 人文(6474) 旅遊(8465) 代表(58333) 玄武岩(98) 和(1338337) 沙灘(3161) 則(254096) 是(4642407) 離島(514) 戲水(343) 重點(22761) 串成(274) 離島(514) 絕(6651) 美(53380) 風情(1988),"{'High': 26, 'Low': 3}","{'Unknown': 10, '第1級': 4, '第6級': 5, '第4*級': 2, '第3級': 1, '第5級': 3, '第4級': 3, '第1*級': 1}",2,Y,Y,N,N
串成離島絕美風情。,串成 離島 絕 美 風情,5,串成(274) 離島(514) 絕(6651) 美(53380) 風情(1988),{'High': 5},"{'Unknown': 2, '第6級': 2, '第1*級': 1}",0,Y,N,N,N
玉山主峰高海拔三千九百五十二公尺，是東南亞最高峰，其周圍山峰峻峭崢嶸，充滿山巒疊嶂之美，深受登山者的喜愛。,玉山 主峰 高海拔 三千九百五十二 公尺 是 東南亞 最高峰 其 周圍 山峰 峻峭 崢嶸 充滿 山巒疊嶂 之 美 深受 登山 者 的 喜愛,22,玉山(1195) 主峰(206) 高海拔(369) 三千九百五十二(4) 公尺(19233) 是(4642407) 東南亞(3600) 最高峰(716) 其(307905) 周圍(15078) 山峰(1371) 峻峭(59) 崢嶸(190) 充滿(43990) 山巒疊嶂(2) 之(875481) 美(53380) 深受(5274) 登山(2895) 者(423504) 的(16029838) 喜愛(12200),"{'High': 19, 'Low': 3}","{'Unknown': 11, '第4級': 2, '第1級': 2, '第6級': 2, '第4*級': 2, '第5級': 2, '第1*級': 1}",5,Y,N,N,N
玉山的森林體系也很豐富，有各種野生動物棲息，特別是國際知名的帝雉與藍腹鵰，更是玉山的嬌客。,玉山 的 森林 體系 也 很 豐富 有 各 種 野生 動物 棲息 特別 是 國際 知名 的 帝雉 與 藍腹鵰 更 是 玉山 的 嬌客,26,玉山(1195) 的(16029838) 森林(14387) 體系(17906) 也(1590760) 很(715675) 豐富(24271) 有(2217079) 各(243023) 種(701563) 野生(2489) 動物(36835) 棲息(1954) 特別(91212) 是(4642407) 國際(40846) 知名(9697) 的(16029838) 帝雉(36) 與(968432) 藍腹鵰(Unknown) 更(361676) 是(4642407) 玉山(1195) 的(16029838) 嬌客(70),"{'High': 23, 'Low': 3}","{'Unknown': 8, '第1級': 8, '第4級': 3, '第6級': 2, '第2級': 2, '第7級': 1, '第5級': 1, '第4*級': 1}",1,Y,Y,N,N
到玉山旅遊，以登山為主，最普遍的路線有兩條，一條是開車從南投水里進入，到東埔則改走登山路線至八通關古道，一條是由阿里山或新中橫公路上塔塔加，由此登玉山主峰，再轉由八通關古道下山接東埔。,到 玉山 旅遊 以 登山 為主 最 普遍 的 路線 有 兩 條 一 條 是 開車 從 南投 水里 進入 到 東埔 則 改走 登山 路線 至 八通關 古道 一 條 是 由 阿里山 或 新 中橫公路 上 塔塔加 由 此 登 玉山 主峰 再 轉 由 八通關 古道 下山 接 東埔,53,到(546906) 玉山(1195) 旅遊(8465) 以(547785) 登山(2895) 為主(12900) 最(421680) 普遍(16221) 的(16029838) 路線(9508) 有(2217079) 兩(526190) 條(115362) 一(3701681) 條(115362) 是(4642407) 開車(10401) 從(496546) 南投(857) 水里(172) 進入(66885) 到(546906) 東埔(121) 則(254096) 改走(197) 登山(2895) 路線(9508) 至(101530) 八通關(389) 古道(1321) 一(3701681) 條(115362) 是(4642407) 由(208604) 阿里山(1074) 或(478077) 新(212453) 中橫公路(28) 上(1233218) 塔塔加(50) 由(208604) 此(288458) 登(6176) 玉山(1195) 主峰(206) 再(326207) 轉(20108) 由(208604) 八通關(389) 古道(1321) 下山(5040) 接(19549) 東埔(121),"{'High': 51, 'Low': 2}","{'第1級': 11, 'Unknown': 19, '第4級': 5, '第5級': 6, '第1*級': 4, '第2級': 4, '第4*級': 3, '第3級': 1}",5,Y,Y,N,N
東埔是布農族村落，也是台灣高山嚮導的故鄉，在東埔街上有很多溫泉旅館。,東埔 是 布農族 村落 也 是 台灣 高山 嚮導 的 故鄉 在 東埔街 上 有 很多 溫泉 旅館,18,東埔(121) 是(4642407) 布農族(1283) 村落(3977) 也(1590760) 是(4642407) 台灣(130718) 高山(5393) 嚮導(1725) 的(16029838) 故鄉(6556) 在(3284238) 東埔街(Unknown) 上(1233218) 有(2217079) 很多(113128) 溫泉(2435) 旅館(12498),"{'High': 17, 'Low': 1}","{'Unknown': 5, '第1級': 7, '第6級': 2, '第4*級': 1, '第1*級': 1, '第3級': 1, '第2*級': 1}",2,Y,N,N,Y
合歡山是台灣的滑雪勝地，位於南投縣與花蓮縣的交界附近，冬天滑雪，夏天避暑，是合歡山最受人喜愛的地方。,合歡山 是 台灣 的 滑雪 勝地 位於 南投縣 與 花蓮縣 的 交界 附近 冬天 滑雪 夏天 避暑 是 合歡山 最 受 人 喜愛 的 地方,25,合歡山(199) 是(4642407) 台灣(130718) 的(16029838) 滑雪(1280) 勝地(934) 位於(19612) 南投縣(780) 與(968432) 花蓮縣(593) 的(16029838) 交界(919) 附近(32204) 冬天(8241) 滑雪(1280) 夏天(11228) 避暑(1237) 是(4642407) 合歡山(199) 最(421680) 受(109982) 人(1550512) 喜愛(12200) 的(16029838) 地方(139164),{'High': 25},"{'Unknown': 4, '第1級': 7, '第4級': 4, '第7級': 2, '第6級': 2, '第4*級': 1, '第1*級': 3, '第2級': 2}",4,Y,Y,N,N
上合歡山有兩條路，若選擇中橫公路線，可在大禹嶺接中橫霧社支線，若選擇從埔里方向上合歡山，可先至霧社，再接上清境農場至合歡山。,上 合歡山 有 兩 條 路 若 選擇 中橫 公路線 可 在 大禹嶺 接 中橫 霧社 支線 若 選擇 從 埔里 方向 上 合歡山 可 先 至 霧社 再 接上 清境 農場 至 合歡山,34,上(1233218) 合歡山(199) 有(2217079) 兩(526190) 條(115362) 路(74635) 若(92766) 選擇(75178) 中橫(120) 公路線(6) 可(307359) 在(3284238) 大禹嶺(22) 接(19549) 中橫(120) 霧社(2459) 支線(333) 若(92766) 選擇(75178) 從(496546) 埔里(1277) 方向(39560) 上(1233218) 合歡山(199) 可(307359) 先(136649) 至(101530) 霧社(2459) 再(326207) 接上(887) 清境(109) 農場(4915) 至(101530) 合歡山(199),"{'High': 32, 'Low': 2}","{'第1級': 5, 'Unknown': 15, '第2級': 2, '第3*級': 3, '第4*級': 2, '第1*級': 4, '第5級': 3}",5,Y,Y,N,Y
阿里山位於嘉義縣境內，從嘉義有新中橫公路直接上阿里山，約七十二公里長，阿里山是玉山山脈的支脈，由十八座大山組成。,阿里山 位於 嘉義縣 境 內 從 嘉義 有 新 中橫公路 直接 上 阿里山 約 七十二 公里 長 阿里山 是 玉山 山脈 的 支脈 由 十八 座 大 山 組成,29,阿里山(1074) 位於(19612) 嘉義縣(614) 境(15223) 內(183051) 從(496546) 嘉義(2515) 有(2217079) 新(212453) 中橫公路(28) 直接(54798) 上(1233218) 阿里山(1074) 約(47731) 七十二(1241) 公里(16646) 長(107092) 阿里山(1074) 是(4642407) 玉山(1195) 山脈(3141) 的(16029838) 支脈(80) 由(208604) 十八(13604) 座(49959) 大(525780) 山(54936) 組成(20095),"{'High': 27, 'Low': 2}","{'Unknown': 13, '第6級': 2, '第3級': 2, '第1*級': 2, '第1級': 6, '第3*級': 2, '第4級': 1, '第4*級': 1}",6,Y,N,N,N
山上風光明媚，每年年初，櫻花盛開之際，阿里山遊客如織。,山 上 風光明媚 每 年 年初 櫻花 盛開 之 際 阿里山 遊客如織,12,山(54936) 上(1233218) 風光明媚(120) 每(333357) 年(514736) 年初(983) 櫻花(1443) 盛開(1928) 之(875481) 際(14344) 阿里山(1074) 遊客如織(3),"{'High': 11, 'Low': 1}","{'第1*級': 2, '第1級': 2, 'Unknown': 4, '第7級': 1, '第6級': 2, '第5級': 1}",3,Y,N,N,N
阿里山著名的是它的高山森林鐵路，這條鐵路是世界上僅存的三條鐵路之一，由海拔三十公尺至二千二百七十四公尺，途經熱、暖、溫、寒四帶，沿途景色變化大，令人激賞。,阿里山 著名 的 是 它 的 高山 森林 鐵路 這 條 鐵路 是 世界 上 僅存 的 三 條 鐵路 之 一 由 海拔 三十 公尺 至 二千二百七十四 公尺 途經 熱 暖 溫 寒 四 帶 沿途 景色 變化 大 令 人 激賞,43,阿里山(1074) 著名(20279) 的(16029838) 是(4642407) 它(316854) 的(16029838) 高山(5393) 森林(14387) 鐵路(7088) 這(2114032) 條(115362) 鐵路(7088) 是(4642407) 世界(165235) 上(1233218) 僅存(1178) 的(16029838) 三(313861) 條(115362) 鐵路(7088) 之(875481) 一(3701681) 由(208604) 海拔(2509) 三十(24336) 公尺(19233) 至(101530) 二千二百七十四(Unknown) 公尺(19233) 途經(602) 熱(19720) 暖(2606) 溫(3581) 寒(5162) 四(141667) 帶(105786) 沿途(2767) 景色(3529) 變化(42502) 大(525780) 令(128742) 人(1550512) 激賞(651),"{'High': 42, 'Low': 1}","{'Unknown': 7, '第6級': 3, '第1級': 14, '第1*級': 1, '第4級': 7, '第2級': 3, '第5級': 3, '第4*級': 3, '第7級': 2}",2,Y,N,N,Y
阿里山的日出更是台灣勝景，在阿里山賞日出，可以發現太陽每天出來的位置都不一樣，日出磅礡的氣勢，令人對大自然的崇拜，不禁油然而生。,阿里山 的 日出 更 是 台灣 勝景 在 阿里山 賞 日出 可以 發現 太陽 每 天 出來 的 位置 都 不 一樣 日出 磅礡 的 氣勢 令 人 對 大自然 的 崇拜 不禁 油然而生,34,阿里山(1074) 的(16029838) 日出(1903) 更(361676) 是(4642407) 台灣(130718) 勝景(136) 在(3284238) 阿里山(1074) 賞(8511) 日出(1903) 可以(560531) 發現(175233) 太陽(21823) 每(333357) 天(330413) 出來(50336) 的(16029838) 位置(32151) 都(1125846) 不(2282521) 一樣(188109) 日出(1903) 磅礡(274) 的(16029838) 氣勢(4177) 令(128742) 人(1550512) 對(897964) 大自然(10703) 的(16029838) 崇拜(8129) 不禁(16707) 油然而生(802),{'High': 34},"{'Unknown': 6, '第1級': 12, '第4*級': 4, '第1*級': 3, '第5級': 3, '第2級': 1, '第3級': 1, '第6級': 2, '第4級': 1, '第7級': 1}",4,Y,N,N,N
不禁油然而生。,不禁 油然而生,2,不禁(16707) 油然而生(802),{'High': 2},"{'第6級': 1, '第7級': 1}",1,Y,N,N,N
佛教慈濟基金會所屬的慈濟文化志業中心，投入經營文化雜誌行列，八月份創辦發行「經典」雜誌，總編輯王志宏是曾經背負行囊遠赴南極、西藏的報導攝影家，他表示，「經典」將深耕文化活水，創造精緻的影像報導語言。,佛教 慈濟 基金會 所屬 的 慈濟 文化 志業 中心 投入 經營 文化 雜誌 行列 八月份 創辦 發行 經典 雜誌 總編輯 王志宏 是 曾經 背負 行囊 遠 赴 南極 西藏 的 報導 攝影家 他 表示 經典 將 深耕 文化 活水 創造 精緻 的 影像 報導 語言,45,佛教(12456) 慈濟(837) 基金會(7844) 所屬(4028) 的(16029838) 慈濟(837) 文化(115697) 志業(879) 中心(46076) 投入(18783) 經營(39913) 文化(115697) 雜誌(22563) 行列(3774) 八月份(161) 創辦(5566) 發行(12238) 經典(10108) 雜誌(22563) 總編輯(1346) 王志宏(4) 是(4642407) 曾經(52970) 背負(2165) 行囊(694) 遠(57546) 赴(12878) 南極(986) 西藏(4965) 的(16029838) 報導(27311) 攝影家(929) 他(2487930) 表示(74452) 經典(10108) 將(448374) 深耕(409) 文化(115697) 活水(437) 創造(38327) 精緻(5073) 的(16029838) 影像(22328) 報導(27311) 語言(49871),"{'High': 44, 'Low': 1}","{'第5級': 8, 'Unknown': 11, '第1級': 5, '第2級': 5, '第7級': 1, '第3級': 1, '第6級': 8, '第3*級': 2, '第4級': 1, '第4*級': 3}",5,Y,N,N,Y
「經典」發行人王端正引用美國天文學家狄基說：：「人類是宇宙的新客」，大致勾勒出慈濟基金會涉足雜誌媒體，想建構知性、靈性與理性的報導面貌。,經典 發行人 王端正 引用 美國 天文學家 狄基 說 人類 是 宇宙 的 新客 大致 勾勒出 慈濟 基金會 涉足 雜誌 媒體 想 建構 知性 靈性 與 理性 的 報導 面貌,29,經典(10108) 發行人(1326) 王端正(Unknown) 引用(7606) 美國(148299) 天文學家(1503) 狄基(9) 說(1285247) 人類(78855) 是(4642407) 宇宙(25210) 的(16029838) 新客(25) 大致(7165) 勾勒出(882) 慈濟(837) 基金會(7844) 涉足(810) 雜誌(22563) 媒體(32308) 想(449884) 建構(13771) 知性(2107) 靈性(4228) 與(968432) 理性(18293) 的(16029838) 報導(27311) 面貌(5835),"{'High': 26, 'Low': 3}","{'第6級': 4, 'Unknown': 9, '第5級': 6, '第1級': 6, '第4*級': 2, '第3*級': 1, '第4級': 1}",5,Y,Y,N,Y
而曾經出版西藏專題攝影集「在龍背上」的攝影家王志宏，則簡單的用「美國國家地理雜誌」、「」等影像與文字並重的著名刊物，做為「經典」內涵與品質的追求標的，他表示，這樣一本刊物在他內心構思多年，於消費性刊物為商業主流的時代，慈濟投入於這項文化領域，於製作的視野高度上，有利於超越客觀條件的貧瘠。,而 曾經 出版 西藏 專題 攝影集 在 龍背 上 的 攝影家 王志宏 則 簡單 的 用 美國 國家 地理 雜誌 等 影像 與 文字 並重 的 著名 刊物 做為 經典 內涵 與 品質 的 追求 標的 他 表示 這樣 一 本 刊物 在 他 內心 構思 多 年 於 消費性 刊物 為 商業 主流 的 時代 慈濟 投入 於 這 項 文化 領域 於 製作 的 視野 高度 上 有利於 超越 客觀 條件 的 貧瘠,75,而(937923) 曾經(52970) 出版(37283) 西藏(4965) 專題(3108) 攝影集(129) 在(3284238) 龍背(47) 上(1233218) 的(16029838) 攝影家(929) 王志宏(4) 則(254096) 簡單(52683) 的(16029838) 用(377038) 美國(148299) 國家(109166) 地理(7072) 雜誌(22563) 等(327380) 影像(22328) 與(968432) 文字(31407) 並重(538) 的(16029838) 著名(20279) 刊物(2946) 做為(19421) 經典(10108) 內涵(6559) 與(968432) 品質(19388) 的(16029838) 追求(29080) 標的(1371) 他(2487930) 表示(74452) 這樣(288344) 一(3701681) 本(197156) 刊物(2946) 在(3284238) 他(2487930) 內心(33857) 構思(2683) 多(318992) 年(514736) 於(327210) 消費性(609) 刊物(2946) 為(761341) 商業(19292) 主流(7417) 的(16029838) 時代(74034) 慈濟(837) 投入(18783) 於(327210) 這(2114032) 項(88887) 文化(115697) 領域(37450) 於(327210) 製作(26135) 的(16029838) 視野(7815) 高度(20229) 上(1233218) 有利於(2951) 超越(16080) 客觀(11309) 條件(36308) 的(16029838) 貧瘠(972),"{'High': 73, 'Low': 2}","{'第5級': 11, '第4級': 4, '第4*級': 9, '第6級': 8, 'Unknown': 16, '第1*級': 3, '第1級': 18, '第2級': 2, '第3*級': 2, '第3級': 1, '第7級': 1}",5,Y,Y,N,Y
有利於超越客觀條件的貧瘠。,有利於 超越 客觀 條件 的 貧瘠,6,有利於(2951) 超越(16080) 客觀(11309) 條件(36308) 的(16029838) 貧瘠(972),{'High': 6},"{'Unknown': 1, '第5級': 2, '第4級': 1, '第1級': 1, '第7級': 1}",1,Y,N,N,N
卅八位國民黨籍國代不顧黨中央不修憲立場，參與由張玲領銜所提的「監委任期改為九年且不得連任」修憲案名單曝光之後，卅日態度出現一百八十度大轉變，除了張玲堅持不撤簽之外，其餘黨籍國代陳燦鴻等人都簽下撤簽書，向黨團「輸誠」，並指責張玲將眷村改建連署名單換成修憲案，讓他們受到不白之冤，希望黨團明察；不過張玲則極力否認有此行徑。,卅八 位 國民黨籍 國代 不顧 黨 中央 不 修憲 立場 參與 由 張玲 領銜 所 提 的 監委 任期 改為 九 年 且 不得 連任 修憲案 名單 曝光 之後 卅日 態度 出現 一百八十 度 大 轉變 除了 張玲 堅持 不 撤簽 之外 其餘 黨籍 國代 陳燦鴻 等 人 都 簽下 撤簽書 向 黨團 輸誠 並 指責 張玲 將 眷村 改建 連署 名單 換成 修憲案 讓 他們 受到 不白之冤 希望 黨團 明察 不過 張玲 則 極力 否認 有 此 行徑,79,卅八(33) 位(284809) 國民黨籍(88) 國代(238) 不顧(6647) 黨(23312) 中央(46180) 不(2282521) 修憲(360) 立場(17198) 參與(40595) 由(208604) 張玲(4) 領銜(384) 所(527327) 提(33635) 的(16029838) 監委(106) 任期(1791) 改為(6294) 九(34506) 年(514736) 且(67015) 不得(14941) 連任(1161) 修憲案(37) 名單(6552) 曝光(2785) 之後(190467) 卅日(76) 態度(56470) 出現(124694) 一百八十(1223) 度(25018) 大(525780) 轉變(11746) 除了(75964) 張玲(4) 堅持(30662) 不(2282521) 撤簽(1) 之外(45757) 其餘(8181) 黨籍(641) 國代(238) 陳燦鴻(Unknown) 等(327380) 人(1550512) 都(1125846) 簽下(888) 撤簽書(Unknown) 向(231672) 黨團(225) 輸誠(119) 並(442790) 指責(6771) 張玲(4) 將(448374) 眷村(625) 改建(1135) 連署(271) 名單(6552) 換成(3897) 修憲案(37) 讓(526314) 他們(716752) 受到(66513) 不白之冤(24) 希望(119975) 黨團(225) 明察(348) 不過(186226) 張玲(4) 則(254096) 極力(5116) 否認(8670) 有(2217079) 此(288458) 行徑(2903),"{'Low': 13, 'High': 66}","{'Unknown': 31, '第1級': 11, '第5級': 13, '第4*級': 2, '第2級': 5, '第3級': 3, '第6級': 7, '第4級': 4, '第3*級': 2, '第7級': 1}",7,Y,Y,N,Y
張玲強調，她非常支持黨中央不修憲的立場，但提修憲案是國代的權利，她也認為，今年國大不適合修憲，但是她要凸顯監委任期的不合理，所以才會以提修憲案方式來表明嚴重性，黨中央實在不必大驚小怪；但國民黨國大高層人士昨天已明確表示，張玲行為已嚴重違反黨的政策，黨中央一定會有所處理，只是時間的問題而已。,張玲 強調 她 非常 支持 黨 中央 不 修憲 的 立場 但 提 修憲案 是 國代 的 權利 她 也 認為 今年 國大 不 適合 修憲 但是 她 要 凸顯 監委 任期 的 不 合理 所以 才 會 以 提 修憲案 方式 來 表明 嚴重性 黨 中央 實在 不必 大驚小怪 但 國民黨 國大 高層 人士 昨天 已 明確 表示 張玲 行為 已 嚴重 違反 黨 的 政策 黨 中央 一定 會 有所 處理 只 是 時間 的 問題 而已,79,張玲(4) 強調(36095) 她(1052913) 非常(152032) 支持(42489) 黨(23312) 中央(46180) 不(2282521) 修憲(360) 的(16029838) 立場(17198) 但(597124) 提(33635) 修憲案(37) 是(4642407) 國代(238) 的(16029838) 權利(15625) 她(1052913) 也(1590760) 認為(192030) 今年(10836) 國大(681) 不(2282521) 適合(25592) 修憲(360) 但是(247988) 她(1052913) 要(851264) 凸顯(2676) 監委(106) 任期(1791) 的(16029838) 不(2282521) 合理(15811) 所以(239080) 才(394539) 會(1014977) 以(547785) 提(33635) 修憲案(37) 方式(133407) 來(742183) 表明(7686) 嚴重性(1084) 黨(23312) 中央(46180) 實在(51634) 不必(29161) 大驚小怪(1133) 但(597124) 國民黨(11621) 國大(681) 高層(6030) 人士(27666) 昨天(12735) 已(215610) 明確(17292) 表示(74452) 張玲(4) 行為(97450) 已(215610) 嚴重(39284) 違反(6717) 黨(23312) 的(16029838) 政策(30965) 黨(23312) 中央(46180) 一定(138695) 會(1014977) 有所(14564) 處理(61797) 只(436725) 是(4642407) 時間(213595) 的(16029838) 問題(280782) 而已(43005),"{'Low': 4, 'High': 75}","{'Unknown': 16, '第5級': 12, '第1級': 20, '第1*級': 6, '第4級': 3, '第2級': 5, '第3級': 6, '第6級': 5, '第4*級': 5, '第3*級': 1}",5,Y,Y,N,Y
昨天在國民黨國大工作會主任莊隆昌全力運作之下，除了張玲之外，另外卅八位國代都簽署撤簽同意書，向黨中央宣示效忠，國大工作會雖然二度運作在程序委員會及大會中，企圖將張玲所提的修憲案撤掉，但受限於議事規則限制，最後都是功敗垂成，準備下週一討論修憲案時，再拿出撤簽書要求撤案。,昨天 在 國民黨 國大 工作會 主任 莊隆昌 全力 運作 之下 除了 張玲 之外 另外 卅八 位 國代 都 簽署 撤簽 同意書 向 黨 中央 宣示 效忠 國大 工作會 雖然 二 度 運作 在 程序 委員會 及 大會 中 企圖 將 張玲 所 提 的 修憲案 撤掉 但 受限於 議事 規則 限制 最後 都 是 功敗垂成 準備 下 週一 討論 修憲案 時 再 拿出 撤簽書 要求 撤案,66,昨天(12735) 在(3284238) 國民黨(11621) 國大(681) 工作會(153) 主任(13859) 莊隆昌(Unknown) 全力(4329) 運作(23209) 之下(34606) 除了(75964) 張玲(4) 之外(45757) 另外(48233) 卅八(33) 位(284809) 國代(238) 都(1125846) 簽署(2297) 撤簽(1) 同意書(408) 向(231672) 黨(23312) 中央(46180) 宣示(1899) 效忠(2192) 國大(681) 工作會(153) 雖然(152988) 二(152494) 度(25018) 運作(23209) 在(3284238) 程序(11299) 委員會(19419) 及(304586) 大會(7830) 中(1011729) 企圖(13811) 將(448374) 張玲(4) 所(527327) 提(33635) 的(16029838) 修憲案(37) 撤掉(222) 但(597124) 受限於(871) 議事(935) 規則(18168) 限制(23094) 最後(142102) 都(1125846) 是(4642407) 功敗垂成(268) 準備(64901) 下(329549) 週一(994) 討論(59041) 修憲案(37) 時(623734) 再(326207) 拿出(14551) 撤簽書(Unknown) 要求(71192) 撤案(21),"{'High': 57, 'Low': 9}","{'第1級': 7, '第1*級': 4, 'Unknown': 25, '第4級': 3, '第6級': 7, '第3*級': 4, '第3級': 3, '第2級': 6, '第5級': 4, '第7級': 1, '第4*級': 1, '第2*級': 1}",11,Y,Y,N,Y
再拿出撤簽書要求撤案。,再 拿出 撤簽書 要求 撤案,5,再(326207) 拿出(14551) 撤簽書(Unknown) 要求(71192) 撤案(21),"{'High': 3, 'Low': 2}","{'第1*級': 1, '第4級': 1, 'Unknown': 2, '第3*級': 1}",1,Y,N,N,N
教育部中教司昨天公布師資培育法修正草案初相關資料稿，最大的改變是取消行之多年的師範公費生和實習教師津貼制度。,教育部 中教司 昨天 公布 師資 培育 法 修正 草案 初 相關 資料 稿 最 大 的 改變 是 取消 行 之 多 年 的 師範 公費生 和 實習 教師 津貼 制度,31,教育部(3240) 中教司(1) 昨天(12735) 公布(3670) 師資(1273) 培育(3504) 法(40998) 修正(8173) 草案(1195) 初(42087) 相關(41599) 資料(52866) 稿(5682) 最(421680) 大(525780) 的(16029838) 改變(92018) 是(4642407) 取消(5437) 行(63474) 之(875481) 多(318992) 年(514736) 的(16029838) 師範(3542) 公費生(38) 和(1338337) 實習(3050) 教師(27836) 津貼(984) 制度(37973),"{'High': 29, 'Low': 2}","{'第5級': 6, 'Unknown': 5, '第1級': 7, '第7級': 1, '第6級': 5, '第4級': 4, '第4*級': 1, '第3級': 1, '第1*級': 1}",3,Y,Y,N,N
中教吳京：師資培育司長卓英豪表示，所提草案將在今天自費是未來趨勢召開的教育部專案小組會議討論，希望明年二月能送到行政院審議。,中教 吳京 師資 培育 司長 卓英豪 表示 所 提 草案 將 在 今天 自費 是 未來 趨勢 召開 的 教育部 專案 小組 會議 討論 希望 明年 二月 能 送到 行政院 審議,31,中教(10) 吳京(36) 師資(1273) 培育(3504) 司長(559) 卓英豪(Unknown) 表示(74452) 所(527327) 提(33635) 草案(1195) 將(448374) 在(3284238) 今天(73277) 自費(563) 是(4642407) 未來(54445) 趨勢(9872) 召開(5858) 的(16029838) 教育部(3240) 專案(4937) 小組(12825) 會議(30698) 討論(59041) 希望(119975) 明年(3059) 二月(12791) 能(582260) 送到(10934) 行政院(4347) 審議(1267),"{'Low': 3, 'High': 28}","{'Unknown': 8, '第7級': 2, '第6級': 5, '第4*級': 1, '第2級': 2, '第3級': 1, '第5級': 3, '第1*級': 3, '第1級': 3, '第4級': 2, '第3*級': 1}",3,Y,N,N,Y
李建興：早預言師培法五年內會不過，如此重大的政策改變，教育大翻修部次長、部長都不知情，昨天下午被媒體詢問時，還被迫臨時「補課」。,李建興 早 預言 師培法 五 年 內 會 不 過 如此 重大 的 政策 改變 教育 大 翻修 部 次長 部長 都 不 知情 昨天 下午 被 媒體 詢問 時 還 被迫 臨時 補課,34,李建興(27) 早(62038) 預言(5479) 師培法(Unknown) 五(112649) 年(514736) 內(183051) 會(1014977) 不(2282521) 過(412878) 如此(133083) 重大(19228) 的(16029838) 政策(30965) 改變(92018) 教育(71554) 大(525780) 翻修(332) 部(71567) 次長(520) 部長(6226) 都(1125846) 不(2282521) 知情(3919) 昨天(12735) 下午(20045) 被(540683) 媒體(32308) 詢問(12467) 時(623734) 還(625086) 被迫(8701) 臨時(7386) 補課(74),"{'Low': 3, 'High': 31}","{'Unknown': 7, '第1級': 10, '第5級': 5, '第3級': 2, '第1*級': 2, '第4*級': 2, '第4級': 2, '第2級': 2, '第6級': 1, '第3*級': 1}",2,Y,N,N,Y
師培法修法專案小組召集人政務次長師範生抗議師培法赴教部高爭李建興強調，上述內容僅為教育部委取實習權益託「部外」五人小組的建議案，他個人傾向保留公費生制度彈性運用。,師培法 修法 專案 小組 召集人 政務 次長 師範生 抗議 師培法 赴 教部 高 爭 李建興 強調 上述 內容 僅 為 教育部 委取 實習 權益 託 部 外 五 人 小組 的 建議案 他 個人 傾向 保留 公費生 制度 彈性 運用,40,師培法(Unknown) 修法(336) 專案(4937) 小組(12825) 召集人(571) 政務(2792) 次長(520) 師範生(57) 抗議(8382) 師培法(Unknown) 赴(12878) 教部(32) 高(128858) 爭(11763) 李建興(27) 強調(36095) 上述(18640) 內容(55074) 僅(30739) 為(761341) 教育部(3240) 委取(Unknown) 實習(3050) 權益(3789) 託(3801) 部(71567) 外(109310) 五(112649) 人(1550512) 小組(12825) 的(16029838) 建議案(75) 他(2487930) 個人(76253) 傾向(14029) 保留(11400) 公費生(38) 制度(37973) 彈性(8540) 運用(35916),"{'Low': 8, 'High': 32}","{'Unknown': 11, '第6級': 6, '第5級': 11, '第7級': 1, '第1級': 6, '第4*級': 1, '第4級': 3, '第2級': 1}",8,Y,N,N,Y
師教育部：師培法範公費生廢除與否充滿變數。,師 教育部 師培法 範 公費生 廢除 與否 充滿 變數,9,師(11073) 教育部(3240) 師培法(Unknown) 範(492) 公費生(38) 廢除(3114) 與否(4610) 充滿(43990) 變數(3080),"{'High': 7, 'Low': 2}","{'Unknown': 5, '第5級': 1, '第6級': 2, '第4*級': 1}",3,Y,N,N,N
送到立院被大翻修，教育部昨天召開例行記者會，卓英豪表示，「師資培育法」已實施了四年，將修正取消實施多年的師範公費新師培法實施生制度，教師實習也將納入師資培育教職市場大換血課程的一環，明訂實習期間為學生，沒有教師實習津貼可以領取。,送到 立院 被 大 翻修 教育部 昨天 召開 例行 記者會 卓英豪 表示 師資 培育 法 已 實施 了 四 年 將 修正 取消 實施 多 年 的 師範 公費 新 師培法 實施生 制度 教師 實習 也 將 納入 師資 培育 教職 市場 大 換血 課程 的 一 環 明訂 實習 期間 為 學生 沒有 教師 實習 津貼 可以 領取,59,送到(10934) 立院(81) 被(540683) 大(525780) 翻修(332) 教育部(3240) 昨天(12735) 召開(5858) 例行(2894) 記者會(1649) 卓英豪(Unknown) 表示(74452) 師資(1273) 培育(3504) 法(40998) 已(215610) 實施(11851) 了(3199291) 四(141667) 年(514736) 將(448374) 修正(8173) 取消(5437) 實施(11851) 多(318992) 年(514736) 的(16029838) 師範(3542) 公費(409) 新(212453) 師培法(Unknown) 實施生(Unknown) 制度(37973) 教師(27836) 實習(3050) 也(1590760) 將(448374) 納入(5488) 師資(1273) 培育(3504) 教職(1301) 市場(65023) 大(525780) 換血(80) 課程(30183) 的(16029838) 一(3701681) 環(4630) 明訂(231) 實習(3050) 期間(32981) 為(761341) 學生(115846) 沒有(594280) 教師(27836) 實習(3050) 津貼(984) 可以(560531) 領取(1340),"{'High': 54, 'Low': 5}","{'Unknown': 15, '第2級': 2, '第1級': 15, '第5級': 9, '第6級': 9, '第4*級': 2, '第7級': 2, '第3級': 1, '第4級': 4}",5,Y,N,N,Y
卓英豪表示，雖然取消了公費生制度及分發任教，但對於有特殊需要的學生，仍提供獎助學金補助。,卓英豪 表示 雖然 取消 了 公費生 制度 及 分發 任教 但 對於 有 特殊 需要 的 學生 仍 提供 獎助學金 補助,21,卓英豪(Unknown) 表示(74452) 雖然(152988) 取消(5437) 了(3199291) 公費生(38) 制度(37973) 及(304586) 分發(663) 任教(3172) 但(597124) 對於(99570) 有(2217079) 特殊(28606) 需要(166793) 的(16029838) 學生(115846) 仍(92056) 提供(73097) 獎助學金(56) 補助(2843),"{'Low': 3, 'High': 18}","{'Unknown': 4, '第4*級': 2, '第2級': 3, '第5級': 4, '第4級': 2, '第7級': 1, '第6級': 2, '第1級': 3}",3,Y,Y,N,Y
由於是政府出錢，仍然是「公費」，但學生不再有到偏遠學校服務的義務。,由於 是 政府 出錢 仍然 是 公費 但 學生 不再 有 到 偏遠 學校 服務 的 義務,17,由於(88111) 是(4642407) 政府(92663) 出錢(454) 仍然(46200) 是(4642407) 公費(409) 但(597124) 學生(115846) 不再(51754) 有(2217079) 到(546906) 偏遠(1898) 學校(74782) 服務(38055) 的(16029838) 義務(7086),{'High': 17},"{'第4*級': 1, '第1級': 7, '第4級': 2, 'Unknown': 3, '第2級': 1, '第6級': 1, '第3級': 1, '第5級': 1}",0,Y,Y,N,N
他說，部分人士擔心公費制度取消後，將使偏遠地區的師資更加不足，使教育部縮短城鄉差距的政策更難達成。,他 說 部分 人士 擔心 公費 制度 取消 後 將 使 偏遠 地區 的 師資 更加 不足 使 教育部 縮短 城鄉 差距 的 政策 更 難 達成,27,他(2487930) 說(1285247) 部分(82518) 人士(27666) 擔心(40962) 公費(409) 制度(37973) 取消(5437) 後(422857) 將(448374) 使(197544) 偏遠(1898) 地區(40339) 的(16029838) 師資(1273) 更加(27604) 不足(20371) 使(197544) 教育部(3240) 縮短(2698) 城鄉(1118) 差距(5164) 的(16029838) 政策(30965) 更(361676) 難(75701) 達成(19667),{'High': 27},"{'第1級': 5, '第2級': 1, '第5級': 8, '第3*級': 1, 'Unknown': 4, '第4級': 2, '第6級': 3, '第7級': 1, '第4*級': 2}",1,Y,N,N,N
但他認為，這個問題可透過補助偏遠地區教師津貼、增加其他福利措施解決。,但 他 認為 這 個 問題 可 透過 補助 偏遠 地區 教師 津貼 增加 其他 福利 措施 解決,18,但(597124) 他(2487930) 認為(192030) 這(2114032) 個(2296574) 問題(280782) 可(307359) 透過(63117) 補助(2843) 偏遠(1898) 地區(40339) 教師(27836) 津貼(984) 增加(48296) 其他(189445) 福利(4311) 措施(10317) 解決(55725),{'High': 18},"{'第2級': 3, '第1級': 4, '第4*級': 1, '第5級': 1, '第6級': 5, '第4級': 4}",0,Y,Y,N,N
在實習津貼部分，官員表示，未來，實習將納入師資培育的一般課程，不再獨立於畢業之後或安排於第五年，而是採取類似技職教育的「三明治教學」模式，讓學生利用學期部份時間前往中小學實習，部份時間返校上課；實習期間也可望縮短為半年或維持一年，實習學生也可望在不同的實習學校相互輪調。,在 實習 津貼 部分 官員 表示 未來 實習 將 納入 師資 培育 的 一般 課程 不再 獨立 於 畢業 之後 或 安排 於 第五 年 而是 採取 類似 技職教育 的 三明治 教學 模式 讓 學生 利用 學期 部份 時間 前往 中小學 實習 部份 時間 返校 上課 實習 期間 也 可望 縮短為 半 年 或 維持 一 年 實習 學生 也 可望 在 不同 的 實習 學校 相互 輪調,68,在(3284238) 實習(3050) 津貼(984) 部分(82518) 官員(31382) 表示(74452) 未來(54445) 實習(3050) 將(448374) 納入(5488) 師資(1273) 培育(3504) 的(16029838) 一般(80732) 課程(30183) 不再(51754) 獨立(29364) 於(327210) 畢業(19764) 之後(190467) 或(478077) 安排(30105) 於(327210) 第五(14068) 年(514736) 而是(74258) 採取(30585) 類似(29985) 技職教育(2) 的(16029838) 三明治(2296) 教學(28989) 模式(35179) 讓(526314) 學生(115846) 利用(49229) 學期(4041) 部份(11022) 時間(213595) 前往(27321) 中小學(1083) 實習(3050) 部份(11022) 時間(213595) 返校(174) 上課(10526) 實習(3050) 期間(32981) 也(1590760) 可望(1149) 縮短為(105) 半(80813) 年(514736) 或(478077) 維持(31284) 一(3701681) 年(514736) 實習(3050) 學生(115846) 也(1590760) 可望(1149) 在(3284238) 不同(159432) 的(16029838) 實習(3050) 學校(74782) 相互(21268) 輪調(223),"{'High': 67, 'Low': 1}","{'第1*級': 3, '第5級': 15, '第6級': 3, '第2級': 4, '第4*級': 3, '第4級': 6, '第7級': 3, '第1級': 15, '第3*級': 2, 'Unknown': 8, '第3級': 5, '第2*級': 1}",4,Y,Y,N,N
實習學生也可望在不同的實習學校相互輪調。,實習 學生 也 可望 在 不同 的 實習 學校 相互 輪調,11,實習(3050) 學生(115846) 也(1590760) 可望(1149) 在(3284238) 不同(159432) 的(16029838) 實習(3050) 學校(74782) 相互(21268) 輪調(223),{'High': 11},"{'第5級': 3, '第1級': 4, '第7級': 1, '第1*級': 1, '第3級': 1, 'Unknown': 1}",0,Y,N,N,N
第一屆吳健雄科學營活動結束了，但參加活動的學員們進一步追求科學真理、探尋未知的企圖心還在延續。,第一 屆 吳健雄 科學營 活動 結束 了 但 參加 活動 的 學員 們 進一步 追求 科學 真理 探尋 未知 的 企圖心 還 在 延續,24,第一(172544) 屆(10220) 吳健雄(197) 科學營(8) 活動(85743) 結束(40669) 了(3199291) 但(597124) 參加(42962) 活動(85743) 的(16029838) 學員(4618) 們(140794) 進一步(25130) 追求(29080) 科學(55156) 真理(9829) 探尋(1052) 未知(4058) 的(16029838) 企圖心(1291) 還(625086) 在(3284238) 延續(6428),"{'High': 23, 'Low': 1}","{'第2級': 5, '第5級': 3, 'Unknown': 6, '第3*級': 1, '第1級': 3, '第4*級': 2, '第4級': 1, '第7級': 1, '第6級': 1, '第1*級': 1}",4,Y,Y,N,Y
看到這些優秀青少年對科學懷抱相當熱誠，如何協助他們繼續在科學之路發揮潛力，教育主管單位應有深切的思考。,看到 這些 優秀 青少年 對 科學 懷抱 相當 熱誠 如何 協助 他們 繼續 在 科學 之 路 發揮 潛力 教育 主管 單位 應有 深切 的 思考,26,看到(159419) 這些(315113) 優秀(11296) 青少年(16159) 對(897964) 科學(55156) 懷抱(4344) 相當(66293) 熱誠(1310) 如何(148068) 協助(28701) 他們(716752) 繼續(80649) 在(3284238) 科學(55156) 之(875481) 路(74635) 發揮(23985) 潛力(5300) 教育(71554) 主管(23448) 單位(23148) 應有(343) 深切(2283) 的(16029838) 思考(63031),{'High': 26},"{'第1*級': 2, 'Unknown': 2, '第5級': 7, '第4級': 4, '第1級': 4, '第3級': 2, '第7級': 1, '第4*級': 3, '第6級': 1}",1,Y,N,N,N
目前國內資優教育發展情形，也值得關切與檢討。,目前 國內 資優 教育 發展 情形 也 值得 關切 與 檢討,11,目前(48695) 國內(17537) 資優(1025) 教育(71554) 發展(117494) 情形(35199) 也(1590760) 值得(34362) 關切(3828) 與(968432) 檢討(5992),{'High': 11},"{'第4級': 4, 'Unknown': 1, '第3級': 1, '第3*級': 1, '第1級': 1, '第6級': 1, '第4*級': 1, '第5級': 1}",0,Y,Y,N,N
來自海內外的物理、數學資優學生們，三天來聆聽了諾貝爾級科學大師演講，並有機會和他們一起吃飯、親近對談。,來自 海內外 的 物理 數學 資優 學生 們 三 天 來 聆聽 了 諾貝爾級 科學 大師 演講 並 有 機會 和 他們 一起 吃飯 親近 對談,26,來自(41811) 海內外(983) 的(16029838) 物理(7524) 數學(13597) 資優(1025) 學生(115846) 們(140794) 三(313861) 天(330413) 來(742183) 聆聽(7962) 了(3199291) 諾貝爾級(11) 科學(55156) 大師(15010) 演講(16050) 並(442790) 有(2217079) 機會(81244) 和(1338337) 他們(716752) 一起(79297) 吃飯(14281) 親近(7508) 對談(2137),"{'High': 25, 'Low': 1}","{'第4級': 3, 'Unknown': 6, '第1級': 10, '第5級': 3, '第4*級': 2, '第6級': 1, '第2級': 1}",2,Y,Y,N,N
所有的學生們都異口同聲表示，收穫非常豐實，是前所未有的新鮮經驗。,所有 的 學生 們 都 異口同聲 表示 收穫 非常 豐實 是 前所未有 的 新鮮 經驗,15,所有(146771) 的(16029838) 學生(115846) 們(140794) 都(1125846) 異口同聲(1373) 表示(74452) 收穫(5747) 非常(152032) 豐實(201) 是(4642407) 前所未有(2771) 的(16029838) 新鮮(9966) 經驗(86997),{'High': 15},"{'第2級': 2, '第1級': 6, '第6級': 1, '第4*級': 1, '第5級': 1, '第1*級': 1, 'Unknown': 1, '第7級': 1, '第3級': 1}",2,Y,N,N,N
無論來自那個學校、那個地區，不管已是大學生或仍是高中生，學生們白天聽完演講，晚上相互聚集討論；不懂之處可隨時請教包括中研院院士在內的輔導教授。,無論 來自 那 個 學校 那 個 地區 不管 已 是 大學生 或 仍 是 高中生 學生 們 白天 聽完 演講 晚上 相互 聚集 討論 不 懂 之 處 可 隨時 請教 包括 中研院 院士 在 內 的 輔導 教授,40,無論(37021) 來自(41811) 那(754138) 個(2296574) 學校(74782) 那(754138) 個(2296574) 地區(40339) 不管(41857) 已(215610) 是(4642407) 大學生(5007) 或(478077) 仍(92056) 是(4642407) 高中生(1328) 學生(115846) 們(140794) 白天(9386) 聽完(3684) 演講(16050) 晚上(42206) 相互(21268) 聚集(8764) 討論(59041) 不(2282521) 懂(32301) 之(875481) 處(84410) 可(307359) 隨時(21195) 請教(5264) 包括(74410) 中研院(705) 院士(1252) 在(3284238) 內(183051) 的(16029838) 輔導(5767) 教授(39068),{'High': 40},"{'第4級': 6, '第1級': 12, '第3*級': 4, '第3級': 4, 'Unknown': 5, '第2*級': 1, '第5級': 4, '第1*級': 2, '第4*級': 2}",3,Y,Y,N,N
寧靜的溪頭山林中，過去三天可說成了知識寶庫，難怪不少學生每天的神情都相當興奮。,寧靜 的 溪頭 山林 中 過去 三 天 可 說成 了 知識 寶庫 難怪 不少 學生 每 天 的 神情 都 相當 興奮,23,寧靜(5919) 的(16029838) 溪頭(208) 山林(2890) 中(1011729) 過去(88758) 三(313861) 天(330413) 可(307359) 說成(2271) 了(3199291) 知識(63665) 寶庫(982) 難怪(6835) 不少(35256) 學生(115846) 每(333357) 天(330413) 的(16029838) 神情(8344) 都(1125846) 相當(66293) 興奮(19005),{'High': 23},"{'第5級': 1, '第1級': 7, 'Unknown': 6, '第6級': 2, '第4級': 2, '第4*級': 2, '第3*級': 1, '第1*級': 1, '第3級': 1}",0,Y,N,N,N
這些學生的物理成績都很好，不少人參加過國際奧林匹亞競賽、也得過獎。,這些 學生 的 物理 成績 都 很 好 不少 人 參加 過 國際 奧林匹亞 競賽 也 得 過獎,18,這些(315113) 學生(115846) 的(16029838) 物理(7524) 成績(16851) 都(1125846) 很(715675) 好(448428) 不少(35256) 人(1550512) 參加(42962) 過(412878) 國際(40846) 奧林匹亞(247) 競賽(4370) 也(1590760) 得(573721) 過獎(236),{'High': 18},"{'Unknown': 6, '第1級': 6, '第5級': 2, '第2級': 2, '第1*級': 1, '第4級': 1}",1,Y,N,N,Y
但他們在科學方面的天賦，除了是升學保送的條件之外，如何在科學之路繼續走下去，似乎得不到更進一步的關切。,但 他們 在 科學 方面 的 天賦 除了 是 升學 保送 的 條件 之外 如何 在 科學 之 路 繼續 走下去 似乎 得不到 更 進一步 的 關切,27,但(597124) 他們(716752) 在(3284238) 科學(55156) 方面(75079) 的(16029838) 天賦(4719) 除了(75964) 是(4642407) 升學(1757) 保送(538) 的(16029838) 條件(36308) 之外(45757) 如何(148068) 在(3284238) 科學(55156) 之(875481) 路(74635) 繼續(80649) 走下去(1211) 似乎(85481) 得不到(Unknown) 更(361676) 進一步(25130) 的(16029838) 關切(3828),"{'High': 26, 'Low': 1}","{'第2級': 1, '第1級': 6, '第1*級': 2, '第4級': 4, '第3*級': 2, '第5級': 5, 'Unknown': 5, '第4*級': 1, '第6級': 1}",3,Y,Y,N,N
因此，每當想到未來，許多學員都表示不會繼續走研究之路，可能轉念較實際的、有機會找到好工作的領域。,因此 每當 想到 未來 許多 學員 都 表示 不會 繼續 走 研究 之 路 可能 轉念 較 實際 的 有 機會 找到 好 工作 的 領域,26,因此(184606) 每當(7823) 想到(48955) 未來(54445) 許多(159791) 學員(4618) 都(1125846) 表示(74452) 不會(173045) 繼續(80649) 走(128453) 研究(182500) 之(875481) 路(74635) 可能(271025) 轉念(1116) 較(78424) 實際(52755) 的(16029838) 有(2217079) 機會(81244) 找到(65281) 好(448428) 工作(220164) 的(16029838) 領域(37450),{'High': 26},"{'第4*級': 3, '第5級': 2, 'Unknown': 4, '第4級': 2, '第3*級': 1, '第1級': 8, '第3級': 1, '第7級': 1, '第2級': 3, '第6級': 1}",0,Y,Y,N,N
如何協助其中真正對科學研究有熱情的學生發揮長才不要受到現實因素阻擾，教育、科學主管單位不應卸責。,如何 協助 其中 真正 對 科學 研究 有 熱情 的 學生 發揮 長才 不要 受到 現實 因素 阻擾 教育 科學 主管 單位 不 應 卸責,25,如何(148068) 協助(28701) 其中(95627) 真正(77318) 對(897964) 科學(55156) 研究(182500) 有(2217079) 熱情(18060) 的(16029838) 學生(115846) 發揮(23985) 長才(682) 不要(101931) 受到(66513) 現實(34782) 因素(34409) 阻擾(241) 教育(71554) 科學(55156) 主管(23448) 單位(23148) 不(2282521) 應(82417) 卸責(117),{'High': 25},"{'第5級': 3, '第4*級': 4, '第3*級': 1, '第4級': 5, '第1級': 5, '第3級': 2, 'Unknown': 5}",0,Y,N,N,N
近年來，國內教改風潮使得普通教育問題備受關注，很多人不願意觸及菁英教育的問題，連教育部似乎也未多用心。,近年 來 國內 教改 風潮 使得 普通 教育 問題 備受 關注 很多 人 不 願意 觸及 菁英 教育 的 問題 連 教育部 似乎 也 未 多 用心,27,近年(7929) 來(742183) 國內(17537) 教改(515) 風潮(3018) 使得(30960) 普通(12529) 教育(71554) 問題(280782) 備受(3188) 關注(11722) 很多(113128) 人(1550512) 不(2282521) 願意(48894) 觸及(2528) 菁英(2773) 教育(71554) 的(16029838) 問題(280782) 連(91153) 教育部(3240) 似乎(85481) 也(1590760) 未(101927) 多(318992) 用心(8780),{'High': 27},"{'第4級': 4, '第1級': 8, 'Unknown': 2, '第6級': 4, '第5級': 5, '第3級': 2, '第2級': 1, '第3*級': 1}",1,Y,Y,N,N
事實上，許多國中、高中仍有資優班，其中的學生真的都是「資優」或只是過度學習的結果？,事實 上 許多 國中 高中 仍 有 資優班 其中 的 學生 真的 都 是 資優 或 只 是 過度 學習 的 結果,22,事實(84995) 上(1233218) 許多(159791) 國中(5108) 高中(11896) 仍(92056) 有(2217079) 資優班(175) 其中(95627) 的(16029838) 學生(115846) 真的(88001) 都(1125846) 是(4642407) 資優(1025) 或(478077) 只(436725) 是(4642407) 過度(17175) 學習(105345) 的(16029838) 結果(114008),{'High': 22},"{'第4級': 3, '第1級': 8, '第3*級': 3, '第2級': 2, 'Unknown': 2, '第1*級': 2, '第3級': 1, '第5級': 1}",1,Y,Y,N,N
都值得關心。,都 值得 關心,3,都(1125846) 值得(34362) 關心(22258),{'High': 3},"{'第1級': 1, '第4級': 1, '第3級': 1}",0,Y,N,N,N
此外，資優班的教學方式、課程內容是否能符合學生需求，也都需要檢討。,此外 資優班 的 教學 方式 課程 內容 是否 能 符合 學生 需求 也 都 需要 檢討,16,此外(30247) 資優班(175) 的(16029838) 教學(28989) 方式(133407) 課程(30183) 內容(55074) 是否(78907) 能(582260) 符合(19232) 學生(115846) 需求(29061) 也(1590760) 都(1125846) 需要(166793) 檢討(5992),{'High': 16},"{'第5級': 5, 'Unknown': 1, '第1級': 4, '第4級': 3, '第4*級': 1, '第1*級': 1, '第2級': 1}",1,Y,Y,N,N
此次科學營最有趣的部分是鼓勵學生發問，並從中評選表現優良的學生，與現行教育要求學生「正確回答」有極大的不同，結果也證實此舉確能激發學生多用腦、學得更多。,此 次 科學營 最 有趣 的 部分 是 鼓勵 學生 發問 並 從中 評選 表現 優良 的 學生 與 現行 教育 要求 學生 正確 回答 有 極 大 的 不同 結果 也 證實 此 舉 確 能 激發 學生 多 用 腦 學得 更多,44,此(288458) 次(331701) 科學營(8) 最(421680) 有趣(26804) 的(16029838) 部分(82518) 是(4642407) 鼓勵(27004) 學生(115846) 發問(2786) 並(442790) 從中(8913) 評選(477) 表現(67272) 優良(3018) 的(16029838) 學生(115846) 與(968432) 現行(1947) 教育(71554) 要求(71192) 學生(115846) 正確(36593) 回答(63497) 有(2217079) 極(61390) 大(525780) 的(16029838) 不同(159432) 結果(114008) 也(1590760) 證實(10978) 此(288458) 舉(21400) 確(6567) 能(582260) 激發(7307) 學生(115846) 多(318992) 用(377038) 腦(22627) 學得(917) 更多(44083),"{'High': 43, 'Low': 1}","{'第5級': 4, '第2級': 2, 'Unknown': 6, '第1*級': 2, '第3級': 4, '第1級': 13, '第4級': 5, '第4*級': 2, '第6級': 3, '第3*級': 3}",1,Y,Y,N,N
學校教學或高中老師們若也用同樣的態度鼓勵學生發問，或許更可發現筆試測驗不出來的優秀學生。,學校 教學 或 高中 老師 們 若 也 用 同樣 的 態度 鼓勵 學生 發問 或許 更 可 發現 筆試 測驗 不 出來 的 優秀 學生,26,學校(74782) 教學(28989) 或(478077) 高中(11896) 老師(88888) 們(140794) 若(92766) 也(1590760) 用(377038) 同樣(63568) 的(16029838) 態度(56470) 鼓勵(27004) 學生(115846) 發問(2786) 或許(60077) 更(361676) 可(307359) 發現(175233) 筆試(234) 測驗(11881) 不(2282521) 出來(50336) 的(16029838) 優秀(11296) 學生(115846),{'High': 26},"{'第1級': 10, '第4級': 4, '第3級': 1, '第2級': 2, 'Unknown': 4, '第3*級': 1, '第5級': 2, '第4*級': 2}",0,Y,Y,N,N
或許更可發現筆試測驗不出來的優秀學生。,或許 更 可 發現 筆試 測驗 不 出來 的 優秀 學生,11,或許(60077) 更(361676) 可(307359) 發現(175233) 筆試(234) 測驗(11881) 不(2282521) 出來(50336) 的(16029838) 優秀(11296) 學生(115846),{'High': 11},"{'第4級': 1, 'Unknown': 3, '第4*級': 2, '第2級': 1, '第1級': 3, '第5級': 1}",0,Y,N,N,N
中壢市吉林路一位吃素五年的陳太太，兩個多月前在統一超商購買吐司麵包吃，卻一口咬到異物吐出發現竟是老鼠的牙齒，其餘各片吐司也有老鼠殘骸，大驚之下從此出現精神方面的莫名疼痛及注意力無法集中等問題，身心飽受傷害，陳太太經向統一超商反映未獲合理回應下，一直冷凍保存證據，定於今天上午前往消基會提出控訴。,中壢市 吉林路 一 位 吃素 五 年 的 陳 太太 兩 個 多 月 前 在 統一 超商 購買 吐司 麵包 吃 卻 一口 咬到 異物 吐出 發現 竟是 老鼠 的 牙齒 其餘 各 片 吐司 也 有 老鼠 殘骸 大驚 之下 從此 出現 精神 方面 的 莫名 疼痛 及 注意力 無法 集中 等 問題 身心 飽受 傷害 陳 太太 經 向 統一 超商 反映 未 獲 合理 回應 下 一直 冷凍 保存 證據 定於 今天 上午 前往 消基會 提出 控訴,81,中壢市(34) 吉林路(5) 一(3701681) 位(284809) 吃素(1218) 五(112649) 年(514736) 的(16029838) 陳(10579) 太太(46720) 兩(526190) 個(2296574) 多(318992) 月(148997) 前(272709) 在(3284238) 統一(14407) 超商(805) 購買(14998) 吐司(795) 麵包(9888) 吃(141660) 卻(333007) 一口(186) 咬到(409) 異物(754) 吐出(2917) 發現(175233) 竟是(3909) 老鼠(10496) 的(16029838) 牙齒(7443) 其餘(8181) 各(243023) 片(71870) 吐司(795) 也(1590760) 有(2217079) 老鼠(10496) 殘骸(1107) 大驚(1300) 之下(34606) 從此(20476) 出現(124694) 精神(79222) 方面(75079) 的(16029838) 莫名(3334) 疼痛(11177) 及(304586) 注意力(14215) 無法(150606) 集中(18277) 等(327380) 問題(280782) 身心(9736) 飽受(2261) 傷害(22978) 陳(10579) 太太(46720) 經(38471) 向(231672) 統一(14407) 超商(805) 反映(14525) 未(101927) 獲(11610) 合理(15811) 回應(19332) 下(329549) 一直(119877) 冷凍(1708) 保存(10152) 證據(20726) 定於(183) 今天(73277) 上午(6241) 前往(27321) 消基會(33) 提出(63073) 控訴(1793),"{'Low': 3, 'High': 78}","{'Unknown': 19, '第1級': 20, '第1*級': 3, '第4*級': 7, '第2*級': 2, '第4級': 7, '第2級': 5, '第5級': 11, '第7級': 1, '第3*級': 3, '第6級': 3}",4,Y,Y,N,Y
遭指控吐司內包著老鼠的統一超商，昨由該公司麵包廠經理蘇沛能表示，該廠接到消息當天立刻前往慰問，公司高級幹部亦曾多次前往道歉，並檢視所購買的統一吐司麵包証實確為該公司產品，由於所購吐司麵包已經開封，包有老鼠的問題尚在調查期間，但因陳太太提出一百萬元精神賠償要求，該公司盼能根據消費者保護法補償，目前則願意靜待有關機關的調查處理結果。,遭 指控 吐司 內 包 著 老鼠 的 統一 超商 昨 由 該 公司 麵包 廠 經理 蘇沛能 表示 該 廠 接到 消息 當天 立刻 前往 慰問 公司 高級 幹部 亦 曾 多 次 前往 道歉 並 檢視 所 購買 的 統一 吐司 麵包 証實 確 為 該 公司 產品 由於 所 購 吐司 麵包 已經 開封 包有 老鼠 的 問題 尚 在 調查 期間 但 因 陳 太太 提出 一百萬 元 精神 賠償 要求 該 公司 盼 能 根據 消費者 保護法 補償 目前 則 願意 靜待 有關 機關 的 調查 處理 結果,93,遭(18764) 指控(4621) 吐司(795) 內(183051) 包(14086) 著(1004687) 老鼠(10496) 的(16029838) 統一(14407) 超商(805) 昨(531) 由(208604) 該(148369) 公司(168500) 麵包(9888) 廠(4599) 經理(11331) 蘇沛能(Unknown) 表示(74452) 該(148369) 廠(4599) 接到(9575) 消息(37528) 當天(11728) 立刻(46255) 前往(27321) 慰問(1002) 公司(168500) 高級(10823) 幹部(7475) 亦(68507) 曾(132981) 多(318992) 次(331701) 前往(27321) 道歉(6476) 並(442790) 檢視(9862) 所(527327) 購買(14998) 的(16029838) 統一(14407) 吐司(795) 麵包(9888) 証實(35) 確(6567) 為(761341) 該(148369) 公司(168500) 產品(51029) 由於(88111) 所(527327) 購(2156) 吐司(795) 麵包(9888) 已經(245160) 開封(1142) 包有(86) 老鼠(10496) 的(16029838) 問題(280782) 尚(26113) 在(3284238) 調查(34821) 期間(32981) 但(597124) 因(119364) 陳(10579) 太太(46720) 提出(63073) 一百萬(3128) 元(60807) 精神(79222) 賠償(3029) 要求(71192) 該(148369) 公司(168500) 盼(2429) 能(582260) 根據(51908) 消費者(15236) 保護法(234) 補償(3287) 目前(48695) 則(254096) 願意(48894) 靜待(473) 有關(69607) 機關(11955) 的(16029838) 調查(34821) 處理(61797) 結果(114008),"{'High': 90, 'Low': 3}","{'第7級': 1, '第6級': 8, 'Unknown': 23, '第3級': 3, '第2級': 11, '第4級': 6, '第1級': 8, '第4*級': 17, '第2*級': 1, '第1*級': 5, '第5級': 6, '第3*級': 4}",4,Y,Y,N,Y
這起麵包內裹著死老鼠事件，昨天下午由一位住中壢市吉林路的陳太太揭發表示，她已吃素五年，是個虔誠的佛教徒，於今年五月五日晚間，在住家附近的吉林路、文化路口統一超商買兩條吐司麵包當早餐，沒想到隔天一早打開取出兩片食用，但一口咬下去覺得吐司怎麼有異物，還有一點腐屍怪味，連忙吐出察看，只見到細小如牙齒的顆粒。,這 起 麵包 內 裹 著 死 老鼠 事件 昨天 下午 由 一 位 住 中壢市 吉林路 的 陳 太太 揭發 表示 她 已 吃素 五 年 是 個 虔誠 的 佛教徒 於 今年 五月 五日 晚間 在 住家 附近 的 吉林路 文化 路口 統一 超商 買 兩 條 吐司 麵包 當 早餐 沒想到 隔天 一早 打開 取出 兩 片 食用 但 一口 咬下去 覺得 吐司 怎麼 有 異物 還 有 一點 腐屍 怪味 連忙 吐出 察看 只 見到 細小 如 牙齒 的 顆粒,84,這(2114032) 起(96746) 麵包(9888) 內(183051) 裹(3397) 著(1004687) 死(117075) 老鼠(10496) 事件(59059) 昨天(12735) 下午(20045) 由(208604) 一(3701681) 位(284809) 住(69815) 中壢市(34) 吉林路(5) 的(16029838) 陳(10579) 太太(46720) 揭發(1925) 表示(74452) 她(1052913) 已(215610) 吃素(1218) 五(112649) 年(514736) 是(4642407) 個(2296574) 虔誠(3901) 的(16029838) 佛教徒(986) 於(327210) 今年(10836) 五月(15682) 五日(3880) 晚間(1978) 在(3284238) 住家(2425) 附近(32204) 的(16029838) 吉林路(5) 文化(115697) 路口(917) 統一(14407) 超商(805) 買(59736) 兩(526190) 條(115362) 吐司(795) 麵包(9888) 當(294625) 早餐(7063) 沒想到(13287) 隔天(6370) 一早(3459) 打開(33125) 取出(6612) 兩(526190) 片(71870) 食用(5486) 但(597124) 一口(186) 咬下去(136) 覺得(183034) 吐司(795) 怎麼(143418) 有(2217079) 異物(754) 還(625086) 有(2217079) 一點(90745) 腐屍(26) 怪味(92) 連忙(7152) 吐出(2917) 察看(2056) 只(436725) 見到(30619) 細小(1674) 如(195069) 牙齒(7443) 的(16029838) 顆粒(1306),"{'High': 79, 'Low': 5}","{'第1級': 22, '第3*級': 2, '第1*級': 9, '第3級': 3, '第6級': 5, 'Unknown': 24, '第4級': 3, '第5級': 6, '第4*級': 3, '第2級': 4, '第2*級': 2, '第7級': 1}",6,Y,Y,N,Y
隨後檢視原本應是整條白色的吐司麵包，每片都有黑色異物包裹在麵包裡，陳太太再仔細於各片吐司察看，發覺竟是一隻小老鼠包在吐司內被切割成片狀，當場即噁心嘔吐不止，身心受到極度驚嚇，六日當天即向該家超商抗議，沒多久就有統一麵包部門的人來了解事情原委。,隨後 檢視 原本 應 是 整 條 白色 的 吐司 麵包 每 片 都 有 黑色 異物 包裹 在 麵包 裡 陳 太太 再 仔細 於 各 片 吐司 察看 發覺 竟是 一 隻 小 老鼠 包在 吐司 內 被 切割成 片狀 當場 即 噁心 嘔吐 不止 身心 受到 極度 驚嚇 六日 當天 即 向 該 家 超商 抗議 沒 多久 就 有 統一 麵包 部門 的 人 來 了解 事情 原委,72,隨後(11299) 檢視(9862) 原本(35765) 應(82417) 是(4642407) 整(105785) 條(115362) 白色(16196) 的(16029838) 吐司(795) 麵包(9888) 每(333357) 片(71870) 都(1125846) 有(2217079) 黑色(16240) 異物(754) 包裹(3778) 在(3284238) 麵包(9888) 裡(520435) 陳(10579) 太太(46720) 再(326207) 仔細(27626) 於(327210) 各(243023) 片(71870) 吐司(795) 察看(2056) 發覺(8019) 竟是(3909) 一(3701681) 隻(93136) 小(318835) 老鼠(10496) 包在(Unknown) 吐司(795) 內(183051) 被(540683) 切割成(269) 片狀(171) 當場(6478) 即(110826) 噁心(3423) 嘔吐(2693) 不止(4107) 身心(9736) 受到(66513) 極度(6497) 驚嚇(3617) 六日(3210) 當天(11728) 即(110826) 向(231672) 該(148369) 家(236822) 超商(805) 抗議(8382) 沒(306167) 多久(4774) 就(1737544) 有(2217079) 統一(14407) 麵包(9888) 部門(21166) 的(16029838) 人(1550512) 來(742183) 了解(82970) 事情(112079) 原委(1032),"{'High': 71, 'Low': 1}","{'第6級': 8, '第4*級': 7, 'Unknown': 13, '第1級': 14, '第3*級': 2, '第2級': 8, '第1*級': 8, '第5級': 7, '第4級': 2, '第3級': 1, '第2*級': 1, '第7級': 1}",1,Y,N,N,Y
陳太太表示，因為這件事已被嚇出一場病，最近兩個多月來，身體經常出現莫明的疼痛，就醫也查不出來，晚上還經常作噩夢，注意力也無法集中，平時很容易受驚冒冷汗，身心飽受傷害，因此要求統一超商應向她正式道歉及合理精神賠償。,陳 太太 表示 因為 這 件 事 已 被 嚇出 一 場 病 最近 兩 個 多 月 來 身體 經常 出現 莫明 的 疼痛 就醫 也 查 不 出來 晚上 還 經常 作 噩夢 注意力 也 無法 集中 平時 很 容易 受驚 冒 冷汗 身心 飽受 傷害 因此 要求 統一 超商 應 向 她 正式 道歉 及 合理 精神 賠償,61,陳(10579) 太太(46720) 表示(74452) 因為(425061) 這(2114032) 件(139257) 事(385949) 已(215610) 被(540683) 嚇出(329) 一(3701681) 場(68915) 病(29495) 最近(30174) 兩(526190) 個(2296574) 多(318992) 月(148997) 來(742183) 身體(97873) 經常(49295) 出現(124694) 莫明(23) 的(16029838) 疼痛(11177) 就醫(1319) 也(1590760) 查(8802) 不(2282521) 出來(50336) 晚上(42206) 還(625086) 經常(49295) 作(78184) 噩夢(1190) 注意力(14215) 也(1590760) 無法(150606) 集中(18277) 平時(9449) 很(715675) 容易(80831) 受驚(661) 冒(9276) 冷汗(1819) 身心(9736) 飽受(2261) 傷害(22978) 因此(184606) 要求(71192) 統一(14407) 超商(805) 應(82417) 向(231672) 她(1052913) 正式(23229) 道歉(6476) 及(304586) 合理(15811) 精神(79222) 賠償(3029),"{'High': 60, 'Low': 1}","{'Unknown': 9, '第1級': 16, '第4*級': 6, '第1*級': 5, '第3級': 2, '第2級': 4, '第3*級': 5, '第4級': 3, '第6級': 4, '第5級': 5, '第7級': 1, '第2*級': 1}",1,Y,Y,N,Y
陳太太的家人也說，他們自知是升斗小民，很難與大財團抗衡，因此一直冰凍保存著証據，並持有該公司電話告知鑑定結果的有利証據，定於今天上午前往台北消基會提出控訴。,陳 太太 的 家人 也 說 他們 自知 是 升斗小民 很 難 與 大 財團 抗衡 因此 一直 冰凍 保存 著 証據 並 持有 該 公司 電話 告知 鑑定 結果 的 有利 証據 定於 今天 上午 前往 台北 消基會 提出 控訴,41,陳(10579) 太太(46720) 的(16029838) 家人(30861) 也(1590760) 說(1285247) 他們(716752) 自知(2679) 是(4642407) 升斗小民(93) 很(715675) 難(75701) 與(968432) 大(525780) 財團(2156) 抗衡(1802) 因此(184606) 一直(119877) 冰凍(812) 保存(10152) 著(1004687) 証據(29) 並(442790) 持有(4356) 該(148369) 公司(168500) 電話(38698) 告知(5946) 鑑定(1729) 結果(114008) 的(16029838) 有利(7507) 証據(29) 定於(183) 今天(73277) 上午(6241) 前往(27321) 台北(22242) 消基會(33) 提出(63073) 控訴(1793),"{'High': 37, 'Low': 4}","{'Unknown': 12, '第1級': 12, '第1*級': 1, '第6級': 3, '第4*級': 4, '第7級': 2, '第2級': 2, '第5級': 4, '第3*級': 1}",2,Y,Y,N,Y
定於今天上午前往台北消基會提出控訴。,定於 今天 上午 前往 台北 消基會 提出 控訴,8,定於(183) 今天(73277) 上午(6241) 前往(27321) 台北(22242) 消基會(33) 提出(63073) 控訴(1793),"{'High': 7, 'Low': 1}","{'Unknown': 4, '第1級': 2, '第5級': 1, '第6級': 1}",1,Y,N,N,N
我國第一相關資料部資訊法律的基本大法「政府資訊公開法草案」，經過法務部多年研議始法部研商政府資告定稿，正擬與已經行政院院會通過訊公開法草案的「國家機密保護法草案」，一併送立法院審議之際，行政院卻於今年四月間裁示，「政府資訊公開法草案法務部完成資訊公開法草案」，應與「國家機密維護法」合併立法，整合為「政府資訊處理法」，法務部雖已如期完成使命報院審議，但陽光法案之一立仍認為兩案合併立法不妥，並分析兩意良善頗多爭議法分、合的利弊得失供行政院參考，城仲模部長已指示應繼續與行政院溝通協調。,我國 第一 相關 資料部 資訊 法律 的 基本 大法 政府 資訊 公開 法 草案 經過 法務部 多 年 研議 始 法部 研商 政府 資 告 定稿 正 擬 與 已 經 行政院 院會 通過 訊 公開 法 草案 的 國家 機密 保護法 草案 一併 送 立法院 審議 之 際 行政院 卻 於 今年 四月 間 裁示 政府 資訊 公開 法 草案 法務部 完成 資訊 公開 法 草案 應 與 國家 機密 維護法 合併 立法 整合 為 政府 資訊 處理法 法務部 雖 已 如期 完成 使命 報 院 審議 但 陽光法案 之 一 立 仍 認為 兩 案 合併 立法 不妥 並 分析 兩 意 良善 頗多 爭議 法 分 合 的 利弊 得失 供 行政院 參考 城仲模 部長 已 指示 應 繼續 與 行政院 溝通 協調,126,我國(7225) 第一(172544) 相關(41599) 資料部(Unknown) 資訊(37848) 法律(27914) 的(16029838) 基本(52069) 大法(570) 政府(92663) 資訊(37848) 公開(19118) 法(40998) 草案(1195) 經過(64617) 法務部(147) 多(318992) 年(514736) 研議(180) 始(9693) 法部(25) 研商(188) 政府(92663) 資(1722) 告(6806) 定稿(348) 正(179334) 擬(5629) 與(968432) 已(215610) 經(38471) 行政院(4347) 院會(184) 通過(29652) 訊(439) 公開(19118) 法(40998) 草案(1195) 的(16029838) 國家(109166) 機密(3442) 保護法(234) 草案(1195) 一併(2713) 送(32804) 立法院(1934) 審議(1267) 之(875481) 際(14344) 行政院(4347) 卻(333007) 於(327210) 今年(10836) 四月(14996) 間(115638) 裁示(146) 政府(92663) 資訊(37848) 公開(19118) 法(40998) 草案(1195) 法務部(147) 完成(60471) 資訊(37848) 公開(19118) 法(40998) 草案(1195) 應(82417) 與(968432) 國家(109166) 機密(3442) 維護法(6) 合併(4520) 立法(3759) 整合(10661) 為(761341) 政府(92663) 資訊(37848) 處理法(2) 法務部(147) 雖(48164) 已(215610) 如期(891) 完成(60471) 使命(5540) 報(19250) 院(7977) 審議(1267) 但(597124) 陽光法案(7) 之(875481) 一(3701681) 立(17750) 仍(92056) 認為(192030) 兩(526190) 案(11719) 合併(4520) 立法(3759) 不妥(1580) 並(442790) 分析(59250) 兩(526190) 意(17044) 良善(1334) 頗多(963) 爭議(7127) 法(40998) 分(62224) 合(11142) 的(16029838) 利弊(774) 得失(2684) 供(17109) 行政院(4347) 參考(24401) 城仲模(5) 部長(6226) 已(215610) 指示(10148) 應(82417) 繼續(80649) 與(968432) 行政院(4347) 溝通(31533) 協調(8656),"{'High': 120, 'Low': 6}","{'Unknown': 41, '第2級': 6, '第4*級': 13, '第4級': 14, '第3*級': 3, '第1級': 10, '第5級': 9, '第6級': 20, '第7級': 5, '第3級': 3, '第1*級': 2}",14,Y,Y,N,Y
資訊公開法草案範圍應再擴大屬於政府陽光法案之一的「政府資訊公開法草案」，行政院不久前審議時，政策急轉彎，暫緩法案審議，行政院長蕭萬長裁示，「政府資訊公開法」內容，在考量國家機密下，應該研究與草擬中的「國家機密保護法」合併立法的可行性。,資訊 公開 法 草案 範圍 應 再 擴大 屬於 政府 陽光法案 之 一 的 政府 資訊 公開 法 草案 行政院 不久 前 審議 時 政策 急轉彎 暫緩 法案 審議 行政院長 蕭萬長 裁示 政府 資訊 公開 法 內容 在 考量 國家 機密 下 應該 研究 與 草擬 中 的 國家 機密 保護法 合併 立法 的 可行性,55,資訊(37848) 公開(19118) 法(40998) 草案(1195) 範圍(24784) 應(82417) 再(326207) 擴大(12352) 屬於(39478) 政府(92663) 陽光法案(7) 之(875481) 一(3701681) 的(16029838) 政府(92663) 資訊(37848) 公開(19118) 法(40998) 草案(1195) 行政院(4347) 不久(34049) 前(272709) 審議(1267) 時(623734) 政策(30965) 急轉彎(342) 暫緩(584) 法案(3015) 審議(1267) 行政院長(698) 蕭萬長(116) 裁示(146) 政府(92663) 資訊(37848) 公開(19118) 法(40998) 內容(55074) 在(3284238) 考量(9481) 國家(109166) 機密(3442) 下(329549) 應該(165478) 研究(182500) 與(968432) 草擬(708) 中(1011729) 的(16029838) 國家(109166) 機密(3442) 保護法(234) 合併(4520) 立法(3759) 的(16029838) 可行性(990),"{'High': 54, 'Low': 1}","{'第4級': 7, '第4*級': 6, 'Unknown': 14, '第6級': 7, '第1*級': 6, '第5級': 4, '第1級': 5, '第7級': 4, '第3*級': 1, '第3級': 1}",7,Y,Y,N,Y
為掌握立法進度，行政院並要求，法務部應在一個月內，重新提出合併立法的法案內容；至於法案名稱，行政院的腹案是暫定為「政府資訊處理法」，由於事出突然，法務部經過加班趕工，終於如期完成使命，但對於該兩法一項以公開為原則，一項以保密為原則，兩樣立法宗旨完全南轅北轍的法案卻要撮合在一起，不但浪費了過去法務部花費數年的心血，對行政院不尊重專家也有頗多感慨。,為 掌握 立法 進度 行政院 並 要求 法務部 應 在 一 個 月 內 重新 提出 合併 立法 的 法案 內容 至於 法案 名稱 行政院 的 腹案 是 暫定 為 政府 資訊 處理法 由於 事 出 突然 法務部 經過 加班 趕工 終於 如期 完成 使命 但 對於 該 兩 法 一 項 以 公開 為 原則 一 項 以 保密 為 原則 兩樣 立法 宗旨 完全 南轅北轍 的 法案 卻 要 撮合 在一起 不但 浪費 了 過去 法務部 花費 數 年 的 心血 對 行政院 不 尊重 專家 也 有 頗多 感慨,92,為(761341) 掌握(24464) 立法(3759) 進度(3704) 行政院(4347) 並(442790) 要求(71192) 法務部(147) 應(82417) 在(3284238) 一(3701681) 個(2296574) 月(148997) 內(183051) 重新(44668) 提出(63073) 合併(4520) 立法(3759) 的(16029838) 法案(3015) 內容(55074) 至於(39363) 法案(3015) 名稱(11922) 行政院(4347) 的(16029838) 腹案(144) 是(4642407) 暫定(108) 為(761341) 政府(92663) 資訊(37848) 處理法(2) 由於(88111) 事(385949) 出(84457) 突然(69636) 法務部(147) 經過(64617) 加班(1534) 趕工(483) 終於(59622) 如期(891) 完成(60471) 使命(5540) 但(597124) 對於(99570) 該(148369) 兩(526190) 法(40998) 一(3701681) 項(88887) 以(547785) 公開(19118) 為(761341) 原則(31148) 一(3701681) 項(88887) 以(547785) 保密(2120) 為(761341) 原則(31148) 兩樣(1086) 立法(3759) 宗旨(2510) 完全(115744) 南轅北轍(626) 的(16029838) 法案(3015) 卻(333007) 要(851264) 撮合(415) 在一起(45658) 不但(40359) 浪費(11370) 了(3199291) 過去(88758) 法務部(147) 花費(6058) 數(38654) 年(514736) 的(16029838) 心血(1923) 對(897964) 行政院(4347) 不(2282521) 尊重(18394) 專家(26090) 也(1590760) 有(2217079) 頗多(963) 感慨(3614),"{'High': 91, 'Low': 1}","{'Unknown': 21, '第5級': 10, '第6級': 13, '第4*級': 9, '第3*級': 4, '第1*級': 3, '第1級': 17, '第3級': 2, '第4級': 9, '第2級': 2, '第7級': 2}",9,Y,Y,N,N
事實上，研議長達二年的「國家機密保護法草案」，法務部早在八十四年八月就草擬完成報行政院審核通過，但當初因擔心外界產生政府有限制資訊流通及新聞自由的疑慮，所以由法務部主動撤回，俟「政府資訊公開法草案」通過，再一併送立法院審議，以取得平衡的觀感，未料卻獲指示將兩法案整合成為一法案。,事實 上 研議 長達 二 年 的 國家 機密 保護法 草案 法務部 早 在 八十四年 八月 就 草擬 完成 報 行政院 審核 通過 但 當初 因 擔心 外界 產生 政府 有 限制 資訊 流通 及 新聞 自由 的 疑慮 所以 由 法務部 主動 撤回 俟 政府 資訊 公開 法 草案 通過 再 一併 送 立法院 審議 以 取得 平衡 的 觀感 未料 卻 獲 指示 將 兩 法案 整合成 為 一 法案,72,事實(84995) 上(1233218) 研議(180) 長達(6188) 二(152494) 年(514736) 的(16029838) 國家(109166) 機密(3442) 保護法(234) 草案(1195) 法務部(147) 早(62038) 在(3284238) 八十四年(246) 八月(15534) 就(1737544) 草擬(708) 完成(60471) 報(19250) 行政院(4347) 審核(1296) 通過(29652) 但(597124) 當初(14449) 因(119364) 擔心(40962) 外界(9618) 產生(82753) 政府(92663) 有(2217079) 限制(23094) 資訊(37848) 流通(4643) 及(304586) 新聞(40430) 自由(56360) 的(16029838) 疑慮(3628) 所以(239080) 由(208604) 法務部(147) 主動(18624) 撤回(1142) 俟(1441) 政府(92663) 資訊(37848) 公開(19118) 法(40998) 草案(1195) 通過(29652) 再(326207) 一併(2713) 送(32804) 立法院(1934) 審議(1267) 以(547785) 取得(25649) 平衡(18456) 的(16029838) 觀感(1426) 未料(395) 卻(333007) 獲(11610) 指示(10148) 將(448374) 兩(526190) 法案(3015) 整合成(149) 為(761341) 一(3701681) 法案(3015),{'High': 72},"{'第4級': 8, '第1級': 11, '第7級': 4, 'Unknown': 15, '第1*級': 4, '第6級': 10, '第4*級': 7, '第2級': 2, '第3*級': 2, '第5級': 8, '第3級': 1}",7,Y,Y,N,N
根據原先「政府資訊公開法草案」的內容，明定政府機關資訊原則應主動公開，除有危害國家安全或重大利益之虞的機密外，包括外國人及法人在內的任何人，都有權請求政府公開資訊。,根據 原先 政府 資訊 公開 法 草案 的 內容 明定 政府 機關 資訊 原則 應 主動 公開 除 有 危害 國家 安全 或 重大 利益 之 虞 的 機密 外 包括 外國人 及 法人 在 內 的 任何 人 都 有 權 請求 政府 公開 資訊,46,根據(51908) 原先(9219) 政府(92663) 資訊(37848) 公開(19118) 法(40998) 草案(1195) 的(16029838) 內容(55074) 明定(380) 政府(92663) 機關(11955) 資訊(37848) 原則(31148) 應(82417) 主動(18624) 公開(19118) 除(15929) 有(2217079) 危害(3236) 國家(109166) 安全(35338) 或(478077) 重大(19228) 利益(25126) 之(875481) 虞(1427) 的(16029838) 機密(3442) 外(109310) 包括(74410) 外國人(5666) 及(304586) 法人(2764) 在(3284238) 內(183051) 的(16029838) 任何(131795) 人(1550512) 都(1125846) 有(2217079) 權(11552) 請求(13908) 政府(92663) 公開(19118) 資訊(37848),{'High': 46},"{'第4*級': 8, '第5級': 5, '第4級': 7, 'Unknown': 6, '第6級': 5, '第1級': 8, '第3*級': 2, '第1*級': 2, '第3級': 3}",1,Y,Y,N,N
其中，有關政府應主動公開的事項包括各種條約、法令；未涉及機密的預算、非機密性統計及報告，以及各種請願、訴願與再訴願決定；至於「國家機密保護法草案」則是將國家機密分成三等級，各有不同的解密時限，但並沒罰則規定，洩密刑責則散見刑法及特別刑法。,其中 有關 政府 應 主動 公開 的 事項 包括 各 種 條約 法令 未 涉及 機密 的 預算 非 機密性 統計 及 報告 以及 各 種 請願 訴願 與 再 訴願 決定 至於 國家 機密 保護法 草案 則 是 將 國家 機密 分成 三 等級 各 有 不同 的 解密 時限 但 並 沒 罰則 規定 洩密 刑責 則 散見 刑法 及 特別 刑法,64,其中(95627) 有關(69607) 政府(92663) 應(82417) 主動(18624) 公開(19118) 的(16029838) 事項(5635) 包括(74410) 各(243023) 種(701563) 條約(5206) 法令(3996) 未(101927) 涉及(9123) 機密(3442) 的(16029838) 預算(6549) 非(112415) 機密性(41) 統計(9580) 及(304586) 報告(37237) 以及(155624) 各(243023) 種(701563) 請願(1058) 訴願(125) 與(968432) 再(326207) 訴願(125) 決定(101837) 至於(39363) 國家(109166) 機密(3442) 保護法(234) 草案(1195) 則(254096) 是(4642407) 將(448374) 國家(109166) 機密(3442) 分成(7720) 三(313861) 等級(3973) 各(243023) 有(2217079) 不同(159432) 的(16029838) 解密(279) 時限(406) 但(597124) 並(442790) 沒(306167) 罰則(314) 規定(24592) 洩密(362) 刑責(177) 則(254096) 散見(248) 刑法(971) 及(304586) 特別(91212) 刑法(971),"{'High': 63, 'Low': 1}","{'第3*級': 2, '第4級': 3, 'Unknown': 14, '第4*級': 4, '第1級': 7, '第5級': 12, '第2級': 6, '第6級': 8, '第3級': 2, '第7級': 3, '第1*級': 3}",2,Y,Y,N,N
洩密刑責則散見刑法及特別刑法。,洩密 刑責 則 散見 刑法 及 特別 刑法,8,洩密(362) 刑責(177) 則(254096) 散見(248) 刑法(971) 及(304586) 特別(91212) 刑法(971),{'High': 8},"{'Unknown': 3, '第5級': 2, '第7級': 2, '第2級': 1}",0,Y,Y,N,N
中共在港傳媒「文匯報」今天引述中共「政界人士」的話說，目前，阻礙兩岸關係發展的癥結在於台灣當局拒絕兩岸舉行政治談判。,中共 在 港 傳媒 文匯報 今天 引述 中共 政界 人士 的 話 說 目前 阻礙 兩岸 關係 發展 的 癥結 在於 台灣 當局 拒絕 兩岸 舉行 政治 談判,28,中共(19399) 在(3284238) 港(8553) 傳媒(2314) 文匯報(179) 今天(73277) 引述(3165) 中共(19399) 政界(1178) 人士(27666) 的(16029838) 話(148020) 說(1285247) 目前(48695) 阻礙(7057) 兩岸(6984) 關係(162883) 發展(117494) 的(16029838) 癥結(1313) 在於(37953) 台灣(130718) 當局(8761) 拒絕(29445) 兩岸(6984) 舉行(17660) 政治(79504) 談判(6935),{'High': 28},"{'Unknown': 7, '第1*級': 1, '第5級': 4, '第1級': 6, '第6級': 4, '第4級': 5, '第3級': 1}",1,Y,N,N,Y
這份足以反映北京政策的報紙稱，如果台灣方面同意進行政治談判的程序性商談，則兩岸兩會隨時可以恢復商談，海基會董事長辜振甫訪大陸的名義、定位問題，就不難解決。,這 份 足以 反映 北京 政策 的 報紙 稱 如果 台灣 方面 同意 進行 政治 談判 的 程序性 商談 則 兩岸 兩 會 隨時 可以 恢復 商談 海基會 董事長 辜振甫 訪 大陸 的 名義 定位 問題 就 不 難 解決,40,這(2114032) 份(53198) 足以(18852) 反映(14525) 北京(36363) 政策(30965) 的(16029838) 報紙(22331) 稱(60191) 如果(322121) 台灣(130718) 方面(75079) 同意(30620) 進行(100298) 政治(79504) 談判(6935) 的(16029838) 程序性(253) 商談(830) 則(254096) 兩岸(6984) 兩(526190) 會(1014977) 隨時(21195) 可以(560531) 恢復(20693) 商談(830) 海基會(161) 董事長(8106) 辜振甫(94) 訪(8839) 大陸(27031) 的(16029838) 名義(5851) 定位(7215) 問題(280782) 就(1737544) 不(2282521) 難(75701) 解決(55725),"{'High': 39, 'Low': 1}","{'第1級': 10, '第2級': 2, '第5級': 4, 'Unknown': 8, '第4*級': 1, '第2*級': 1, '第3*級': 2, '第3級': 1, '第4級': 5, '第6級': 3, '第7級': 2, '第1*級': 1}",4,Y,Y,N,Y
海基會和海協會的會務商談中斷已達三年之久，去年底大陸海協會提出邀請海基會副董事長兼秘書長焦仁和前往廈門參訪，但遭台灣婉拒後，由台灣方面提出由辜振甫於稍後率團參訪大陸。,海基會 和 海協會 的 會務 商談 中斷 已 達 三 年 之 久 去年 底 大陸 海協會 提出 邀請 海基會 副董事長 兼 秘書長 焦仁和 前往 廈門 參訪 但 遭 台灣 婉拒 後 由 台灣 方面 提出 由 辜振甫 於 稍後 率 團 參訪 大陸,44,海基會(161) 和(1338337) 海協會(86) 的(16029838) 會務(156) 商談(830) 中斷(4119) 已(215610) 達(25383) 三(313861) 年(514736) 之(875481) 久(68086) 去年(9462) 底(37174) 大陸(27031) 海協會(86) 提出(63073) 邀請(14342) 海基會(161) 副董事長(434) 兼(16339) 秘書長(2112) 焦仁和(12) 前往(27321) 廈門(2332) 參訪(1068) 但(597124) 遭(18764) 台灣(130718) 婉拒(1255) 後(422857) 由(208604) 台灣(130718) 方面(75079) 提出(63073) 由(208604) 辜振甫(94) 於(327210) 稍後(3984) 率(6903) 團(14256) 參訪(1068) 大陸(27031),"{'High': 40, 'Low': 4}","{'Unknown': 15, '第1級': 8, '第7級': 5, '第5級': 4, '第3級': 1, '第3*級': 4, '第4級': 1, '第6級': 2, '第2級': 1, '第4*級': 3}",8,Y,Y,N,Y
「文匯報」表示，從年初迄今，大陸多次建議舉行政治談判、兩岸兩會得到授權就程序問題進行商談，但台灣方面不予回應，這就使辜振甫訪大陸成為純粹的參訪性質，不是「辜汪會晤」。,文匯報 表示 從 年初 迄 今 大陸 多 次 建議 舉行 政治 談判 兩岸 兩 會 得到 授權 就 程序 問題 進行 商談 但 台灣 方面 不予 回應 這 就 使 辜振甫 訪 大陸 成為 純粹 的 參訪 性質 不 是 辜 汪 會晤,44,文匯報(179) 表示(74452) 從(496546) 年初(983) 迄(3998) 今(33635) 大陸(27031) 多(318992) 次(331701) 建議(45709) 舉行(17660) 政治(79504) 談判(6935) 兩岸(6984) 兩(526190) 會(1014977) 得到(84614) 授權(3802) 就(1737544) 程序(11299) 問題(280782) 進行(100298) 商談(830) 但(597124) 台灣(130718) 方面(75079) 不予(1787) 回應(19332) 這(2114032) 就(1737544) 使(197544) 辜振甫(94) 訪(8839) 大陸(27031) 成為(143834) 純粹(10141) 的(16029838) 參訪(1068) 性質(11550) 不(2282521) 是(4642407) 辜(465) 汪(2976) 會晤(894),"{'High': 43, 'Low': 1}","{'Unknown': 9, '第4*級': 1, '第1*級': 2, '第6級': 5, '第3*級': 5, '第1級': 10, '第2級': 2, '第4級': 3, '第5級': 5, '第7級': 2}",2,Y,Y,N,Y
北京政界人士稱，目前，阻礙兩岸關係發展的癥結在於台灣當局拒絕兩岸舉行政治談判。,北京 政界 人士 稱 目前 阻礙 兩岸 關係 發展 的 癥結 在於 台灣 當局 拒絕 兩岸 舉行 政治 談判,19,北京(36363) 政界(1178) 人士(27666) 稱(60191) 目前(48695) 阻礙(7057) 兩岸(6984) 關係(162883) 發展(117494) 的(16029838) 癥結(1313) 在於(37953) 台灣(130718) 當局(8761) 拒絕(29445) 兩岸(6984) 舉行(17660) 政治(79504) 談判(6935),{'High': 19},"{'Unknown': 5, '第5級': 3, '第4級': 5, '第3級': 1, '第1級': 2, '第6級': 3}",0,Y,N,N,N
如果台灣方面同意進行政治談判的程序性商談，則兩岸隨時可恢復商談，不僅辜振甫訪大陸名義、定位得以解決，副董事長兼秘書長許惠祐訪大陸就不會有分歧。,如果 台灣 方面 同意 進行 政治 談判 的 程序性 商談 則 兩岸 隨時 可 恢復 商談 不僅 辜振甫 訪 大陸 名義 定位 得以 解決 副董事長 兼 秘書長 許惠祐 訪 大陸 就 不會 有 分歧,34,如果(322121) 台灣(130718) 方面(75079) 同意(30620) 進行(100298) 政治(79504) 談判(6935) 的(16029838) 程序性(253) 商談(830) 則(254096) 兩岸(6984) 隨時(21195) 可(307359) 恢復(20693) 商談(830) 不僅(43138) 辜振甫(94) 訪(8839) 大陸(27031) 名義(5851) 定位(7215) 得以(20774) 解決(55725) 副董事長(434) 兼(16339) 秘書長(2112) 許惠祐(5) 訪(8839) 大陸(27031) 就(1737544) 不會(173045) 有(2217079) 分歧(3122),"{'High': 32, 'Low': 2}","{'第2級': 1, '第1級': 4, '第3*級': 3, '第3級': 1, '第5級': 2, '第4級': 6, '第6級': 6, 'Unknown': 8, '第7級': 2, '第4*級': 1}",5,Y,Y,N,Y
該政界人士的談話顯示，目前，中共已將台灣是否同意舉行政治談判的程序性商談，視為解決兩岸所有問題的關鍵。,該 政界 人士 的 談話 顯示 目前 中共 已 將 台灣 是否 同意 舉行 政治 談判 的 程序性 商談 視為 解決 兩岸 所有 問題 的 關鍵,26,該(148369) 政界(1178) 人士(27666) 的(16029838) 談話(16731) 顯示(32718) 目前(48695) 中共(19399) 已(215610) 將(448374) 台灣(130718) 是否(78907) 同意(30620) 舉行(17660) 政治(79504) 談判(6935) 的(16029838) 程序性(253) 商談(830) 視為(26535) 解決(55725) 兩岸(6984) 所有(146771) 問題(280782) 的(16029838) 關鍵(25952),{'High': 26},"{'第4*級': 1, 'Unknown': 4, '第5級': 7, '第1級': 5, '第4級': 4, '第3級': 2, '第6級': 1, '第7級': 1, '第2級': 1}",1,Y,N,N,Y
文章稱，「在一個中國前提下的政治談判，不但可以談正式結束兩岸敵對狀態，而且，李登輝可以訪大陸，台灣的國際活動空間，簽和平協議以及台灣當局關心的各種問題，也都可以提出來談。」,文章 稱 在 一 個 中國 前提 下 的 政治 談判 不但 可以 談 正式 結束 兩岸 敵對 狀態 而且 李登輝 可以 訪 大陸 台灣 的 國際 活動 空間 簽 和平 協議 以及 台灣 當局 關心 的 各 種 問題 也 都 可以 提出來 談,45,文章(36137) 稱(60191) 在(3284238) 一(3701681) 個(2296574) 中國(214840) 前提(7134) 下(329549) 的(16029838) 政治(79504) 談判(6935) 不但(40359) 可以(560531) 談(44043) 正式(23229) 結束(40669) 兩岸(6984) 敵對(2540) 狀態(39557) 而且(180402) 李登輝(2868) 可以(560531) 訪(8839) 大陸(27031) 台灣(130718) 的(16029838) 國際(40846) 活動(85743) 空間(52519) 簽(2947) 和平(14127) 協議(5291) 以及(155624) 台灣(130718) 當局(8761) 關心(22258) 的(16029838) 各(243023) 種(701563) 問題(280782) 也(1590760) 都(1125846) 可以(560531) 提出來(2306) 談(44043),{'High': 45},"{'第4級': 6, 'Unknown': 6, '第1*級': 2, '第1級': 14, '第6級': 4, '第3級': 3, '第3*級': 5, '第5級': 3, '第2級': 2}",2,Y,Y,N,Y
台灣既然不願進行政治談判的程序性商談，因此，文章稱，辜振甫訪大陸就是純粹的參訪性質，而不是辜汪會晤；許惠祐為辜純粹參訪大陸而前往北京作安排，也就沒有必要。,台灣 既然 不 願 進行 政治 談判 的 程序性 商談 因此 文章 稱 辜振甫 訪 大陸 就 是 純粹 的 參訪 性質 而 不 是 辜 汪 會晤 許惠祐 為 辜 純粹 參訪 大陸 而 前往 北京 作 安排 也 就 沒有 必要,43,台灣(130718) 既然(27241) 不(2282521) 願(30213) 進行(100298) 政治(79504) 談判(6935) 的(16029838) 程序性(253) 商談(830) 因此(184606) 文章(36137) 稱(60191) 辜振甫(94) 訪(8839) 大陸(27031) 就(1737544) 是(4642407) 純粹(10141) 的(16029838) 參訪(1068) 性質(11550) 而(937923) 不(2282521) 是(4642407) 辜(465) 汪(2976) 會晤(894) 許惠祐(5) 為(761341) 辜(465) 純粹(10141) 參訪(1068) 大陸(27031) 而(937923) 前往(27321) 北京(36363) 作(78184) 安排(30105) 也(1590760) 就(1737544) 沒有(594280) 必要(29889),"{'High': 41, 'Low': 2}","{'第1級': 11, '第4*級': 2, '第5級': 6, '第4級': 5, '第6級': 3, 'Unknown': 11, '第7級': 3, '第3*級': 2}",3,Y,Y,N,Y
該政界人士預料稱，如果不舉行政治談判，兩岸關係的發展就無法突破。,該 政界 人士 預料 稱 如果 不 舉行 政治 談判 兩岸 關係 的 發展 就 無法 突破,17,該(148369) 政界(1178) 人士(27666) 預料(3693) 稱(60191) 如果(322121) 不(2282521) 舉行(17660) 政治(79504) 談判(6935) 兩岸(6984) 關係(162883) 的(16029838) 發展(117494) 就(1737544) 無法(150606) 突破(10583),{'High': 17},"{'第4*級': 1, 'Unknown': 3, '第5級': 3, '第6級': 2, '第2級': 1, '第1級': 3, '第4級': 3, '第3級': 1}",0,Y,Y,N,N
他說，「台灣當局回避政治談判，實際上阻礙了兩岸關係的發展。」,他 說 台灣 當局 回避 政治 談判 實際 上 阻礙 了 兩岸 關係 的 發展,15,他(2487930) 說(1285247) 台灣(130718) 當局(8761) 回避(224) 政治(79504) 談判(6935) 實際(52755) 上(1233218) 阻礙(7057) 了(3199291) 兩岸(6984) 關係(162883) 的(16029838) 發展(117494),{'High': 15},"{'第1級': 5, '第5級': 2, 'Unknown': 3, '第4級': 2, '第6級': 1, '第4*級': 1, '第3級': 1}",0,Y,N,N,N
「文匯報」記者在另一篇分析文章中指出，作為海基會領導人到大陸一次不容易，大陸方面當然想利用這次機會談一談發展兩岸關係當務之急的政治談判問題，這在今年來海協會多次致海基會的函中可以看出來。,文匯報 記者 在 另 一 篇 分析 文章 中 指出 作為 海基會 領導人 到 大陸 一 次 不 容易 大陸 方面 當然 想 利用 這 次 機會 談 一 談 發展 兩岸 關係 當務之急 的 政治 談判 問題 這 在 今年 來 海協會 多 次 致 海基會 的 函 中 可以 看出來,52,文匯報(179) 記者(23855) 在(3284238) 另(138369) 一(3701681) 篇(46368) 分析(59250) 文章(36137) 中(1011729) 指出(38456) 作為(58009) 海基會(161) 領導人(9526) 到(546906) 大陸(27031) 一(3701681) 次(331701) 不(2282521) 容易(80831) 大陸(27031) 方面(75079) 當然(113971) 想(449884) 利用(49229) 這(2114032) 次(331701) 機會(81244) 談(44043) 一(3701681) 談(44043) 發展(117494) 兩岸(6984) 關係(162883) 當務之急(793) 的(16029838) 政治(79504) 談判(6935) 問題(280782) 這(2114032) 在(3284238) 今年(10836) 來(742183) 海協會(86) 多(318992) 次(331701) 致(11578) 海基會(161) 的(16029838) 函(1010) 中(1011729) 可以(560531) 看出來(2248),"{'High': 51, 'Low': 1}","{'Unknown': 11, '第4級': 5, '第1*級': 2, '第3級': 2, '第1級': 16, '第5級': 2, '第3*級': 6, '第2級': 5, '第7級': 1, '第6級': 2}",7,Y,N,N,Y
該文說，目前，距離兩會雙方認定的九、十月份辜振甫訪大陸的時間已經不多，但兩會在協商行程安排仍存在著嚴重分歧，許多具體問題都沒能夠定下來，使人猜測此項活動是否有變數。,該 文 說 目前 距離 兩 會 雙方 認定 的 九 十月份 辜振甫 訪 大陸 的 時間 已經 不 多 但 兩 會 在 協商 行程 安排 仍 存在 著 嚴重 分歧 許多 具體 問題 都 沒 能夠 定下來 使 人 猜測 此 項 活動 是否 有 變數,48,該(148369) 文(28958) 說(1285247) 目前(48695) 距離(27644) 兩(526190) 會(1014977) 雙方(22984) 認定(10029) 的(16029838) 九(34506) 十月份(129) 辜振甫(94) 訪(8839) 大陸(27031) 的(16029838) 時間(213595) 已經(245160) 不(2282521) 多(318992) 但(597124) 兩(526190) 會(1014977) 在(3284238) 協商(2919) 行程(5276) 安排(30105) 仍(92056) 存在(75197) 著(1004687) 嚴重(39284) 分歧(3122) 許多(159791) 具體(20349) 問題(280782) 都(1125846) 沒(306167) 能夠(96422) 定下來(438) 使(197544) 人(1550512) 猜測(5359) 此(288458) 項(88887) 活動(85743) 是否(78907) 有(2217079) 變數(3080),"{'High': 47, 'Low': 1}","{'第4*級': 3, '第4級': 6, '第1級': 14, '第1*級': 3, '第5級': 8, 'Unknown': 5, '第3*級': 3, '第2級': 3, '第6級': 3}",3,Y,Y,N,Y
不過，該文表示，從今次兩岸再次交換意見後發表的言論看，雙方都沒有講目前存在的分歧會影響辜振甫今秋訪大陸。,不過 該 文 表示 從 今 次 兩岸 再次 交換 意見 後 發表 的 言論 看 雙方 都 沒有 講 目前 存在 的 分歧 會 影響 辜振甫 今 秋 訪 大陸,31,不過(186226) 該(148369) 文(28958) 表示(74452) 從(496546) 今(33635) 次(331701) 兩岸(6984) 再次(21282) 交換(11543) 意見(34740) 後(422857) 發表(25858) 的(16029838) 言論(6961) 看(444691) 雙方(22984) 都(1125846) 沒有(594280) 講(70027) 目前(48695) 存在(75197) 的(16029838) 分歧(3122) 會(1014977) 影響(95840) 辜振甫(94) 今(33635) 秋(8970) 訪(8839) 大陸(27031),"{'High': 30, 'Low': 1}","{'第2級': 3, '第4*級': 4, '第4級': 4, '第1*級': 2, 'Unknown': 6, '第3*級': 2, '第1級': 5, '第5級': 2, '第6級': 1, '第3級': 1, '第2*級': 1}",1,Y,Y,N,Y
雙方都沒有講目前存在的分歧會影響辜振甫今秋訪大陸。,雙方 都 沒有 講 目前 存在 的 分歧 會 影響 辜振甫 今秋訪 大陸,13,雙方(22984) 都(1125846) 沒有(594280) 講(70027) 目前(48695) 存在(75197) 的(16029838) 分歧(3122) 會(1014977) 影響(95840) 辜振甫(94) 今秋訪(Unknown) 大陸(27031),"{'High': 11, 'Low': 2}","{'第4*級': 1, '第1級': 3, '第2級': 1, '第4級': 1, '第5級': 1, '第6級': 1, '第1*級': 1, '第3級': 1, 'Unknown': 2, '第3*級': 1}",2,Y,N,N,Y
中共副總理錢其琛甫結束加勒比海五國訪問，中共對外貿易經濟合作部副部長張祥為首的貿易代表團二十九日抵達烏拉圭，並將前往與台北有邦交的巴拿馬訪問。,中共 副總理 錢其琛 甫 結束 加勒比海 五 國 訪問 中共 對 外 貿易 經濟 合作 部 副部長 張祥 為首 的 貿易 代表團 二十九日 抵達 烏拉圭 並 將 前往 與 台北 有 邦交 的 巴拿馬 訪問,35,中共(19399) 副總理(690) 錢其琛(129) 甫(2367) 結束(40669) 加勒比海(525) 五(112649) 國(73377) 訪問(12881) 中共(19399) 對(897964) 外(109310) 貿易(16952) 經濟(83046) 合作(35908) 部(71567) 副部長(1865) 張祥(11) 為首(3277) 的(16029838) 貿易(16952) 代表團(1340) 二十九日(2357) 抵達(16291) 烏拉圭(311) 並(442790) 將(448374) 前往(27321) 與(968432) 台北(22242) 有(2217079) 邦交(289) 的(16029838) 巴拿馬(703) 訪問(12881),"{'High': 34, 'Low': 1}","{'Unknown': 14, '第7級': 1, '第3*級': 2, '第1級': 7, '第4級': 3, '第4*級': 4, '第2級': 1, '第6級': 1, '第5級': 2}",8,Y,Y,N,Y
新華社今天報導，以張祥為首的政府貿易代表團這次赴拉丁美洲，將訪問烏拉圭、巴拿馬、墨西哥和厄瓜多爾。,新華社 今天 報導 以 張祥 為首 的 政府 貿易 代表團 這 次 赴 拉丁美洲 將 訪問 烏拉圭 巴拿馬 墨西哥 和 厄瓜多爾,21,新華社(1011) 今天(73277) 報導(27311) 以(547785) 張祥(11) 為首(3277) 的(16029838) 政府(92663) 貿易(16952) 代表團(1340) 這(2114032) 次(331701) 赴(12878) 拉丁美洲(1104) 將(448374) 訪問(12881) 烏拉圭(311) 巴拿馬(703) 墨西哥(4107) 和(1338337) 厄瓜多爾(100),"{'High': 19, 'Low': 2}","{'Unknown': 9, '第1級': 3, '第5級': 4, '第4級': 2, '第4*級': 1, '第2級': 1, '第6級': 1}",7,Y,Y,N,Y
錢其琛是於七月十八日至二十七日訪問巴貝多、蓋亞那、千里達及托巴哥、古巴、牙買加五國。,錢其琛 是 於 七月 十八日 至 二十七日 訪問 巴貝多 蓋亞那 千里達 及 托巴哥 古巴 牙買加 五 國,17,錢其琛(129) 是(4642407) 於(327210) 七月(15511) 十八日(2987) 至(101530) 二十七日(2612) 訪問(12881) 巴貝多(34) 蓋亞那(5) 千里達(84) 及(304586) 托巴哥(10) 古巴(1369) 牙買加(301) 五(112649) 國(73377),"{'High': 13, 'Low': 4}","{'Unknown': 10, '第1級': 3, '第5級': 3, '第4級': 1}",8,Y,Y,N,Y
錢其琛強調，中共與該地區關係正常的障礙是「台灣問題」。,錢其琛 強調 中共 與 該 地區 關係 正常 的 障礙 是 台灣 問題,13,錢其琛(129) 強調(36095) 中共(19399) 與(968432) 該(148369) 地區(40339) 關係(162883) 正常(28865) 的(16029838) 障礙(17905) 是(4642407) 台灣(130718) 問題(280782),{'High': 13},"{'Unknown': 2, '第5級': 2, '第4*級': 2, '第4級': 1, '第3級': 1, '第3*級': 1, '第1級': 4}",1,Y,Y,N,Y
中共與該地區關係正常的障礙是「台灣問題」。,中共 與 該 地區 關係 正常 的 障礙 是 台灣 問題,11,中共(19399) 與(968432) 該(148369) 地區(40339) 關係(162883) 正常(28865) 的(16029838) 障礙(17905) 是(4642407) 台灣(130718) 問題(280782),{'High': 11},"{'Unknown': 1, '第4*級': 2, '第4級': 1, '第3級': 1, '第3*級': 1, '第1級': 4, '第5級': 1}",0,Y,Y,N,Y
根據美國哥倫比亞廣播公司新聞網所作的民意調查，大部分美國民眾認為柯林頓應出席大陪審團作證，不過，對特別檢委員會察官史塔爾以「完全的起訴豁免權」交換柳思基「完整與真實證詞」的作法，民眾則不能完全苟同。,根據 美國 哥倫比亞 廣播 公司 新聞網 所 作 的 民意 調查 大部分 美國 民眾 認為 柯林頓 應 出席 大 陪審團 作證 不過 對 特別 檢 委員會 察 官 史塔爾 以 完全 的 起訴 豁免權 交換 柳思基 完整 與 真實 證詞 的 作法 民眾 則 不能 完全 苟同,47,根據(51908) 美國(148299) 哥倫比亞(2833) 廣播(9358) 公司(168500) 新聞網(535) 所(527327) 作(78184) 的(16029838) 民意(4069) 調查(34821) 大部分(32534) 美國(148299) 民眾(17097) 認為(192030) 柯林頓(2067) 應(82417) 出席(6104) 大(525780) 陪審團(1537) 作證(1638) 不過(186226) 對(897964) 特別(91212) 檢(484) 委員會(19419) 察(1700) 官(18994) 史塔爾(40) 以(547785) 完全(115744) 的(16029838) 起訴(1999) 豁免權(98) 交換(11543) 柳思基(Unknown) 完整(19201) 與(968432) 真實(36892) 證詞(1800) 的(16029838) 作法(9353) 民眾(17097) 則(254096) 不能(162852) 完全(115744) 苟同(477),"{'High': 44, 'Low': 3}","{'第4*級': 7, '第1級': 7, '第6級': 5, '第5級': 4, '第2級': 5, 'Unknown': 13, '第3*級': 2, '第4級': 1, '第7級': 2, '第3級': 1}",9,Y,Y,N,Y
這項對四百一十三名受訪者進行的電話意見調查結果顯示，超過六成以上受訪者表示，他們不認同檢察官史塔爾與柳思基的協議，也有近五成受訪者質疑柳思基證詞的可信度。,這 項 對 四百一十三 名 受 訪 者 進行 的 電話 意見 調查 結果 顯示 超過 六成 以上 受 訪 者 表示 他們 不 認同 檢察官 史塔爾 與 柳思基 的 協議 也 有 近 五成 受 訪 者 質疑 柳思基 證詞 的 可信度,43,這(2114032) 項(88887) 對(897964) 四百一十三(2) 名(136287) 受(109982) 訪(8839) 者(423504) 進行(100298) 的(16029838) 電話(38698) 意見(34740) 調查(34821) 結果(114008) 顯示(32718) 超過(30507) 六成(446) 以上(36569) 受(109982) 訪(8839) 者(423504) 表示(74452) 他們(716752) 不(2282521) 認同(21303) 檢察官(2517) 史塔爾(40) 與(968432) 柳思基(Unknown) 的(16029838) 協議(5291) 也(1590760) 有(2217079) 近(43555) 五成(371) 受(109982) 訪(8839) 者(423504) 質疑(9842) 柳思基(Unknown) 證詞(1800) 的(16029838) 可信度(1265),"{'High': 39, 'Low': 4}","{'第1級': 10, '第5級': 4, 'Unknown': 10, '第2級': 2, '第4級': 7, '第3*級': 3, '第4*級': 3, '第6級': 3, '第7級': 1}",6,Y,Y,N,Y
有六成受訪者認為，柯林頓應該出庭作證。,有 六成 受 訪 者 認為 柯林頓 應該 出庭 作證,10,有(2217079) 六成(446) 受(109982) 訪(8839) 者(423504) 認為(192030) 柯林頓(2067) 應該(165478) 出庭(954) 作證(1638),{'High': 10},"{'第1級': 1, 'Unknown': 3, '第4級': 2, '第2級': 1, '第1*級': 1, '第7級': 1, '第6級': 1}",1,Y,N,N,Y
林頓面臨刑事指另外，調查結果也顯示，有三分之二的受訪者認為，檢察官史塔爾可能並不是完全公正地進行調查，這其中恐怕還有更複雜的政黨因素與選舉利益考量在內。,林頓 面臨 刑事 指 另外 調查 結果 也 顯示 有 三分之二 的 受 訪 者 認為 檢察官 史塔爾 可能 並 不 是 完全 公正 地 進行 調查 這 其中 恐怕 還 有 更 複雜 的 政黨 因素 與 選舉 利益 考量 在 內,43,林頓(184) 面臨(16531) 刑事(1807) 指(84264) 另外(48233) 調查(34821) 結果(114008) 也(1590760) 顯示(32718) 有(2217079) 三分之二(1722) 的(16029838) 受(109982) 訪(8839) 者(423504) 認為(192030) 檢察官(2517) 史塔爾(40) 可能(271025) 並(442790) 不(2282521) 是(4642407) 完全(115744) 公正(4260) 地(754998) 進行(100298) 調查(34821) 這(2114032) 其中(95627) 恐怕(22544) 還(625086) 有(2217079) 更(361676) 複雜(29761) 的(16029838) 政黨(4138) 因素(34409) 與(968432) 選舉(8292) 利益(25126) 考量(9481) 在(3284238) 內(183051),"{'High': 42, 'Low': 1}","{'Unknown': 7, '第5級': 6, '第6級': 4, '第4級': 5, '第3級': 2, '第4*級': 5, '第3*級': 3, '第1級': 9, '第2級': 1, '第1*級': 1}",3,Y,Y,N,Y
儘管緋聞纏身，柯林頓在民間的聲望目前仍居高不下。,儘管 緋聞 纏身 柯林頓 在 民間 的 聲望 目前 仍 居高不下,11,儘管(36818) 緋聞(332) 纏身(967) 柯林頓(2067) 在(3284238) 民間(16236) 的(16029838) 聲望(2482) 目前(48695) 仍(92056) 居高不下(308),{'High': 11},"{'第5級': 1, 'Unknown': 3, '第7級': 1, '第1*級': 1, '第4*級': 1, '第1級': 1, '第6級': 1, '第4級': 2}",2,Y,Y,N,Y
美國國家廣播電視新聞網與華爾街日報日前聯合進行的一項民調結果即指出，有百分之六十四的民眾支持柯林頓。,美國 國家 廣播 電視 新聞網 與 華爾街日報 日前 聯合 進行 的 一 項 民調 結果 即 指出 有 百分之六十四 的 民眾 支持 柯林頓,23,美國(148299) 國家(109166) 廣播(9358) 電視(41289) 新聞網(535) 與(968432) 華爾街日報(971) 日前(1738) 聯合(10911) 進行(100298) 的(16029838) 一(3701681) 項(88887) 民調(568) 結果(114008) 即(110826) 指出(38456) 有(2217079) 百分之六十四(34) 的(16029838) 民眾(17097) 支持(42489) 柯林頓(2067),"{'High': 22, 'Low': 1}","{'第1級': 5, '第1*級': 2, '第5級': 5, 'Unknown': 5, '第4*級': 2, '第7級': 1, '第3*級': 1, '第6級': 1, '第4級': 1}",4,Y,Y,N,Y
不過，要是柯林頓真有教唆偽證或妨害司法行為，也有百分之四十五的受訪者贊成應該對他提出彈劾。,不過 要是 柯林頓 真 有 教唆 偽證 或 妨害 司法 行為 也 有 百分之四十五 的 受 訪 者 贊成 應該 對 他 提出 彈劾,24,不過(186226) 要是(28327) 柯林頓(2067) 真(137497) 有(2217079) 教唆(295) 偽證(173) 或(478077) 妨害(646) 司法(6288) 行為(97450) 也(1590760) 有(2217079) 百分之四十五(132) 的(16029838) 受(109982) 訪(8839) 者(423504) 贊成(5686) 應該(165478) 對(897964) 他(2487930) 提出(63073) 彈劾(1635),{'High': 24},"{'第2級': 1, '第2*級': 1, 'Unknown': 7, '第1*級': 2, '第1級': 6, '第3級': 1, '第6級': 2, '第5級': 2, '第4級': 2}",2,Y,Y,N,Y
與一個月前的民調結果相較，人數增加了近七個百分點。,與 一 個 月 前 的 民調 結果 相較 人數 增加 了 近 七 個 百分點,16,與(968432) 一(3701681) 個(2296574) 月(148997) 前(272709) 的(16029838) 民調(568) 結果(114008) 相較(5934) 人數(11834) 增加(48296) 了(3199291) 近(43555) 七(59385) 個(2296574) 百分點(362),{'High': 16},"{'第4*級': 1, '第1級': 7, '第5級': 1, '第3*級': 1, '第6級': 1, '第4級': 2, 'Unknown': 2, '第2級': 1}",1,Y,N,N,N
人數增加了近七個百分點。,人數 增加 了 近七個 百分點,5,人數(11834) 增加(48296) 了(3199291) 近七個(Unknown) 百分點(362),"{'High': 4, 'Low': 1}","{'第4級': 2, 'Unknown': 3}",2,Y,N,N,Y
日本新首相今天組成一個揭櫫「經濟再生」的新內閣，表明將使日本經濟復興的決心態勢，這是因為日本目前處於戰後最嚴重的不景氣，另一方面自民黨在參院選舉慘敗，也是自民黨浴火再生的內閣，所以小淵及自民黨黨中央執行相當費心，但是日本各界對於「景氣對策內閣」是否能帶來好景氣只能寄予期待。,日本 新 首相 今天 組成 一 個 揭櫫 經濟 再生 的 新 內閣 表明 將 使 日本 經濟 復興 的 決心 態勢 這 是 因為 日本 目前 處於 戰後 最 嚴重 的 不景氣 另一方面 自民黨 在 參院 選舉 慘敗 也 是 自民黨 浴火 再生 的 內閣 所以 小淵 及 自民黨 黨 中央 執行 相當 費心 但是 日本 各界 對於 景氣 對策 內閣 是否 能 帶來 好 景氣 只 能 寄予 期待,71,日本(105587) 新(212453) 首相(2683) 今天(73277) 組成(20095) 一(3701681) 個(2296574) 揭櫫(348) 經濟(83046) 再生(2722) 的(16029838) 新(212453) 內閣(5753) 表明(7686) 將(448374) 使(197544) 日本(105587) 經濟(83046) 復興(2801) 的(16029838) 決心(12598) 態勢(1521) 這(2114032) 是(4642407) 因為(425061) 日本(105587) 目前(48695) 處於(15647) 戰後(7107) 最(421680) 嚴重(39284) 的(16029838) 不景氣(1650) 另一方面(15696) 自民黨(601) 在(3284238) 參院(62) 選舉(8292) 慘敗(1210) 也(1590760) 是(4642407) 自民黨(601) 浴火(71) 再生(2722) 的(16029838) 內閣(5753) 所以(239080) 小淵(27) 及(304586) 自民黨(601) 黨(23312) 中央(46180) 執行(25364) 相當(66293) 費心(1326) 但是(247988) 日本(105587) 各界(2155) 對於(99570) 景氣(1794) 對策(3605) 內閣(5753) 是否(78907) 能(582260) 帶來(40305) 好(448428) 景氣(1794) 只(436725) 能(582260) 寄予(628) 期待(21616),"{'High': 68, 'Low': 3}","{'第1級': 17, '第6級': 10, 'Unknown': 14, '第7級': 3, '第4級': 3, '第5級': 11, '第4*級': 2, '第1*級': 7, '第3*級': 2, '第3級': 1, '第2級': 1}",5,Y,Y,N,Y
金融問題新內閣因為是要克服經濟危機的內閣，所以特別重視處理金融危機及經濟對策、稅制改革的藏相人選的出任，事實上左右小淵政權的命運與成敗。,金融 問題 新 內閣 因為 是 要 克服 經濟 危機 的 內閣 所以 特別 重視 處理 金融 危機 及 經濟 對策 稅制 改革 的 藏相 人選 的 出任 事實 上 左右 小淵 政權 的 命運 與 成敗,37,金融(15237) 問題(280782) 新(212453) 內閣(5753) 因為(425061) 是(4642407) 要(851264) 克服(10803) 經濟(83046) 危機(20200) 的(16029838) 內閣(5753) 所以(239080) 特別(91212) 重視(23501) 處理(61797) 金融(15237) 危機(20200) 及(304586) 經濟(83046) 對策(3605) 稅制(393) 改革(21497) 的(16029838) 藏相(11) 人選(4876) 的(16029838) 出任(5389) 事實(84995) 上(1233218) 左右(33714) 小淵(27) 政權(12372) 的(16029838) 命運(20184) 與(968432) 成敗(2828),"{'High': 35, 'Low': 2}","{'第5級': 7, '第1級': 9, '第6級': 4, '第1*級': 2, '第4級': 4, '第4*級': 5, '第2級': 1, 'Unknown': 4, '第3*級': 1}",0,Y,Y,N,Y
以曾任首相再任藏相有前例，是昭和初期金融恐慌時的高橋是清，但是七八歲高齡的宮澤是否能成為「平成的高橋是清」則遭日本國內外質疑日本國內感嘆自民黨難道沒有人材到此地步，尤其宮澤過去在任藏相時製造了日本的泡沫，因為他是主張刺激川指明年幣會貶值景氣的積極財政論者，而在他任首相期間，因為不懂如何收拾泡沫而使日本經濟直線下瀉至今，尤其是將不良債權處理一再拖延，而使日本八年來均為此受苦受難，也就是宮澤雖然精通財政、經濟，但是事實上一直無成績可言，只是沒人追究其責任而已，宮澤在任首相時被指斥為毫無決斷力的首相，而現在年事又大，各界懷疑他會有比過去更快的決斷力，尤其是橋本內閣從去年年底以來實際上便是由宮澤主導，因為宮澤是自民黨金融對策本部的本部長，但是宮澤並沒有太大表現，橋本內閣反應慢半拍，其實與宮澤不無關係，宮澤一直堅辭不肯也與此一責任的追究有關。,以 曾 任 首相 再 任 藏相 有 前例 是 昭和 初期 金融 恐慌 時 的 高橋是清 但是 七八 歲 高齡 的 宮澤 是否 能 成為 平成 的 高橋是清 則 遭 日本 國內外 質疑 日本 國內 感嘆 自民黨 難道 沒有 人材 到 此 地步 尤其 宮澤 過去 在任 藏相 時 製造 了 日本 的 泡沫 因為 他 是 主張 刺激 川 指 明年 幣 會 貶值 景氣 的 積極 財政 論 者 而 在 他 任 首相 期間 因為 不 懂 如何 收拾 泡沫 而 使 日本 經濟 直線 下瀉 至今 尤其 是 將 不良 債權 處理 一再 拖延 而 使 日本 八 年 來 均 為 此 受苦 受難 也 就 是 宮澤 雖然 精通 財政 經濟 但是 事實 上 一直 無 成績 可 言 只是 沒 人 追究 其 責任 而已 宮澤 在任 首相 時 被 指斥 為 毫無 決斷力 的 首相 而 現在 年事 又 大 各界 懷疑 他 會 有 比 過去 更 快 的 決斷力 尤其 是 橋本 內閣 從 去年 年底 以來 實際 上 便是 由 宮澤 主導 因為 宮澤 是 自民黨 金融 對策 本部 的 本部長 但是 宮澤 並 沒有 太 大 表現 橋本 內閣 反應 慢半拍 其實 與 宮澤 不無 關係 宮澤 一直 堅辭 不肯 也 與 此 一 責任 的 追究 有關,211,以(547785) 曾(132981) 任(37811) 首相(2683) 再(326207) 任(37811) 藏相(11) 有(2217079) 前例(660) 是(4642407) 昭和(3070) 初期(11598) 金融(15237) 恐慌(4015) 時(623734) 的(16029838) 高橋是清(Unknown) 但是(247988) 七八(676) 歲(130085) 高齡(2125) 的(16029838) 宮澤(31) 是否(78907) 能(582260) 成為(143834) 平成(267) 的(16029838) 高橋是清(Unknown) 則(254096) 遭(18764) 日本(105587) 國內外(1883) 質疑(9842) 日本(105587) 國內(17537) 感嘆(2843) 自民黨(601) 難道(22961) 沒有(594280) 人材(361) 到(546906) 此(288458) 地步(7568) 尤其(50700) 宮澤(31) 過去(88758) 在任(201) 藏相(11) 時(623734) 製造(28512) 了(3199291) 日本(105587) 的(16029838) 泡沫(2702) 因為(425061) 他(2487930) 是(4642407) 主張(23147) 刺激(24326) 川(3776) 指(84264) 明年(3059) 幣(378) 會(1014977) 貶值(1452) 景氣(1794) 的(16029838) 積極(24247) 財政(5462) 論(21280) 者(423504) 而(937923) 在(3284238) 他(2487930) 任(37811) 首相(2683) 期間(32981) 因為(425061) 不(2282521) 懂(32301) 如何(148068) 收拾(6751) 泡沫(2702) 而(937923) 使(197544) 日本(105587) 經濟(83046) 直線(3610) 下瀉(15) 至今(14540) 尤其(50700) 是(4642407) 將(448374) 不良(10094) 債權(1201) 處理(61797) 一再(12315) 拖延(5402) 而(937923) 使(197544) 日本(105587) 八(54961) 年(514736) 來(742183) 均(27783) 為(761341) 此(288458) 受苦(3843) 受難(1584) 也(1590760) 就(1737544) 是(4642407) 宮澤(31) 雖然(152988) 精通(3085) 財政(5462) 經濟(83046) 但是(247988) 事實(84995) 上(1233218) 一直(119877) 無(157858) 成績(16851) 可(307359) 言(97691) 只是(96536) 沒(306167) 人(1550512) 追究(2812) 其(307905) 責任(29747) 而已(43005) 宮澤(31) 在任(201) 首相(2683) 時(623734) 被(540683) 指斥(215) 為(761341) 毫無(32086) 決斷力(219) 的(16029838) 首相(2683) 而(937923) 現在(218744) 年事(575) 又(535555) 大(525780) 各界(2155) 懷疑(29705) 他(2487930) 會(1014977) 有(2217079) 比(170486) 過去(88758) 更(361676) 快(116207) 的(16029838) 決斷力(219) 尤其(50700) 是(4642407) 橋本(17) 內閣(5753) 從(496546) 去年(9462) 年底(2450) 以來(26654) 實際(52755) 上(1233218) 便是(6111) 由(208604) 宮澤(31) 主導(7550) 因為(425061) 宮澤(31) 是(4642407) 自民黨(601) 金融(15237) 對策(3605) 本部(1310) 的(16029838) 本部長(9) 但是(247988) 宮澤(31) 並(442790) 沒有(594280) 太(181732) 大(525780) 表現(67272) 橋本(17) 內閣(5753) 反應(53196) 慢半拍(28) 其實(109290) 與(968432) 宮澤(31) 不無(1812) 關係(162883) 宮澤(31) 一直(119877) 堅辭(143) 不肯(8400) 也(1590760) 與(968432) 此(288458) 一(3701681) 責任(29747) 的(16029838) 追究(2812) 有關(69607),"{'High': 193, 'Low': 18}","{'第5級': 28, '第4級': 15, '第6級': 22, '第1*級': 14, 'Unknown': 52, '第1級': 46, '第3*級': 7, '第2級': 8, '第7級': 3, '第4*級': 15, '第3級': 1}",9,Y,Y,N,Y
就任經企廳長官的土界屋太一是目前日本上班族最喜愛的經濟評論作家，過去曾為通產省官員，是相當於小淵的智囊，將來亦將參與小淵的「經濟戰略會議」，這是小淵想在經濟政策上反映民間人士較具彈性構想及主意，不過土界屋至今都是「紙上談兵」，實際成為決策者的成敗仍有待考驗，土界屋的入閣，算是新內閣噱頭之一。,就任 經企廳 長官 的 土界屋太一 是 目前 日本 上班族 最 喜愛 的 經濟 評論 作家 過去 曾 為 通產省 官員 是 相當於 小淵 的 智囊 將來 亦 將 參與 小淵 的 經濟 戰略 會議 這 是 小淵 想 在 經濟 政策 上 反映 民間 人士 較 具 彈性 構想 及 主意 不過 土界屋 至今 都 是 紙上談兵 實際 成為 決策者 的 成敗 仍 有待 考驗 土界屋 的 入閣 算是 新 內閣 噱頭 之 一,74,就任(1945) 經企廳(1) 長官(10882) 的(16029838) 土界屋太一(Unknown) 是(4642407) 目前(48695) 日本(105587) 上班族(1890) 最(421680) 喜愛(12200) 的(16029838) 經濟(83046) 評論(15447) 作家(24304) 過去(88758) 曾(132981) 為(761341) 通產省(137) 官員(31382) 是(4642407) 相當於(6270) 小淵(27) 的(16029838) 智囊(965) 將來(17836) 亦(68507) 將(448374) 參與(40595) 小淵(27) 的(16029838) 經濟(83046) 戰略(10042) 會議(30698) 這(2114032) 是(4642407) 小淵(27) 想(449884) 在(3284238) 經濟(83046) 政策(30965) 上(1233218) 反映(14525) 民間(16236) 人士(27666) 較(78424) 具(41661) 彈性(8540) 構想(6562) 及(304586) 主意(10946) 不過(186226) 土界屋(1) 至今(14540) 都(1125846) 是(4642407) 紙上談兵(367) 實際(52755) 成為(143834) 決策者(Unknown) 的(16029838) 成敗(2828) 仍(92056) 有待(2538) 考驗(6900) 土界屋(1) 的(16029838) 入閣(383) 算是(20622) 新(212453) 內閣(5753) 噱頭(430) 之(875481) 一(3701681),"{'High': 66, 'Low': 8}","{'第6級': 6, 'Unknown': 17, '第1級': 17, '第4級': 12, '第1*級': 2, '第5級': 11, '第4*級': 6, '第2級': 2, '第7級': 1}",9,Y,Y,N,Y
曾任文相的與謝野馨出任通產相，除因其有有通曉經貿的實務能力獲得好評之外，也因其與前首相中曾根康弘及總裁選舉中獲第二高票的木尾山靜六相當親近，由其出任通產相也是圖黨內融和。,曾 任 文相 的 與謝野馨 出任 通產相 除 因 其 有 有 通曉 經貿 的 實務 能力 獲得 好評 之外 也 因 其 與 前首相 中曾根康弘 及 總裁 選舉 中 獲 第二 高票 的 木尾山靜六 相當 親近 由 其 出任 通產相 也 是 圖 黨 內 融和,47,曾(132981) 任(37811) 文相(7) 的(16029838) 與謝野馨(Unknown) 出任(5389) 通產相(Unknown) 除(15929) 因(119364) 其(307905) 有(2217079) 有(2217079) 通曉(931) 經貿(619) 的(16029838) 實務(5596) 能力(93399) 獲得(54809) 好評(1655) 之外(45757) 也(1590760) 因(119364) 其(307905) 與(968432) 前首相(42) 中曾根康弘(31) 及(304586) 總裁(5668) 選舉(8292) 中(1011729) 獲(11610) 第二(98741) 高票(261) 的(16029838) 木尾山靜六(Unknown) 相當(66293) 親近(7508) 由(208604) 其(307905) 出任(5389) 通產相(Unknown) 也(1590760) 是(4642407) 圖(46009) 黨(23312) 內(183051) 融和(181),"{'High': 40, 'Low': 7}","{'第4級': 1, '第5級': 7, 'Unknown': 16, '第1級': 8, '第6級': 7, '第3*級': 1, '第7級': 1, '第2級': 2, '第4*級': 2, '第3級': 2}",6,Y,Y,N,Y
就任郵政相的野田聖子，只有卅七歲，為日本戰後最年輕的閣員，打破船田元四十一歲入閣的紀錄，而且是世代交替及啟用女性的象徵，等於宣示內閣清新，也是新內閣的噱頭之一，尤其是郵政省原本是利權省，日本全國一萬四千六百個郵局的郵局局長會更是最強悍的控票組織而能破格用野田，也有展示小淵人心一新的決心，不過另一方面野田是二世議員而且原本亦為郵政族，也有不意外的成分。,就任 郵政相 的 野田聖子 只有 卅七 歲 為 日本 戰後 最 年輕 的 閣員 打破 船田元 四十一 歲 入閣 的 紀錄 而且 是 世代 交替 及 啟用 女性 的 象徵 等於 宣示 內閣 清新 也 是 新 內閣 的 噱頭 之 一 尤其 是 郵政省 原本 是 利權省 日本 全 國 一萬四千六百 個 郵局 的 郵局 局長 會 更 是 最 強悍 的 控 票 組織 而 能 破格 用 野田 也 有 展示 小淵 人心 一 新 的 決心 不過 另一方面 野田 是 二 世 議員 而且 原本 亦 為 郵政族 也 有 不 意外 的 成分,98,就任(1945) 郵政相(Unknown) 的(16029838) 野田聖子(3) 只有(43745) 卅七(37) 歲(130085) 為(761341) 日本(105587) 戰後(7107) 最(421680) 年輕(48853) 的(16029838) 閣員(262) 打破(10218) 船田元(Unknown) 四十一(1027) 歲(130085) 入閣(383) 的(16029838) 紀錄(14233) 而且(180402) 是(4642407) 世代(8592) 交替(2473) 及(304586) 啟用(917) 女性(59364) 的(16029838) 象徵(18975) 等於(18149) 宣示(1899) 內閣(5753) 清新(2258) 也(1590760) 是(4642407) 新(212453) 內閣(5753) 的(16029838) 噱頭(430) 之(875481) 一(3701681) 尤其(50700) 是(4642407) 郵政省(12) 原本(35765) 是(4642407) 利權省(Unknown) 日本(105587) 全(178642) 國(73377) 一萬四千六百(6) 個(2296574) 郵局(1989) 的(16029838) 郵局(1989) 局長(3442) 會(1014977) 更(361676) 是(4642407) 最(421680) 強悍(1797) 的(16029838) 控(1691) 票(8213) 組織(69485) 而(937923) 能(582260) 破格(432) 用(377038) 野田(85) 也(1590760) 有(2217079) 展示(9373) 小淵(27) 人心(11229) 一(3701681) 新(212453) 的(16029838) 決心(12598) 不過(186226) 另一方面(15696) 野田(85) 是(4642407) 二(152494) 世(13336) 議員(4905) 而且(180402) 原本(35765) 亦(68507) 為(761341) 郵政族(Unknown) 也(1590760) 有(2217079) 不(2282521) 意外(21631) 的(16029838) 成分(9525),"{'High': 87, 'Low': 11}","{'第6級': 10, 'Unknown': 25, '第1級': 33, '第1*級': 4, '第2級': 4, '第5級': 10, '第4級': 3, '第3級': 2, '第7級': 1, '第3*級': 1, '第4*級': 3, '第2*級': 2}",9,Y,Y,N,Y
小淵對自己出缺的外相一職由原為外務政次的高村正彥升格，因為今後有日俄和平條約談判等懸案，高村的出任表示重視「小淵外交」的持續性。,小淵 對 自己 出缺 的 外相 一 職 由 原 為 外務 政次 的 高村正彥 升格 因為 今後 有 日 俄 和平 條約 談判 等 懸案 高村 的 出任 表示 重視 小淵 外交 的 持續性,35,小淵(27) 對(897964) 自己(744739) 出缺(211) 的(16029838) 外相(316) 一(3701681) 職(7196) 由(208604) 原(33852) 為(761341) 外務(338) 政次(4) 的(16029838) 高村正彥(Unknown) 升格(188) 因為(425061) 今後(5606) 有(2217079) 日(94041) 俄(2917) 和平(14127) 條約(5206) 談判(6935) 等(327380) 懸案(289) 高村(197) 的(16029838) 出任(5389) 表示(74452) 重視(23501) 小淵(27) 外交(8916) 的(16029838) 持續性(1027),"{'Low': 4, 'High': 31}","{'Unknown': 15, '第1級': 8, '第1*級': 2, '第4*級': 3, '第4級': 2, '第6級': 3, '第3*級': 1, '第5級': 1}",2,Y,Y,N,Y
官房長官野中廣務因為身為自民黨代理幹事長，但是未為參院慘敗負責便馬上入閣，多少引起批判，認為小淵是對自己總裁選舉過半數者酬庸，另一方面也顯示自民黨人才枯竭。,官房 長官 野中廣務 因為 身為 自民黨 代理 幹事長 但是 未 為 參院 慘敗 負責 便 馬上 入閣 多少 引起 批判 認為 小淵 是 對 自己 總裁 選舉 過半數 者 酬庸 另一方面 也 顯示 自民黨 人才 枯竭,36,官房(96) 長官(10882) 野中廣務(Unknown) 因為(425061) 身為(18072) 自民黨(601) 代理(5411) 幹事長(46) 但是(247988) 未(101927) 為(761341) 參院(62) 慘敗(1210) 負責(37090) 便(220860) 馬上(39402) 入閣(383) 多少(50265) 引起(36729) 批判(12353) 認為(192030) 小淵(27) 是(4642407) 對(897964) 自己(744739) 總裁(5668) 選舉(8292) 過半數(167) 者(423504) 酬庸(166) 另一方面(15696) 也(1590760) 顯示(32718) 自民黨(601) 人才(17220) 枯竭(951),"{'Low': 5, 'High': 31}","{'Unknown': 14, '第6級': 4, '第1*級': 3, '第5級': 5, '第2級': 2, '第4*級': 2, '第1級': 4, '第4級': 1, '第7級': 1}",6,Y,Y,N,Y
就全盤內閣人選來看，除宮喜一之外，各派閥均未有實力人士出任，雖說是換新面孔，但亦有批判為超輕量級內閣，是將滯銷庫存人事大舉出清，新內閣基本上仍為派閥均衡內閣，但是實質的派閥領導人均未入閣，結果閣議中什麼也無法決定，全必須回報派閥再議，行動力及決斷力要打很大的折扣，所以各國反應也都是日本誰當閣員並不重要，而是要盡快推出對策，這也是對小淵內閣唯一的期待。,就 全盤 內閣 人選 來 看 除 宮喜一 之外 各 派閥 均 未 有 實力 人士 出任 雖說 是 換新 面孔 但 亦 有 批判 為 超 輕量級 內閣 是 將 滯銷 庫存 人事 大舉 出清 新 內閣 基本 上 仍 為 派閥 均衡 內閣 但是 實質 的 派閥 領導人 均 未 入閣 結果 閣議 中 什麼 也 無法 決定 全 必須 回報 派閥 再 議 行動力 及 決斷力 要 打 很 大 的 折扣 所以 各 國 反應 也 都 是 日本 誰 當 閣員 並 不 重要 而是 要 盡快 推出 對策 這 也 是 對 小淵 內閣 唯一 的 期待,103,就(1737544) 全盤(1370) 內閣(5753) 人選(4876) 來(742183) 看(444691) 除(15929) 宮喜一(Unknown) 之外(45757) 各(243023) 派閥(44) 均(27783) 未(101927) 有(2217079) 實力(9808) 人士(27666) 出任(5389) 雖說(5083) 是(4642407) 換新(374) 面孔(4093) 但(597124) 亦(68507) 有(2217079) 批判(12353) 為(761341) 超(903) 輕量級(56) 內閣(5753) 是(4642407) 將(448374) 滯銷(260) 庫存(1649) 人事(6842) 大舉(1934) 出清(167) 新(212453) 內閣(5753) 基本(52069) 上(1233218) 仍(92056) 為(761341) 派閥(44) 均衡(3808) 內閣(5753) 但是(247988) 實質(7958) 的(16029838) 派閥(44) 領導人(9526) 均(27783) 未(101927) 入閣(383) 結果(114008) 閣議(34) 中(1011729) 什麼(431321) 也(1590760) 無法(150606) 決定(101837) 全(178642) 必須(170592) 回報(6593) 派閥(44) 再(326207) 議(2901) 行動力(878) 及(304586) 決斷力(219) 要(851264) 打(76962) 很(715675) 大(525780) 的(16029838) 折扣(1190) 所以(239080) 各(243023) 國(73377) 反應(53196) 也(1590760) 都(1125846) 是(4642407) 日本(105587) 誰(110452) 當(294625) 閣員(262) 並(442790) 不(2282521) 重要(154863) 而是(74258) 要(851264) 盡快(2875) 推出(10009) 對策(3605) 這(2114032) 也(1590760) 是(4642407) 對(897964) 小淵(27) 內閣(5753) 唯一(39149) 的(16029838) 期待(21616),"{'High': 95, 'Low': 8}","{'第1級': 29, '第6級': 18, '第5級': 13, 'Unknown': 26, '第3*級': 2, '第2級': 7, '第4級': 2, '第3級': 1, '第1*級': 2, '第4*級': 3}",5,Y,Y,N,Y
這也是對小淵內閣唯一的期待。,這 也 是 對 小淵 內閣 唯一 的 期待,9,這(2114032) 也(1590760) 是(4642407) 對(897964) 小淵(27) 內閣(5753) 唯一(39149) 的(16029838) 期待(21616),"{'High': 8, 'Low': 1}","{'第1級': 5, 'Unknown': 1, '第6級': 1, '第5級': 1, '第4*級': 1}",0,Y,N,N,Y
在視窗九八中文版今日正式推出與英特爾CPU降價的效應下，今日開鑼的台北電腦應用展將有許多促銷價格戰。,在 視窗 九八 中文版 今日 正式 推出 與 英特爾 CPU 降價 的 效應 下 今日 開鑼 的 台北 電腦 應用展 將 有 許多 促銷 價格戰,25,在(3284238) 視窗(1169) 九八(159) 中文版(956) 今日(20291) 正式(23229) 推出(10009) 與(968432) 英特爾(1294) CPU(166) 降價(663) 的(16029838) 效應(8027) 下(329549) 今日(20291) 開鑼(120) 的(16029838) 台北(22242) 電腦(38528) 應用展(Unknown) 將(448374) 有(2217079) 許多(159791) 促銷(3230) 價格戰(114),"{'High': 24, 'Low': 1}","{'第1*級': 3, 'Unknown': 9, '第4*級': 3, '第3*級': 2, '第5級': 4, '第1級': 3, '第6級': 1}",5,Y,Y,N,Y
不過由於業者會互相比價到本週日時可能伺機再調降價格，消費者可多打聽。,不過 由於 業者 會 互相 比價 到 本 週日 時 可能 伺機 再 調降 價格 消費者 可 多 打聽,19,不過(186226) 由於(88111) 業者(6857) 會(1014977) 互相(23967) 比價(406) 到(546906) 本(197156) 週日(1335) 時(623734) 可能(271025) 伺機(1239) 再(326207) 調降(244) 價格(21121) 消費者(15236) 可(307359) 多(318992) 打聽(3832),{'High': 19},"{'第2級': 1, '第4*級': 3, 'Unknown': 3, '第1*級': 2, '第4級': 2, '第1級': 4, '第2*級': 1, '第3*級': 1, '第7級': 1, '第5級': 1}",1,Y,Y,N,N
而在比價的同時，也不要忘了比較贈品內容，有的贈品其實價值不菲或相當實用。,而 在 比價 的 同時 也 不要 忘 了 比較 贈品 內容 有的 贈品 其實 價值 不菲 或 相當 實用,20,而(937923) 在(3284238) 比價(406) 的(16029838) 同時(115305) 也(1590760) 不要(101931) 忘(24299) 了(3199291) 比較(112212) 贈品(613) 內容(55074) 有的(31553) 贈品(613) 其實(109290) 價值(58784) 不菲(297) 或(478077) 相當(66293) 實用(7004),{'High': 20},"{'第5級': 1, '第1*級': 1, 'Unknown': 6, '第1級': 2, '第3*級': 2, '第2*級': 1, '第2級': 2, '第4級': 1, '第4*級': 2, '第3級': 2}",0,Y,Y,N,N
在桌上型電腦方面，業者大部分主打PII的機種，價位多落在四萬餘元。,在 桌上型 電腦 方面 業者 大部分 主打 PII 的 機種 價位 多 落在 四萬餘 元,15,在(3284238) 桌上型(290) 電腦(38528) 方面(75079) 業者(6857) 大部分(32534) 主打(251) PII(Unknown) 的(16029838) 機種(417) 價位(840) 多(318992) 落在(7461) 四萬餘(98) 元(60807),"{'High': 13, 'Low': 2}","{'第1*級': 2, 'Unknown': 7, '第3*級': 1, '第6級': 1, '第1級': 3, '第7級': 1}",4,Y,N,N,N
配備上以吋螢幕、至？,配備上 以 吋 螢幕 至,5,配備上(Unknown) 以(547785) 吋(3441) 螢幕(6582) 至(101530),"{'Low': 1, 'High': 4}","{'Unknown': 1, '第5級': 4}",1,Y,N,N,N
MB記憶體、GB硬碟、倍速光碟機是主流。,MB 記憶體 GB 硬碟 倍速 光碟機 是 主流,8,MB(Unknown) 記憶體(794) GB(45) 硬碟(305) 倍速(40) 光碟機(176) 是(4642407) 主流(7417),"{'Low': 3, 'High': 5}","{'Unknown': 4, '第6級': 2, '第1級': 1, '第5級': 1}",2,N,N,N,N
而業者在桌上型電腦的最便宜機種上，則多推出產品，價格落在三萬五千元上下。,而 業者 在 桌上型 電腦 的 最 便宜 機種 上 則 多 推出 產品 價格 落在 三萬五千 元 上下,19,而(937923) 業者(6857) 在(3284238) 桌上型(290) 電腦(38528) 的(16029838) 最(421680) 便宜(8506) 機種(417) 上(1233218) 則(254096) 多(318992) 推出(10009) 產品(51029) 價格(21121) 落在(7461) 三萬五千(266) 元(60807) 上下(11503),{'High': 19},"{'第5級': 4, 'Unknown': 6, '第1*級': 4, '第1級': 4, '第4級': 1}",2,Y,Y,N,N
其中，IBM更破天荒推出三萬五千元以下的家用電腦，其CPU為。,其中 IBM 更 破天荒 推出 三萬五千 元 以下 的 家用 電腦 其 CPU 為,14,其中(95627) IBM(6059) 更(361676) 破天荒(385) 推出(10009) 三萬五千(266) 元(60807) 以下(29388) 的(16029838) 家用(1592) 電腦(38528) 其(307905) CPU(166) 為(761341),{'High': 14},"{'第3*級': 2, 'Unknown': 7, '第5級': 1, '第1級': 2, '第1*級': 1, '第6級': 1}",4,Y,N,N,Y
主流筆記型電腦部分，價格多落在五萬五到八萬元之間。,主流 筆記型 電腦 部分 價格 多 落在 五萬五 到 八萬 元 之間,12,主流(7417) 筆記型(870) 電腦(38528) 部分(82518) 價格(21121) 多(318992) 落在(7461) 五萬五(2) 到(546906) 八萬(995) 元(60807) 之間(117932),"{'High': 11, 'Low': 1}","{'第5級': 1, 'Unknown': 4, '第1*級': 1, '第2級': 1, '第4級': 2, '第1級': 3}",2,Y,Y,N,N
五萬多元的幾乎都是機種，只有IBM的較貴。,五萬多 元 的 幾乎 都 是 機種 只有 IBM 的 較 貴,12,五萬多(96) 元(60807) 的(16029838) 幾乎(74298) 都(1125846) 是(4642407) 機種(417) 只有(43745) IBM(6059) 的(16029838) 較(78424) 貴(14034),"{'Low': 1, 'High': 11}","{'Unknown': 4, '第1級': 5, '第4級': 1, '第2級': 1, '第1*級': 1}",2,Y,Y,N,Y
至於PII也是業者另一個重心，不過價格較高，一般要花七萬多元才買得到。,至於 PII 也 是 業者 另 一 個 重心 不過 價格 較 高 一般 要 花 七萬多 元 才 買 得 到,22,至於(39363) PII(Unknown) 也(1590760) 是(4642407) 業者(6857) 另(138369) 一(3701681) 個(2296574) 重心(5347) 不過(186226) 價格(21121) 較(78424) 高(128858) 一般(80732) 要(851264) 花(72593) 七萬多(38) 元(60807) 才(394539) 買(59736) 得(573721) 到(546906),"{'High': 20, 'Low': 2}","{'第5級': 2, 'Unknown': 5, '第1級': 9, '第3級': 1, '第2級': 3, '第4級': 1, '第3*級': 1}",2,Y,Y,N,N
至於各家最便宜的筆記型電腦則落在三萬多到五萬元之間。,至於 各 家 最 便宜 的 筆記型 電腦 則 落在 三萬多 到 五萬 元 之間,15,至於(39363) 各(243023) 家(236822) 最(421680) 便宜(8506) 的(16029838) 筆記型(870) 電腦(38528) 則(254096) 落在(7461) 三萬多(290) 到(546906) 五萬(2821) 元(60807) 之間(117932),{'High': 15},"{'第5級': 2, '第2級': 1, '第1級': 4, '第1*級': 3, 'Unknown': 4, '第4級': 1}",2,Y,Y,N,N
其中，像宏碁有一款重僅一‧二公斤的迷你筆記型電腦是首次亮相，螢幕八‧四吋TFT，只要四萬六千五百元。,其中 像 宏碁 有 一 款 重 僅 一二 公斤 的 迷你 筆記型 電腦 是 首次 亮相 螢幕 八四 吋 TFT 只要 四萬六千五百 元,24,其中(95627) 像(289494) 宏碁(857) 有(2217079) 一(3701681) 款(5067) 重(31331) 僅(30739) 一二(1246) 公斤(6150) 的(16029838) 迷你(1766) 筆記型(870) 電腦(38528) 是(4642407) 首次(2918) 亮相(846) 螢幕(6582) 八四(77) 吋(3441) TFT(23) 只要(99140) 四萬六千五百(Unknown) 元(60807),"{'High': 21, 'Low': 3}","{'第3*級': 1, '第1*級': 2, 'Unknown': 8, '第1級': 5, '第6級': 1, '第5級': 4, '第4級': 1, '第7級': 1, '第3級': 1}",3,Y,Y,N,Y
而消費者在比價選購時，可特別注意到底有沒有附光碟機，如果真有需要的人，這部分價格需考量進去。,而 消費者 在 比價 選購 時 可 特別 注意 到底 有沒有 附 光碟機 如果 真 有 需要 的 人 這 部分 價格 需 考量進去,24,而(937923) 消費者(15236) 在(3284238) 比價(406) 選購(915) 時(623734) 可(307359) 特別(91212) 注意(49591) 到底(41946) 有沒有(21555) 附(4103) 光碟機(176) 如果(322121) 真(137497) 有(2217079) 需要(166793) 的(16029838) 人(1550512) 這(2114032) 部分(82518) 價格(21121) 需(27999) 考量進去(Unknown),"{'High': 23, 'Low': 1}","{'第5級': 2, '第1*級': 2, 'Unknown': 6, '第3*級': 1, '第4*級': 2, '第2級': 6, '第1級': 4, '第4級': 1}",4,Y,Y,N,N
由於視窗九八已推出，因此絕大部分機種都是配備視窗九八，不過也有少數仍配視窗九五，消費者可自行考量。,由於 視窗 九八 已 推出 因此 絕大部分 機種 都 是 配備 視窗 九八 不過 也 有 少數 仍 配 視窗 九五 消費者 可 自行 考量,25,由於(88111) 視窗(1169) 九八(159) 已(215610) 推出(10009) 因此(184606) 絕大部分(2075) 機種(417) 都(1125846) 是(4642407) 配備(1818) 視窗(1169) 九八(159) 不過(186226) 也(1590760) 有(2217079) 少數(17629) 仍(92056) 配(6311) 視窗(1169) 九五(1363) 消費者(15236) 可(307359) 自行(9833) 考量(9481),{'High': 25},"{'第4*級': 3, 'Unknown': 8, '第3級': 1, '第5級': 5, '第1級': 4, '第6級': 1, '第2級': 1, '第4級': 2}",2,Y,Y,N,N
而在促銷贈品上，也有不少吸引人的部分，像IBM的電腦都附贈其中文語音輸入軟體，大眾也都附贈「說亦通」中文語音輸入軟體，這兩套是國內最著名的產品，價值數千元。,而 在 促銷 贈品 上 也 有 不少 吸引人 的 部分 像 IBM 的 電腦 都 附贈 其 中文 語音 輸入 軟體 大眾 也 都 附贈 說 亦 通 中文 語音 輸入 軟體 這 兩 套 是 國內 最 著名 的 產品 價值 數千 元,45,而(937923) 在(3284238) 促銷(3230) 贈品(613) 上(1233218) 也(1590760) 有(2217079) 不少(35256) 吸引人(1589) 的(16029838) 部分(82518) 像(289494) IBM(6059) 的(16029838) 電腦(38528) 都(1125846) 附贈(203) 其(307905) 中文(9751) 語音(3301) 輸入(4777) 軟體(7895) 大眾(22411) 也(1590760) 都(1125846) 附贈(203) 說(1285247) 亦(68507) 通(19493) 中文(9751) 語音(3301) 輸入(4777) 軟體(7895) 這(2114032) 兩(526190) 套(37180) 是(4642407) 國內(17537) 最(421680) 著名(20279) 的(16029838) 產品(51029) 價值(58784) 數千(4849) 元(60807),{'High': 45},"{'第5級': 4, '第1*級': 4, '第6級': 8, 'Unknown': 8, '第1級': 16, '第2級': 1, '第4*級': 2, '第3級': 1, '第4級': 1}",2,Y,Y,N,Y
而如果買宏碁的電腦，不論是桌上型或筆記型，都隨機附贈明碁掃描器，價值也近三千元。,而 如果 買 宏碁 的 電腦 不論 是 桌上型 或 筆記型 都 隨機 附贈 明碁 掃描器 價值 也 近 三千 元,21,而(937923) 如果(322121) 買(59736) 宏碁(857) 的(16029838) 電腦(38528) 不論(28127) 是(4642407) 桌上型(290) 或(478077) 筆記型(870) 都(1125846) 隨機(3345) 附贈(203) 明碁(138) 掃描器(126) 價值(58784) 也(1590760) 近(43555) 三千(5525) 元(60807),{'High': 21},"{'第5級': 2, '第2級': 2, '第1級': 6, 'Unknown': 7, '第1*級': 1, '第4級': 1, '第3級': 1, '第4*級': 1}",3,Y,Y,N,Y
而倫飛除了可現場比賽抵部分現金外，另有筆記型電腦「舊換新」活動，如果是倫飛的舊電腦，仍可開機的可抵一萬元，如果不可開機或是其他品牌的舊電腦，則可抵五千元，以鼓勵消費。,而 倫飛 除了 可 現場 比賽 抵 部分 現金 外 另 有 筆記型 電腦 舊 換 新 活動 如果 是 倫飛 的 舊 電腦 仍 可 開機 的 可 抵 一萬 元 如果 不 可 開機 或是 其他 品牌 的 舊 電腦 則 可 抵 五千 元 以 鼓勵 消費,50,而(937923) 倫飛(5) 除了(75964) 可(307359) 現場(15949) 比賽(20220) 抵(6753) 部分(82518) 現金(5112) 外(109310) 另(138369) 有(2217079) 筆記型(870) 電腦(38528) 舊(32022) 換(25907) 新(212453) 活動(85743) 如果(322121) 是(4642407) 倫飛(5) 的(16029838) 舊(32022) 電腦(38528) 仍(92056) 可(307359) 開機(313) 的(16029838) 可(307359) 抵(6753) 一萬(5844) 元(60807) 如果(322121) 不(2282521) 可(307359) 開機(313) 或是(75906) 其他(189445) 品牌(16577) 的(16029838) 舊(32022) 電腦(38528) 則(254096) 可(307359) 抵(6753) 五千(4916) 元(60807) 以(547785) 鼓勵(27004) 消費(10821),"{'High': 48, 'Low': 2}","{'第5級': 4, 'Unknown': 7, '第3*級': 1, '第4*級': 7, '第2級': 7, '第6級': 3, '第4級': 3, '第1級': 10, '第3級': 2, '第1*級': 6}",1,Y,Y,N,Y
另外，現場也有「一元拍賣會」等多項促銷活動，由於業者會互相比價，因此真正價格在會場可能會再變化，業者說，以星期日人潮多時，最有可能再調降。,另外 現場 也 有 一 元 拍賣會 等 多 項 促銷 活動 由於 業者 會 互相 比價 因此 真正 價格 在 會場 可能 會 再 變化 業者 說 以 星期日 人潮 多 時 最 有 可能 再 調降,38,另外(48233) 現場(15949) 也(1590760) 有(2217079) 一(3701681) 元(60807) 拍賣會(406) 等(327380) 多(318992) 項(88887) 促銷(3230) 活動(85743) 由於(88111) 業者(6857) 會(1014977) 互相(23967) 比價(406) 因此(184606) 真正(77318) 價格(21121) 在(3284238) 會場(3419) 可能(271025) 會(1014977) 再(326207) 變化(42502) 業者(6857) 說(1285247) 以(547785) 星期日(1607) 人潮(2524) 多(318992) 時(623734) 最(421680) 有(2217079) 可能(271025) 再(326207) 調降(244),{'High': 38},"{'第3級': 1, '第4*級': 3, '第1級': 11, 'Unknown': 6, '第3*級': 2, '第5級': 3, '第6級': 1, '第2級': 1, '第1*級': 6, '第4級': 4}",2,Y,Y,N,N
最有可能再調降。,最 有 可能 再 調降,5,最(421680) 有(2217079) 可能(271025) 再(326207) 調降(244),{'High': 5},"{'第1*級': 2, '第1級': 2, 'Unknown': 1}",0,Y,N,N,N
畢卡索的繪畫不只是光影色彩的極致薈萃，當中還蘊藏著現代舞蹈、劇場與建築的靈魂。,畢卡索 的 繪畫 不 只 是 光影 色彩 的 極致 薈萃 當中 還 蘊藏 著 現代 舞蹈 劇場 與 建築 的 靈魂,22,畢卡索(2586) 的(16029838) 繪畫(14035) 不(2282521) 只(436725) 是(4642407) 光影(1449) 色彩(16026) 的(16029838) 極致(2289) 薈萃(185) 當中(28263) 還(625086) 蘊藏(1375) 著(1004687) 現代(40344) 舞蹈(6633) 劇場(6520) 與(968432) 建築(31065) 的(16029838) 靈魂(20244),{'High': 22},"{'Unknown': 4, '第1級': 5, '第5級': 2, '第1*級': 1, '第7級': 2, '第4*級': 3, '第6級': 3, '第3*級': 2}",1,Y,Y,N,Y
由中國時報、故宮博物院、帝門藝術共同主辦的畢卡索大展九月即將隆重登場，為了緬懷本世紀初期的藝術風華，美術、舞蹈、建築三位名家蔣勳、林懷民、黃永洪預計從八月下旬開始，在中國時報民權大樓時報廣場推出「畢卡索的世界」系列演講，呈現本世紀初期藝術家所爆發的光與熱。,由 中國時報 故宮 博物院 帝門 藝術 共同 主辦 的 畢卡索 大展 九月 即將 隆重 登場 為了 緬懷 本 世紀 初期 的 藝術 風華 美術 舞蹈 建築 三 位 名家 蔣勳 林懷民 黃永洪 預計 從 八月 下旬 開始 在 中國時報 民權 大樓 時報 廣場 推出 畢卡索 的 世界 系列 演講 呈現 本 世紀 初期 藝術家 所 爆發 的 光 與 熱,60,由(208604) 中國時報(1376) 故宮(5500) 博物院(2276) 帝門(31) 藝術(80645) 共同(36636) 主辦(2897) 的(16029838) 畢卡索(2586) 大展(942) 九月(15070) 即將(16780) 隆重(2142) 登場(2031) 為了(Unknown) 緬懷(741) 本(197156) 世紀(16204) 初期(11598) 的(16029838) 藝術(80645) 風華(637) 美術(4253) 舞蹈(6633) 建築(31065) 三(313861) 位(284809) 名家(1888) 蔣勳(205) 林懷民(562) 黃永洪(20) 預計(2295) 從(496546) 八月(15534) 下旬(1231) 開始(245562) 在(3284238) 中國時報(1376) 民權(1169) 大樓(7532) 時報(2089) 廣場(8418) 推出(10009) 畢卡索(2586) 的(16029838) 世界(165235) 系列(19048) 演講(16050) 呈現(26810) 本(197156) 世紀(16204) 初期(11598) 藝術家(26163) 所(527327) 爆發(11071) 的(16029838) 光(42738) 與(968432) 熱(19720),"{'High': 57, 'Low': 3}","{'第4*級': 3, 'Unknown': 19, '第6級': 7, '第4級': 6, '第5級': 6, '第1級': 9, '第7級': 3, '第1*級': 2, '第2級': 3, '第2*級': 1, '第3*級': 1}",8,Y,Y,N,Y
「這次的畢卡索大展正好接續了去年的黃金印象大展，不過對台灣觀眾而言更是一次考驗，因為長久以來，不論台灣民眾或學院對這個世紀初期的藝術風潮都缺乏清楚深入的認知。」,這 次 的 畢卡索 大展 正好 接續 了 去年 的 黃金 印象 大展 不過 對 台灣 觀眾 而言 更 是 一 次 考驗 因為 長久以來 不論 台灣 民眾 或 學院 對 這 個 世紀 初期 的 藝術 風潮 都 缺乏 清楚 深入 的 認知,44,這(2114032) 次(331701) 的(16029838) 畢卡索(2586) 大展(942) 正好(17036) 接續(1220) 了(3199291) 去年(9462) 的(16029838) 黃金(12988) 印象(24581) 大展(942) 不過(186226) 對(897964) 台灣(130718) 觀眾(31587) 而言(Unknown) 更(361676) 是(4642407) 一(3701681) 次(331701) 考驗(6900) 因為(425061) 長久以來(3338) 不論(28127) 台灣(130718) 民眾(17097) 或(478077) 學院(18658) 對(897964) 這(2114032) 個(2296574) 世紀(16204) 初期(11598) 的(16029838) 藝術(80645) 風潮(3018) 都(1125846) 缺乏(27750) 清楚(76185) 深入(18074) 的(16029838) 認知(22864),"{'High': 43, 'Low': 1}","{'第1級': 15, '第2級': 4, 'Unknown': 7, '第3*級': 1, '第7級': 1, '第5級': 4, '第4*級': 3, '第4級': 4, '第1*級': 1, '第6級': 3, '第3級': 1}",2,Y,Y,N,Y
蔣勳表示。,蔣勳 表示,2,蔣勳(205) 表示(74452),{'High': 2},"{'Unknown': 1, '第4*級': 1}",0,Y,N,N,Y
林懷民則強調，二十世紀開始的二十年間，人類的藝術進入最燦爛的世紀，「不論是自覺、直覺的展現，其中思想性都已達到巔峰，而二十世紀只不過是它的延伸而已。」,林懷民 則 強調 二十世紀 開始 的 二十 年 間 人類 的 藝術 進入 最 燦爛 的 世紀 不論 是 自覺 直覺 的 展現 其中 思想性 都 已 達到 巔峰 而 二十世紀 只不過 是 它 的 延伸 而已,37,林懷民(562) 則(254096) 強調(36095) 二十世紀(7890) 開始(245562) 的(16029838) 二十(32739) 年(514736) 間(115638) 人類(78855) 的(16029838) 藝術(80645) 進入(66885) 最(421680) 燦爛(4295) 的(16029838) 世紀(16204) 不論(28127) 是(4642407) 自覺(6196) 直覺(10498) 的(16029838) 展現(15289) 其中(95627) 思想性(119) 都(1125846) 已(215610) 達到(35670) 巔峰(1250) 而(937923) 二十世紀(7890) 只不過(11028) 是(4642407) 它(316854) 的(16029838) 延伸(6444) 而已(43005),{'High': 37},"{'Unknown': 7, '第5級': 3, '第2級': 1, '第1級': 9, '第4*級': 2, '第4級': 5, '第1*級': 2, '第6級': 6, '第3*級': 1, '第3級': 1}",5,Y,Y,N,Y
總結了兩人對這次「畢卡索大展及配合活動的期許。,總結 了 兩 人 對 這 次 畢卡索 大展 及 配合 活動 的 期許,14,總結(4512) 了(3199291) 兩(526190) 人(1550512) 對(897964) 這(2114032) 次(331701) 畢卡索(2586) 大展(942) 及(304586) 配合(17173) 活動(85743) 的(16029838) 期許(2423),{'High': 14},"{'第6級': 2, 'Unknown': 3, '第1級': 5, '第2級': 2, '第5級': 1, '第4*級': 1}",1,Y,Y,N,Y
蔣勳指出，從印象派肇始之後，人類的藝術思潮起了巨大的轉變，醞釀到二十世紀初期總爆發，而畢卡索就是關鍵人物，因為畢卡索不只體現了美術的轉變，而且和舞蹈、劇場、音樂關聯密切，代表了時代的精神。,蔣勳 指出 從 印象派 肇始 之後 人類 的 藝術 思潮 起 了 巨大 的 轉變 醞釀 到 二十世紀 初期 總 爆發 而 畢卡索 就 是 關鍵 人物 因為 畢卡索 不只 體現 了 美術 的 轉變 而且 和 舞蹈 劇場 音樂 關聯 密切 代表 了 時代 的 精神,47,蔣勳(205) 指出(38456) 從(496546) 印象派(1842) 肇始(348) 之後(190467) 人類(78855) 的(16029838) 藝術(80645) 思潮(2113) 起(96746) 了(3199291) 巨大(22154) 的(16029838) 轉變(11746) 醞釀(1928) 到(546906) 二十世紀(7890) 初期(11598) 總(46750) 爆發(11071) 而(937923) 畢卡索(2586) 就(1737544) 是(4642407) 關鍵(25952) 人物(52614) 因為(425061) 畢卡索(2586) 不只(20841) 體現(4392) 了(3199291) 美術(4253) 的(16029838) 轉變(11746) 而且(180402) 和(1338337) 舞蹈(6633) 劇場(6520) 音樂(48523) 關聯(9529) 密切(10538) 代表(58333) 了(3199291) 時代(74034) 的(16029838) 精神(79222),{'High': 47},"{'Unknown': 14, '第1*級': 2, '第4級': 3, '第4*級': 2, '第1級': 7, '第6級': 5, '第3*級': 2, '第5級': 9, '第2級': 2, '第3級': 1}",4,Y,Y,N,Y
舉例來說，畢卡索曾經為俄國芭蕾名家狄亞基列夫諸多芭蕾舞劇繪製服裝設計或佈景，其中包括法國作曲家薩替所譜寫的「遊行」()、俄國作曲家史特拉汶斯基的「普欽奈拉」()和西班牙作曲家法雅的「三角帽」等等。,舉例 來 說 畢卡索 曾經 為 俄國 芭蕾 名家 狄亞基列夫 諸多 芭蕾舞劇 繪製 服裝 設計 或 佈景 其中 包括 法國 作曲家 薩替 所 譜寫 的 遊行 俄國 作曲家 史特拉汶斯基 的 普欽奈拉 和 西班牙 作曲家 法雅 的 三角帽 等等,38,舉例(8344) 來(742183) 說(1285247) 畢卡索(2586) 曾經(52970) 為(761341) 俄國(7211) 芭蕾(749) 名家(1888) 狄亞基列夫(13) 諸多(6374) 芭蕾舞劇(120) 繪製(2306) 服裝(7264) 設計(59326) 或(478077) 佈景(1171) 其中(95627) 包括(74410) 法國(29029) 作曲家(2890) 薩替(Unknown) 所(527327) 譜寫(236) 的(16029838) 遊行(3347) 俄國(7211) 作曲家(2890) 史特拉汶斯基(170) 的(16029838) 普欽奈拉(Unknown) 和(1338337) 西班牙(7097) 作曲家(2890) 法雅(17) 的(16029838) 三角帽(34) 等等(38274),"{'High': 33, 'Low': 5}","{'第4*級': 4, '第1級': 6, 'Unknown': 16, '第4級': 3, '第7級': 1, '第6級': 2, '第3級': 1, '第3*級': 3, '第2級': 1, '第5級': 1}",10,Y,Y,N,Y
此外，史特拉汶斯基的「依底帕斯王」()第二次公演以及薩替的「水星」()首演時，都是由畢卡索擔任舞台設計。,此外 史特拉汶斯基 的 依底帕斯王 第二 次 公演 以及 薩替 的 水星 首演 時 都 是 由 畢卡索 擔任 舞台 設計,20,此外(30247) 史特拉汶斯基(170) 的(16029838) 依底帕斯王(Unknown) 第二(98741) 次(331701) 公演(721) 以及(155624) 薩替(Unknown) 的(16029838) 水星(429) 首演(858) 時(623734) 都(1125846) 是(4642407) 由(208604) 畢卡索(2586) 擔任(34825) 舞台(13305) 設計(59326),"{'High': 18, 'Low': 2}","{'第5級': 3, 'Unknown': 8, '第1級': 4, '第2級': 1, '第3*級': 1, '第4*級': 2, '第4級': 1}",3,Y,Y,N,Y
甚至連法國文豪羅曼.羅蘭的音樂劇「七月十四日」的首演舞台佈景也出自畢卡索之手。,甚至 連 法國 文豪 羅曼羅蘭 的 音樂劇 七月 十四日 的 首演 舞台 佈景 也 出自 畢卡索 之 手,18,甚至(122502) 連(91153) 法國(29029) 文豪(639) 羅曼羅蘭(22) 的(16029838) 音樂劇(587) 七月(15511) 十四日(2977) 的(16029838) 首演(858) 舞台(13305) 佈景(1171) 也(1590760) 出自(8364) 畢卡索(2586) 之(875481) 手(146361),"{'High': 17, 'Low': 1}","{'第4*級': 1, '第3*級': 1, '第1級': 4, '第7級': 1, 'Unknown': 7, '第4級': 1, '第5級': 2, '第1*級': 1}",4,Y,Y,N,Y
優游於這些澎湃的藝術浪潮中，蔣勳、林懷民與黃永洪都認為畢卡索體現了開放而多元的時代精神。,優游 於 這些 澎湃 的 藝術 浪潮 中 蔣勳 林懷民 與 黃永洪 都 認為 畢卡索 體現 了 開放 而 多元 的 時代 精神,23,優游(398) 於(327210) 這些(315113) 澎湃(1305) 的(16029838) 藝術(80645) 浪潮(2260) 中(1011729) 蔣勳(205) 林懷民(562) 與(968432) 黃永洪(20) 都(1125846) 認為(192030) 畢卡索(2586) 體現(4392) 了(3199291) 開放(17546) 而(937923) 多元(10941) 的(16029838) 時代(74034) 精神(79222),"{'High': 22, 'Low': 1}","{'Unknown': 8, '第5級': 3, '第7級': 1, '第1級': 3, '第4級': 2, '第6級': 2, '第4*級': 2, '第2級': 1, '第3*級': 1}",3,Y,Y,N,Y
蔣勳表示，尤其是畢卡索的立體主義作品，顛覆了傳統繪畫單純的物象呈現，進而探索人類的視覺層面。,蔣勳 表示 尤其 是 畢卡索 的 立體 主義 作品 顛覆 了 傳統 繪畫 單純 的 物象 呈現 進而 探索 人類 的 視覺 層面,23,蔣勳(205) 表示(74452) 尤其(50700) 是(4642407) 畢卡索(2586) 的(16029838) 立體(3178) 主義(82852) 作品(79492) 顛覆(3141) 了(3199291) 傳統(60517) 繪畫(14035) 單純(13665) 的(16029838) 物象(245) 呈現(26810) 進而(11043) 探索(15308) 人類(78855) 的(16029838) 視覺(16700) 層面(14492),{'High': 23},"{'Unknown': 5, '第4*級': 3, '第3*級': 1, '第1級': 4, '第6級': 6, '第5級': 3, '第3級': 1}",1,Y,Y,N,Y
林懷民也指出，畢卡索的立體主義作品等於回復繪畫的視覺原點，一如俄國舞蹈大家尼金斯基對現代舞蹈的啟發。,林懷民 也 指出 畢卡索 的 立體 主義 作品 等於 回復 繪畫 的 視覺 原點 一如 俄國 舞蹈 大家 尼金斯基 對 現代 舞蹈 的 啟發,24,林懷民(562) 也(1590760) 指出(38456) 畢卡索(2586) 的(16029838) 立體(3178) 主義(82852) 作品(79492) 等於(18149) 回復(2671) 繪畫(14035) 的(16029838) 視覺(16700) 原點(1105) 一如(8016) 俄國(7211) 舞蹈(6633) 大家(109692) 尼金斯基(61) 對(897964) 現代(40344) 舞蹈(6633) 的(16029838) 啟發(7283),"{'High': 23, 'Low': 1}","{'Unknown': 6, '第1級': 6, '第6級': 3, '第5級': 7, '第4級': 1, '第3*級': 1}",3,Y,N,N,Y
例如尼金斯基在「春之祭」、「牧神的午後」當中，把傳統芭蕾舞外張的站姿改為內傾、平行腳，這些與他從鄧肯所獲得的啟發結合，使舞蹈回復到探索肢體語言的原點與「原料處理」。,例如 尼金斯基 在 春 之 祭 牧神 的 午後 當中 把 傳統 芭蕾舞 外張 的 站姿 改為 內傾 平行 腳 這些 與 他 從 鄧肯 所 獲得 的 啟發 結合 使 舞蹈 回復到 探索 肢體 語言 的 原點 與 原料 處理,41,例如(72240) 尼金斯基(61) 在(3284238) 春(12629) 之(875481) 祭(3169) 牧神(63) 的(16029838) 午後(3147) 當中(28263) 把(617773) 傳統(60517) 芭蕾舞(533) 外張(3) 的(16029838) 站姿(296) 改為(6294) 內傾(13) 平行(3112) 腳(47795) 這些(315113) 與(968432) 他(2487930) 從(496546) 鄧肯(321) 所(527327) 獲得(54809) 的(16029838) 啟發(7283) 結合(22408) 使(197544) 舞蹈(6633) 回復到(703) 探索(15308) 肢體(5566) 語言(49871) 的(16029838) 原點(1105) 與(968432) 原料(4385) 處理(61797),"{'High': 37, 'Low': 4}","{'第3*級': 2, 'Unknown': 12, '第1*級': 2, '第2級': 4, '第5級': 6, '第6級': 4, '第1級': 6, '第3級': 1, '第4*級': 4}",3,Y,Y,N,Y
就好像畢卡索重新思考視覺層面，同代如康丁斯基等大家也讓繪畫回返幾何圖形、顏料等「原點」，藝術有了新的思考角度。,就 好像 畢卡索 重新 思考 視覺 層面 同 代 如 康丁斯基 等 大家 也 讓 繪畫 回返 幾何 圖形 顏料 等 原點 藝術 有 了 新 的 思考 角度,29,就(1737544) 好像(67024) 畢卡索(2586) 重新(44668) 思考(63031) 視覺(16700) 層面(14492) 同(102917) 代(39507) 如(195069) 康丁斯基(538) 等(327380) 大家(109692) 也(1590760) 讓(526314) 繪畫(14035) 回返(277) 幾何(3972) 圖形(4204) 顏料(2109) 等(327380) 原點(1105) 藝術(80645) 有(2217079) 了(3199291) 新(212453) 的(16029838) 思考(63031) 角度(26690),{'High': 29},"{'第1級': 6, '第2級': 2, 'Unknown': 9, '第5級': 4, '第4*級': 2, '第6級': 2, '第4級': 2, '第3*級': 2}",2,Y,Y,N,Y
而這些新的藝術思考有大量取材於東方藝術的靈感，展現包容而多元的精神。,而 這些 新 的 藝術 思考 有 大量 取材 於 東方 藝術 的 靈感 展現 包容 而 多元 的 精神,20,而(937923) 這些(315113) 新(212453) 的(16029838) 藝術(80645) 思考(63031) 有(2217079) 大量(28414) 取材(3507) 於(327210) 東方(14337) 藝術(80645) 的(16029838) 靈感(6325) 展現(15289) 包容(4035) 而(937923) 多元(10941) 的(16029838) 精神(79222),{'High': 20},"{'第5級': 5, 'Unknown': 2, '第1級': 5, '第4級': 2, '第4*級': 2, '第3*級': 2, '第6級': 2}",0,Y,Y,N,N
例如尼金斯基的舞姿脫胎自希臘、埃及陶罐上的畫像姿態，畢卡索的立體主義和中國繪畫當中的捲軸、立軸精神相通。,例如 尼金斯基 的 舞姿 脫胎 自 希臘 埃及 陶罐 上 的 畫像 姿態 畢卡索 的 立體 主義 和 中國 繪畫 當中 的 捲軸 立軸 精神 相通,26,例如(72240) 尼金斯基(61) 的(16029838) 舞姿(393) 脫胎(256) 自(59676) 希臘(8913) 埃及(7543) 陶罐(462) 上(1233218) 的(16029838) 畫像(3364) 姿態(9125) 畢卡索(2586) 的(16029838) 立體(3178) 主義(82852) 和(1338337) 中國(214840) 繪畫(14035) 當中(28263) 的(16029838) 捲軸(124) 立軸(42) 精神(79222) 相通(2232),"{'High': 24, 'Low': 2}","{'第3*級': 3, 'Unknown': 8, '第1級': 6, '第5級': 6, '第6級': 3}",2,Y,Y,N,Y
黃永洪表示，根據這種多元而民主的精神，德國密斯凡德羅、法國柯比義等建築名家開創建築新格局，諸如玻璃的反光、鋼材的交疊，與畢卡索的立體主義都可找到呼應的觀點。,黃永洪 表示 根據 這 種 多元 而 民主 的 精神 德國 密斯凡德羅 法國 柯比義 等 建築 名家 開創 建築 新 格局 諸如 玻璃 的 反光 鋼材 的 交疊 與 畢卡索 的 立體 主義 都 可 找到 呼應 的 觀點,39,黃永洪(20) 表示(74452) 根據(51908) 這(2114032) 種(701563) 多元(10941) 而(937923) 民主(18177) 的(16029838) 精神(79222) 德國(22936) 密斯凡德羅(Unknown) 法國(29029) 柯比義(Unknown) 等(327380) 建築(31065) 名家(1888) 開創(4587) 建築(31065) 新(212453) 格局(3549) 諸如(7312) 玻璃(11698) 的(16029838) 反光(497) 鋼材(230) 的(16029838) 交疊(815) 與(968432) 畢卡索(2586) 的(16029838) 立體(3178) 主義(82852) 都(1125846) 可(307359) 找到(65281) 呼應(4191) 的(16029838) 觀點(38495),"{'Low': 3, 'High': 36}","{'Unknown': 7, '第4*級': 6, '第1級': 9, '第5級': 5, '第4級': 2, '第3*級': 2, '第2級': 2, '第7級': 2, '第6級': 4}",4,Y,Y,N,Y
蔣勳、林懷民、黃永洪邀請民眾在世紀末一起品味這個時代的藝術光彩。,蔣勳 林懷民 黃永洪 邀請 民眾 在 世紀 末 一起 品味 這 個 時代 的 藝術 光彩,16,蔣勳(205) 林懷民(562) 黃永洪(20) 邀請(14342) 民眾(17097) 在(3284238) 世紀(16204) 末(16354) 一起(79297) 品味(5677) 這(2114032) 個(2296574) 時代(74034) 的(16029838) 藝術(80645) 光彩(2967),"{'High': 15, 'Low': 1}","{'Unknown': 3, '第4級': 3, '第4*級': 3, '第1*級': 1, '第1級': 4, '第5級': 1, '第6級': 1}",2,Y,N,N,Y
「畢卡索的世界」共有十二場演講，分為上、下兩期，即日起接受報名，每期酌收費用一千兩百元，並可獲贈九月份「畢卡索大展」參觀門票兩張，同時報名兩期另有優待。,畢卡索 的 世界 共有 十二 場 演講 分為 上 下 兩 期 即日 起 接受 報名 每 期 酌收 費用 一千兩百 元 並 可 獲贈 九月份 畢卡索 大展 參觀 門票 兩 張 同時 報名 兩 期 另 有 優待,39,畢卡索(2586) 的(16029838) 世界(165235) 共有(692) 十二(22310) 場(68915) 演講(16050) 分為(11069) 上(1233218) 下(329549) 兩(526190) 期(14058) 即日(520) 起(96746) 接受(84729) 報名(1789) 每(333357) 期(14058) 酌收(29) 費用(10652) 一千兩百(300) 元(60807) 並(442790) 可(307359) 獲贈(130) 九月份(103) 畢卡索(2586) 大展(942) 參觀(9034) 門票(1074) 兩(526190) 張(99414) 同時(115305) 報名(1789) 兩(526190) 期(14058) 另(138369) 有(2217079) 優待(791),"{'High': 38, 'Low': 1}","{'Unknown': 14, '第1級': 7, '第2級': 2, '第4級': 5, '第1*級': 3, '第3*級': 3, '第4*級': 2, '第2*級': 1, '第3級': 1, '第6級': 1}",4,Y,Y,N,Y
此外，本報同時邀請民眾擔任「畢卡索大展」義工，義工聽講可獲免費或特價優惠。,此外 本報 同時 邀請 民眾 擔任 畢卡索 大展 義工 義工 聽講 可 獲 免費 或 特價 優惠,17,此外(30247) 本報(Unknown) 同時(115305) 邀請(14342) 民眾(17097) 擔任(34825) 畢卡索(2586) 大展(942) 義工(2119) 義工(2119) 聽講(754) 可(307359) 獲(11610) 免費(6101) 或(478077) 特價(303) 優惠(1810),"{'High': 16, 'Low': 1}","{'第5級': 5, 'Unknown': 4, '第3*級': 1, '第4級': 2, '第4*級': 2, '第7級': 1, '第3級': 1, '第6級': 1}",1,Y,Y,N,Y
義工聽講可獲免費或特價優惠。,義工 聽講 可 獲 免費 或 特價 優惠,8,義工(2119) 聽講(754) 可(307359) 獲(11610) 免費(6101) 或(478077) 特價(303) 優惠(1810),{'High': 8},"{'第5級': 2, '第7級': 1, '第4*級': 1, '第4級': 1, '第3級': 1, 'Unknown': 1, '第6級': 1}",0,Y,Y,N,N
八月一日起自歐洲進口烈酒的公賣利益將大幅調降，法國干邑、雅馬邑白蘭地每瓶調降三百八十二.五元，高價蘇格蘭及愛爾蘭威士忌調降六十七.五元，平價威士忌調降一百八十一.五元。,八月 一日 起 自 歐洲 進口 烈酒 的 公賣 利益 將 大幅 調降 法國 干邑 雅馬邑白蘭地 每 瓶 調降 三百八十二五 元 高價 蘇格蘭 及 愛爾蘭 威士忌 調降 六十七五 元 平價 威士忌 調降 一百八十一五 元,34,八月(15534) 一日(5343) 起(96746) 自(59676) 歐洲(24026) 進口(5751) 烈酒(582) 的(16029838) 公賣(52) 利益(25126) 將(448374) 大幅(6731) 調降(244) 法國(29029) 干邑(52) 雅馬邑白蘭地(Unknown) 每(333357) 瓶(9509) 調降(244) 三百八十二五(Unknown) 元(60807) 高價(1430) 蘇格蘭(2746) 及(304586) 愛爾蘭(2131) 威士忌(1755) 調降(244) 六十七五(Unknown) 元(60807) 平價(522) 威士忌(1755) 調降(244) 一百八十一五(Unknown) 元(60807),"{'High': 28, 'Low': 6}","{'Unknown': 16, '第3*級': 2, '第5級': 5, '第4級': 1, '第7級': 1, '第1級': 5, '第6級': 2, '第1*級': 1, '第2*級': 1}",8,Y,Y,N,Y
國庫署長張秀蓮三十日表示，菸酒稅法與菸酒管理法若在九月底前順利完成立法，明年元月一日起將可廢除菸酒專賣，回歸正常稅制，改課徵菸酒稅、關稅和營業稅，並分三階段開放菸酒的製造。,國庫 署長 張秀蓮 三十日 表示 菸酒 稅法 與 菸酒 管理法 若 在 九月 底 前 順利 完成 立法 明年 元月 一日 起 將 可 廢除 菸酒 專賣 回歸 正常 稅制 改 課徵 菸酒稅 關稅 和 營業稅 並 分 三 階段 開放 菸酒 的 製造,44,國庫(1274) 署長(810) 張秀蓮(Unknown) 三十日(2134) 表示(74452) 菸酒(290) 稅法(490) 與(968432) 菸酒(290) 管理法(36) 若(92766) 在(3284238) 九月(15070) 底(37174) 前(272709) 順利(17708) 完成(60471) 立法(3759) 明年(3059) 元月(856) 一日(5343) 起(96746) 將(448374) 可(307359) 廢除(3114) 菸酒(290) 專賣(904) 回歸(6257) 正常(28865) 稅制(393) 改(12785) 課徵(417) 菸酒稅(1) 關稅(1443) 和(1338337) 營業稅(145) 並(442790) 分(62224) 三(313861) 階段(35628) 開放(17546) 菸酒(290) 的(16029838) 製造(28512),"{'High': 41, 'Low': 3}","{'第7級': 2, 'Unknown': 18, '第4*級': 7, '第1*級': 2, '第3*級': 4, '第1級': 4, '第4級': 2, '第6級': 3, '第5級': 2}",5,Y,Y,N,Y
明年烈酒價格可能比年底這段期間的價格稍稍上揚。,明年 烈酒 價格 可能 比 年底 這 段 期間 的 價格 稍稍 上揚,13,明年(3059) 烈酒(582) 價格(21121) 可能(271025) 比(170486) 年底(2450) 這(2114032) 段(95980) 期間(32981) 的(16029838) 價格(21121) 稍稍(3365) 上揚(1069),{'High': 13},"{'第1*級': 2, '第7級': 1, '第4級': 3, '第1級': 3, 'Unknown': 2, '第4*級': 1, '第6級': 1}",0,Y,N,N,N
由於我國日前與歐洲聯盟正式簽訂世界貿易組織入會議定書，財政部發函給公賣局，自八月一日起調降進口烈酒公賣利益，現行干邑、雅馬邑白蘭地每公升課徵一千元，其他白蘭地每公升課徵五百元，八月一日起一律調降為四百九十元。,由於 我國 日前 與 歐洲 聯盟 正式 簽訂 世界 貿易 組織 入會 議定書 財政部 發函 給 公賣局 自 八月 一日 起 調降 進口 烈酒 公賣 利益 現行 干邑 雅馬邑白蘭地 每 公升 課徵 一千 元 其他 白蘭地 每 公升 課徵 五百 元 八月 一日 起 一律 調降為 四百九十 元,48,由於(88111) 我國(7225) 日前(1738) 與(968432) 歐洲(24026) 聯盟(7935) 正式(23229) 簽訂(3196) 世界(165235) 貿易(16952) 組織(69485) 入會(584) 議定書(133) 財政部(1822) 發函(102) 給(240485) 公賣局(204) 自(59676) 八月(15534) 一日(5343) 起(96746) 調降(244) 進口(5751) 烈酒(582) 公賣(52) 利益(25126) 現行(1947) 干邑(52) 雅馬邑白蘭地(Unknown) 每(333357) 公升(890) 課徵(417) 一千(8320) 元(60807) 其他(189445) 白蘭地(1147) 每(333357) 公升(890) 課徵(417) 五百(7028) 元(60807) 八月(15534) 一日(5343) 起(96746) 一律(4178) 調降為(7) 四百九十(21) 元(60807),"{'High': 43, 'Low': 5}","{'第4*級': 3, 'Unknown': 21, '第7級': 2, '第3*級': 4, '第5級': 6, '第6級': 3, '第2級': 2, '第1級': 4, '第4級': 1, '第1*級': 2}",7,Y,Y,N,Y
在威士忌方面，蘇格蘭及愛爾蘭威士忌每公升四百四十元，按進口價分別降至三百五十元或一百九十八元，進口價每公升超過七美元者，課徵三百五十元公賣利益；若進口價格每公升在七美元以下者，調降為一百九十八元，其他威士忌仍維持每公升一百九十八元。,在 威士忌 方面 蘇格蘭 及 愛爾蘭 威士忌 每 公升 四百四十 元 按 進口價 分別 降至 三百五十 元 或 一百九十八 元 進口價 每 公升 超過 七 美元 者 課徵 三百五十 元 公賣 利益 若 進口 價格 每 公升 在 七 美元 以下 者 調降為 一百九十八 元 其他 威士忌 仍 維持 每 公升 一百九十八 元,53,在(3284238) 威士忌(1755) 方面(75079) 蘇格蘭(2746) 及(304586) 愛爾蘭(2131) 威士忌(1755) 每(333357) 公升(890) 四百四十(35) 元(60807) 按(31532) 進口價(2) 分別(25566) 降至(862) 三百五十(394) 元(60807) 或(478077) 一百九十八(27) 元(60807) 進口價(2) 每(333357) 公升(890) 超過(30507) 七(59385) 美元(27307) 者(423504) 課徵(417) 三百五十(394) 元(60807) 公賣(52) 利益(25126) 若(92766) 進口(5751) 價格(21121) 每(333357) 公升(890) 在(3284238) 七(59385) 美元(27307) 以下(29388) 者(423504) 調降為(7) 一百九十八(27) 元(60807) 其他(189445) 威士忌(1755) 仍(92056) 維持(31284) 每(333357) 公升(890) 一百九十八(27) 元(60807),"{'High': 45, 'Low': 8}","{'第1*級': 6, 'Unknown': 19, '第3*級': 2, '第5級': 7, '第6級': 1, '第1級': 8, '第4級': 7, '第4*級': 1, '第3級': 1, '第2級': 1}",14,Y,Y,N,N
張秀蓮指出，本次調降公賣利益之後，國內消費者可以購買到比較便宜的進口烈酒，例如法國干邑、雅馬邑白蘭地每瓶0.七五公升的公賣利益減少三百八十二.五元，高價蘇格蘭及愛爾蘭威士忌每瓶調降六十七.五元，平價威士忌每瓶調降一百八十一.五元；依照我國與歐聯的議定書，明年元月若公賣利益制度仍未廢除，自歐洲進口的烈酒將取消差別待遇，不論威士忌或白蘭地的公賣利益都調整為每公升一百九十八元，預計每年公賣利益減少三億多元。,張秀蓮 指出 本 次 調降 公賣 利益 之後 國內 消費者 可以 購買到 比較 便宜 的 進口 烈酒 例如 法國 干邑 雅馬邑白蘭地 每 瓶 0七五 公升 的 公賣 利益 減少 三百八十二五 元 高價 蘇格蘭 及 愛爾蘭 威士忌 每 瓶 調降 六十七五 元 平價 威士忌 每 瓶 調降 一百八十一五 元 依照 我國 與 歐聯 的 議定書 明年 元月 若 公賣 利益 制度 仍 未 廢除 自 歐洲 進口 的 烈酒 將 取消 差別 待遇 不論 威士忌 或 白蘭地 的 公賣 利益 都 調整為 每 公升 一百九十八 元 預計 每 年 公賣 利益 減少 三億多 元,93,張秀蓮(Unknown) 指出(38456) 本(197156) 次(331701) 調降(244) 公賣(52) 利益(25126) 之後(190467) 國內(17537) 消費者(15236) 可以(560531) 購買到(53) 比較(112212) 便宜(8506) 的(16029838) 進口(5751) 烈酒(582) 例如(72240) 法國(29029) 干邑(52) 雅馬邑白蘭地(Unknown) 每(333357) 瓶(9509) 0七五(Unknown) 公升(890) 的(16029838) 公賣(52) 利益(25126) 減少(22815) 三百八十二五(Unknown) 元(60807) 高價(1430) 蘇格蘭(2746) 及(304586) 愛爾蘭(2131) 威士忌(1755) 每(333357) 瓶(9509) 調降(244) 六十七五(Unknown) 元(60807) 平價(522) 威士忌(1755) 每(333357) 瓶(9509) 調降(244) 一百八十一五(Unknown) 元(60807) 依照(10488) 我國(7225) 與(968432) 歐聯(18) 的(16029838) 議定書(133) 明年(3059) 元月(856) 若(92766) 公賣(52) 利益(25126) 制度(37973) 仍(92056) 未(101927) 廢除(3114) 自(59676) 歐洲(24026) 進口(5751) 的(16029838) 烈酒(582) 將(448374) 取消(5437) 差別(10648) 待遇(5311) 不論(28127) 威士忌(1755) 或(478077) 白蘭地(1147) 的(16029838) 公賣(52) 利益(25126) 都(1125846) 調整為(215) 每(333357) 公升(890) 一百九十八(27) 元(60807) 預計(2295) 每(333357) 年(514736) 公賣(52) 利益(25126) 減少(22815) 三億多(28) 元(60807),"{'Low': 16, 'High': 77}","{'Unknown': 31, '第1級': 15, '第2級': 2, '第5級': 17, '第4級': 9, '第1*級': 7, '第7級': 2, '第3*級': 2, '第2*級': 3, '第6級': 2, '第4*級': 2, '第3級': 1}",18,Y,Y,N,Y
由於菸酒稅法與菸酒管理法已經在立法院審議多年，目前爭議不大，張秀蓮表示，財政部希望這二項法案能夠在立法院新會議開議之後列入優先法案，順利在九月底前完成立法，國庫署需要三個月的籌備期，預計明年元月一日可以正式廢止菸酒專賣制度，回歸正常稅制，並且分三階段開放菸酒的製造。,由於 菸酒 稅法 與 菸酒 管理法 已經 在 立法院 審議 多 年 目前 爭議 不 大 張秀蓮 表示 財政部 希望 這 二 項 法案 能夠 在 立法院 新 會議 開議 之後 列入 優先 法案 順利 在 九月 底 前 完成 立法 國庫署 需要 三 個 月 的 籌備期 預計 明年 元月 一日 可以 正式 廢止 菸酒 專賣 制度 回歸 正常 稅制 並且 分 三 階段 開放 菸酒 的 製造,69,由於(88111) 菸酒(290) 稅法(490) 與(968432) 菸酒(290) 管理法(36) 已經(245160) 在(3284238) 立法院(1934) 審議(1267) 多(318992) 年(514736) 目前(48695) 爭議(7127) 不(2282521) 大(525780) 張秀蓮(Unknown) 表示(74452) 財政部(1822) 希望(119975) 這(2114032) 二(152494) 項(88887) 法案(3015) 能夠(96422) 在(3284238) 立法院(1934) 新(212453) 會議(30698) 開議(59) 之後(190467) 列入(3205) 優先(6299) 法案(3015) 順利(17708) 在(3284238) 九月(15070) 底(37174) 前(272709) 完成(60471) 立法(3759) 國庫署(8) 需要(166793) 三(313861) 個(2296574) 月(148997) 的(16029838) 籌備期(18) 預計(2295) 明年(3059) 元月(856) 一日(5343) 可以(560531) 正式(23229) 廢止(1101) 菸酒(290) 專賣(904) 制度(37973) 回歸(6257) 正常(28865) 稅制(393) 並且(60996) 分(62224) 三(313861) 階段(35628) 開放(17546) 菸酒(290) 的(16029838) 製造(28512),"{'High': 64, 'Low': 5}","{'第4*級': 6, 'Unknown': 18, '第2級': 3, '第1*級': 4, '第7級': 2, '第1級': 16, '第4級': 7, '第5級': 5, '第6級': 5, '第3*級': 3}",7,Y,Y,N,Y
國庫署官員指出，在烈酒價格方面，菸酒稅法中是從量課稅，每公升一百七十元，如果加上關稅與營業稅，每公升稅負可能超過現在的一百九十八元，初步推算，明年菸酒市場開放之後，烈酒的價格可能比年底的價格稍微上揚。,國庫署 官員 指出 在 烈酒 價格 方面 菸酒 稅法 中 是 從 量 課稅 每 公升 一百七十 元 如果 加上 關稅 與 營業稅 每 公升 稅負 可能 超過 現在 的 一百九十八 元 初步 推算 明年 菸酒 市場 開放 之後 烈酒 的 價格 可能 比 年底 的 價格 稍微 上揚,49,國庫署(8) 官員(31382) 指出(38456) 在(3284238) 烈酒(582) 價格(21121) 方面(75079) 菸酒(290) 稅法(490) 中(1011729) 是(4642407) 從(496546) 量(9581) 課稅(595) 每(333357) 公升(890) 一百七十(257) 元(60807) 如果(322121) 加上(38121) 關稅(1443) 與(968432) 營業稅(145) 每(333357) 公升(890) 稅負(169) 可能(271025) 超過(30507) 現在(218744) 的(16029838) 一百九十八(27) 元(60807) 初步(3730) 推算(1103) 明年(3059) 菸酒(290) 市場(65023) 開放(17546) 之後(190467) 烈酒(582) 的(16029838) 價格(21121) 可能(271025) 比(170486) 年底(2450) 的(16029838) 價格(21121) 稍微(10634) 上揚(1069),"{'Low': 2, 'High': 47}","{'Unknown': 13, '第4*級': 2, '第1*級': 6, '第7級': 4, '第4級': 6, '第3*級': 1, '第1級': 9, '第5級': 4, '第2級': 2, '第3級': 1, '第6級': 1}",4,Y,Y,N,N
如果明年元月未廢除菸酒專賣制度，那麼烈酒的公賣利益一律為每公升一百九十八元，就法國干邑白蘭地而言，消費者在明年反而可以買到便宜貨。,如果 明年 元月 未 廢除 菸酒 專賣 制度 那麼 烈酒 的 公賣 利益 一律 為 每 公升 一百九十八 元 就 法國 干邑 白蘭地 而言 消費者 在 明年 反而 可以 買到 便宜貨,31,如果(322121) 明年(3059) 元月(856) 未(101927) 廢除(3114) 菸酒(290) 專賣(904) 制度(37973) 那麼(127785) 烈酒(582) 的(16029838) 公賣(52) 利益(25126) 一律(4178) 為(761341) 每(333357) 公升(890) 一百九十八(27) 元(60807) 就(1737544) 法國(29029) 干邑(52) 白蘭地(1147) 而言(Unknown) 消費者(15236) 在(3284238) 明年(3059) 反而(39627) 可以(560531) 買到(3290) 便宜貨(188),"{'High': 27, 'Low': 4}","{'第2級': 2, '第1*級': 4, 'Unknown': 11, '第5級': 5, '第6級': 2, '第4級': 1, '第7級': 1, '第1級': 5}",4,Y,Y,N,N
消費者在明年反而可以買到便宜貨。,消費者 在 明年 反而 可以 買到 便宜貨,7,消費者(15236) 在(3284238) 明年(3059) 反而(39627) 可以(560531) 買到(3290) 便宜貨(188),{'High': 7},"{'第5級': 2, '第1*級': 2, '第1級': 1, 'Unknown': 2}",2,Y,Y,N,N
日圓三十日再度貶破一四二兌一美元。,日圓 三十日 再度 貶 破 一四二 兌 一 美元,9,日圓(3849) 三十日(2134) 再度(22234) 貶(2033) 破(13962) 一四二(31) 兌(1686) 一(3701681) 美元(27307),"{'High': 8, 'Low': 1}","{'第4級': 2, 'Unknown': 3, '第5級': 1, '第7級': 1, '第3級': 1, '第1級': 1}",2,Y,N,N,N
新台幣雖在開盤後一路走低，卻在接近尾盤前出現變盤，以三十四點三三兌一美元作收，反升零點二分。,新台幣 雖 在 開盤 後 一路 走低 卻 在 接近 尾盤 前 出現 變盤 以 三十四點三三 兌 一 美元 作收 反 升 零點二 分,24,新台幣(1741) 雖(48164) 在(3284238) 開盤(139) 後(422857) 一路(14840) 走低(62) 卻(333007) 在(3284238) 接近(24049) 尾盤(51) 前(272709) 出現(124694) 變盤(2) 以(547785) 三十四點三三(Unknown) 兌(1686) 一(3701681) 美元(27307) 作收(78) 反(44292) 升(7087) 零點二(25) 分(62224),"{'High': 18, 'Low': 6}","{'第4級': 4, '第2級': 1, '第1*級': 2, '第6級': 2, '第1級': 4, 'Unknown': 7, '第4*級': 2, '第5級': 2}",3,Y,Y,N,N
匯銀人士透露，被中央銀行點名內部控管有執行問題的花旗銀行，三十日配合政策在台北匯市拋出美元，加上央行順勢引導，才使新台幣反貶為升。,匯銀 人士 透露 被 中央 銀行 點名 內部 控管 有 執行 問題 的 花旗 銀行 三十日 配合 政策 在 台北 匯市 拋出 美元 加上 央行 順勢 引導 才 使 新台幣 反 貶 為 升,34,匯銀(2) 人士(27666) 透露(7366) 被(540683) 中央(46180) 銀行(33825) 點名(1244) 內部(20578) 控管(788) 有(2217079) 執行(25364) 問題(280782) 的(16029838) 花旗(739) 銀行(33825) 三十日(2134) 配合(17173) 政策(30965) 在(3284238) 台北(22242) 匯市(122) 拋出(1052) 美元(27307) 加上(38121) 央行(1155) 順勢(2175) 引導(12862) 才(394539) 使(197544) 新台幣(1741) 反(44292) 貶(2033) 為(761341) 升(7087),"{'Low': 1, 'High': 33}","{'Unknown': 9, '第5級': 7, '第2級': 4, '第7級': 2, '第1級': 3, '第4*級': 3, '第1*級': 1, '第4級': 2, '第3級': 1, '第6級': 2}",2,Y,Y,N,Y
不過央行仍強調，昨天升值是出口商賣單湧出所致。,不過 央行 仍 強調 昨天 升值 是 出口商 賣單 湧出 所致,11,不過(186226) 央行(1155) 仍(92056) 強調(36095) 昨天(12735) 升值(926) 是(4642407) 出口商(160) 賣單(14) 湧出(1659) 所致(723),"{'High': 10, 'Low': 1}","{'第2級': 1, 'Unknown': 5, '第4級': 1, '第5級': 1, '第1級': 2, '第6級': 1}",1,Y,Y,N,N
日圓昨天在進一步傳出大藏大臣將由前首相宮澤喜一擔任後，再度急貶，東京匯市終場以一四二點四兌一美元作收。,日圓 昨天 在 進一步 傳出 大藏 大臣 將 由 前 首相 宮澤喜一 擔任 後 再度 急 貶 東京 匯市 終場 以 一四二點四 兌 一 美元 作收,26,日圓(3849) 昨天(12735) 在(3284238) 進一步(25130) 傳出(4421) 大藏(106) 大臣(25497) 將(448374) 由(208604) 前(272709) 首相(2683) 宮澤喜一(9) 擔任(34825) 後(422857) 再度(22234) 急(20730) 貶(2033) 東京(13670) 匯市(122) 終場(135) 以(547785) 一四二點四(Unknown) 兌(1686) 一(3701681) 美元(27307) 作收(78),"{'High': 23, 'Low': 3}","{'第4級': 2, '第1級': 4, '第1*級': 1, '第4*級': 2, 'Unknown': 8, '第7級': 2, '第5級': 4, '第6級': 2, '第3級': 1}",3,Y,N,N,Y
新台幣上午傳出日圓再貶，盤勢跟著日圓反應，但市場因持續有美元賣單湧出，使貶值幅度縮小。,新台幣 上午 傳出 日圓 再 貶 盤勢 跟 著 日圓 反應 但 市場 因 持續 有 美元 賣單 湧出 使 貶值 幅度 縮小,23,新台幣(1741) 上午(6241) 傳出(4421) 日圓(3849) 再(326207) 貶(2033) 盤勢(15) 跟(260280) 著(1004687) 日圓(3849) 反應(53196) 但(597124) 市場(65023) 因(119364) 持續(33796) 有(2217079) 美元(27307) 賣單(14) 湧出(1659) 使(197544) 貶值(1452) 幅度(1908) 縮小(3774),"{'High': 21, 'Low': 2}","{'第4級': 5, '第1級': 2, 'Unknown': 6, '第1*級': 2, '第7級': 1, '第2級': 2, '第4*級': 1, '第5級': 2, '第6級': 2}",1,Y,Y,N,N
匯銀人士透露，由於花旗銀行一再遭央行及財政部「盯上」，為減少麻煩，昨天「非常配合政策」，從開盤不久就持續拋匯抑制新台幣下挫。,匯銀 人士 透露 由於 花旗 銀行 一再 遭 央行 及 財政部 盯上 為 減少 麻煩 昨天 非常 配合 政策 從 開盤 不久 就 持續 拋匯 抑制 新台幣 下挫,28,匯銀(2) 人士(27666) 透露(7366) 由於(88111) 花旗(739) 銀行(33825) 一再(12315) 遭(18764) 央行(1155) 及(304586) 財政部(1822) 盯上(315) 為(761341) 減少(22815) 麻煩(19949) 昨天(12735) 非常(152032) 配合(17173) 政策(30965) 從(496546) 開盤(139) 不久(34049) 就(1737544) 持續(33796) 拋匯(Unknown) 抑制(6076) 新台幣(1741) 下挫(124),"{'Low': 2, 'High': 26}","{'Unknown': 9, '第5級': 3, '第4*級': 5, '第2級': 1, '第7級': 1, '第4級': 2, '第2*級': 1, '第1級': 2, '第1*級': 2, '第6級': 2}",2,Y,Y,N,Y
花旗銀行外匯交易員隨後也承認，他們確實很配合政策，且賣出了「一些」美元，但正確的拋匯金額花旗不願透露。,花旗 銀行 外匯 交易員 隨後 也 承認 他們 確實 很 配合 政策 且 賣出 了 一些 美元 但 正確 的 拋匯 金額 花旗 不 願 透露,26,花旗(739) 銀行(33825) 外匯(4730) 交易員(290) 隨後(11299) 也(1590760) 承認(25871) 他們(716752) 確實(36977) 很(715675) 配合(17173) 政策(30965) 且(67015) 賣出(3070) 了(3199291) 一些(156929) 美元(27307) 但(597124) 正確(36593) 的(16029838) 拋匯(Unknown) 金額(5087) 花旗(739) 不(2282521) 願(30213) 透露(7366),"{'High': 25, 'Low': 1}","{'Unknown': 6, '第2級': 2, '第6級': 3, '第1級': 5, '第4*級': 3, '第5級': 3, '第3級': 1, '第1*級': 1, '第4級': 2}",1,Y,Y,N,Y
匯銀人士表示，除了花旗的賣匯，中央銀行也在台北匯市接近尾盤前進場引導新台幣，使新台幣在尾盤前反貶為升，以三十四點三三兌一美元作收。,匯銀 人士 表示 除了 花旗 的 賣匯 中央 銀行 也 在 台北 匯市 接近 尾盤 前 進場 引導 新台幣 使 新台幣 在 尾盤 前 反 貶 為 升 以 三十四點三三 兌 一 美元 作收,34,匯銀(2) 人士(27666) 表示(74452) 除了(75964) 花旗(739) 的(16029838) 賣匯(Unknown) 中央(46180) 銀行(33825) 也(1590760) 在(3284238) 台北(22242) 匯市(122) 接近(24049) 尾盤(51) 前(272709) 進場(1071) 引導(12862) 新台幣(1741) 使(197544) 新台幣(1741) 在(3284238) 尾盤(51) 前(272709) 反(44292) 貶(2033) 為(761341) 升(7087) 以(547785) 三十四點三三(Unknown) 兌(1686) 一(3701681) 美元(27307) 作收(78),"{'Low': 6, 'High': 28}","{'Unknown': 11, '第5級': 5, '第4*級': 3, '第3*級': 1, '第1級': 5, '第2級': 1, '第1*級': 2, '第7級': 2, '第6級': 1, '第4級': 3}",3,Y,N,N,Y
成交量則擴大到二億八千一百五十萬美元，連同元太外匯市場的一億一千萬美元，總計昨天外匯市場成交量近四億美元，是近來少見的大量。,成交量 則 擴大到 二億八千一百五十萬 美元 連同 元太 外匯 市場 的 一億一千萬 美元 總計 昨天 外匯 市場 成交量 近 四億 美元 是 近來 少見 的 大量,25,成交量(874) 則(254096) 擴大到(341) 二億八千一百五十萬(Unknown) 美元(27307) 連同(2714) 元太(2) 外匯(4730) 市場(65023) 的(16029838) 一億一千萬(23) 美元(27307) 總計(1784) 昨天(12735) 外匯(4730) 市場(65023) 成交量(874) 近(43555) 四億(298) 美元(27307) 是(4642407) 近來(3822) 少見(3509) 的(16029838) 大量(28414),"{'High': 22, 'Low': 3}","{'Unknown': 9, '第5級': 2, '第4級': 3, '第6級': 3, '第2級': 3, '第1級': 4, '第4*級': 1}",5,Y,N,N,Y
不過央行官員則強調，昨天新台幣早盤是反應日圓貶值情勢而下滑，但接近尾盤前，出口商「看到新台幣和日圓確實如央行所說的已經脫鉤」，因此拋出美元，使新台幣反貶為升。,不過 央行 官員 則 強調 昨天 新台幣 早盤 是 反應 日圓 貶值 情勢 而 下滑 但 接近 尾盤 前 出口商 看到 新台幣 和 日圓 確實 如 央行 所 說 的 已經 脫鉤 因此 拋出 美元 使 新台幣 反 貶 為 升,41,不過(186226) 央行(1155) 官員(31382) 則(254096) 強調(36095) 昨天(12735) 新台幣(1741) 早盤(2) 是(4642407) 反應(53196) 日圓(3849) 貶值(1452) 情勢(7256) 而(937923) 下滑(1435) 但(597124) 接近(24049) 尾盤(51) 前(272709) 出口商(160) 看到(159419) 新台幣(1741) 和(1338337) 日圓(3849) 確實(36977) 如(195069) 央行(1155) 所(527327) 說(1285247) 的(16029838) 已經(245160) 脫鉤(124) 因此(184606) 拋出(1052) 美元(27307) 使(197544) 新台幣(1741) 反(44292) 貶(2033) 為(761341) 升(7087),"{'High': 39, 'Low': 2}","{'第2級': 4, 'Unknown': 10, '第4*級': 4, '第5級': 7, '第1級': 5, '第4級': 7, '第6級': 2, '第1*級': 1, '第7級': 1}",4,Y,Y,N,N
央行強調，每年七、八月都是出口商拋匯旺季，在季節性因素下，新台幣此時一向都具有向上的壓力。,央行 強調 每 年 七 八月 都 是 出口商 拋匯 旺季 在 季節性 因素 下 新台幣 此時 一向 都 具有 向 上 的 壓力,24,央行(1155) 強調(36095) 每(333357) 年(514736) 七(59385) 八月(15534) 都(1125846) 是(4642407) 出口商(160) 拋匯(Unknown) 旺季(442) 在(3284238) 季節性(456) 因素(34409) 下(329549) 新台幣(1741) 此時(34278) 一向(14985) 都(1125846) 具有(60702) 向(231672) 上(1233218) 的(16029838) 壓力(40408),"{'High': 23, 'Low': 1}","{'Unknown': 7, '第5級': 1, '第1*級': 3, '第1級': 7, '第4*級': 2, '第4級': 2, '第6級': 1, '第2級': 1}",3,Y,N,N,N
只有去年正值東南亞金融風暴時，新台幣才不升反貶，只要國際金融情勢未有太大波動，今年應會反應過去的慣例。,只有 去年 正 值 東南亞 金融 風暴 時 新台幣 才 不 升 反 貶 只要 國際 金融 情勢 未 有 太 大 波動 今年 應 會 反應 過去 的 慣例,30,只有(43745) 去年(9462) 正(179334) 值(6859) 東南亞(3600) 金融(15237) 風暴(4066) 時(623734) 新台幣(1741) 才(394539) 不(2282521) 升(7087) 反(44292) 貶(2033) 只要(99140) 國際(40846) 金融(15237) 情勢(7256) 未(101927) 有(2217079) 太(181732) 大(525780) 波動(2865) 今年(10836) 應(82417) 會(1014977) 反應(53196) 過去(88758) 的(16029838) 慣例(3769),{'High': 30},"{'Unknown': 3, '第1級': 7, '第3*級': 2, '第7級': 2, '第5級': 5, '第6級': 3, '第4級': 4, '第2級': 1, '第4*級': 1, '第3級': 1, '第1*級': 1}",2,Y,Y,N,N
今年應會反應過去的慣例。,今年 應 會 反應 過去 的 慣例,7,今年(10836) 應(82417) 會(1014977) 反應(53196) 過去(88758) 的(16029838) 慣例(3769),{'High': 7},"{'第1級': 2, 'Unknown': 1, '第1*級': 1, '第4級': 2, '第6級': 1}",0,Y,N,N,N
王永慶建構汽車王國的事長王金樹和三富汽車公司董事長李水土，於台塑大樓簽約，決定以十二億餘元(尾數八月底實地盤點後再行決定)購入三富生產基地之後，台塑集團多角化的觸角，將開始進入汽車業。,王永慶 建構 汽車 王國 的 事長 王金樹 和 三富 汽車 公司 董事長 李水土 於 台塑 大樓 簽約 決定 以 十二億餘 元 尾數 八月 底 實地 盤點 後 再行 決定 購入 三富 生產 基地 之後 台塑 集團 多角化 的 觸角 將 開始 進入 汽車業,43,王永慶(4731) 建構(13771) 汽車(21028) 王國(8414) 的(16029838) 事長(28) 王金樹(4) 和(1338337) 三富(12) 汽車(21028) 公司(168500) 董事長(8106) 李水土(Unknown) 於(327210) 台塑(3456) 大樓(7532) 簽約(1421) 決定(101837) 以(547785) 十二億餘(2) 元(60807) 尾數(55) 八月(15534) 底(37174) 實地(2450) 盤點(331) 後(422857) 再行(601) 決定(101837) 購入(572) 三富(12) 生產(36079) 基地(6653) 之後(190467) 台塑(3456) 集團(20609) 多角化(663) 的(16029838) 觸角(1492) 將(448374) 開始(245562) 進入(66885) 汽車業(246),"{'High': 36, 'Low': 7}","{'Unknown': 19, '第6級': 2, '第2級': 6, '第5級': 7, '第1級': 4, '第2*級': 1, '第3*級': 1, '第4*級': 1, '第4級': 2}",7,Y,Y,N,Y
日前亞太投資公司股東會決定投資設立「台朔汽車」公司之後，台塑集團和三富汽車公司，即積極的洽商合作計畫、資產交易細節。,日前 亞太 投資 公司 股東會 決定 投資 設立 台朔 汽車 公司 之後 台塑 集團 和 三富 汽車 公司 即 積極 的 洽商 合作 計畫 資產 交易 細節,27,日前(1738) 亞太(1426) 投資(38191) 公司(168500) 股東會(1406) 決定(101837) 投資(38191) 設立(12114) 台朔(128) 汽車(21028) 公司(168500) 之後(190467) 台塑(3456) 集團(20609) 和(1338337) 三富(12) 汽車(21028) 公司(168500) 即(110826) 積極(24247) 的(16029838) 洽商(168) 合作(35908) 計畫(54820) 資產(14148) 交易(16930) 細節(15031),"{'High': 26, 'Low': 1}","{'第7級': 1, 'Unknown': 6, '第4*級': 3, '第2級': 7, '第5級': 4, '第4級': 1, '第6級': 3, '第1級': 1, '第3*級': 1}",1,Y,Y,N,Y
經過多次的討價還價，三十日終於以十二億餘元的價位簽約，其中三富大肚廠二萬五千坪土地、一萬一千三百坪建物、王田廠七千八百坪土地、一千餘坪建物以及相關的機器設備，售價八億餘元，庫存的材料、零組件、汽車成品、半成品則作價四億餘元，不過詳細金額，將等八月底進行實地點交時再議定。,經過 多 次 的 討價還價 三十日 終於 以 十二億餘 元 的 價位 簽約 其中 三富 大肚廠 二萬五千 坪 土地 一萬一千三百 坪 建物 王田廠 七千八百 坪 土地 一千餘 坪 建物 以及 相關 的 機器 設備 售價 八億餘 元 庫存 的 材料 零組件 汽車 成品 半成品 則 作價 四億餘 元 不過 詳細 金額 將 等 八月 底 進行 實地 點交 時 再 議定,61,經過(64617) 多(318992) 次(331701) 的(16029838) 討價還價(1120) 三十日(2134) 終於(59622) 以(547785) 十二億餘(2) 元(60807) 的(16029838) 價位(840) 簽約(1421) 其中(95627) 三富(12) 大肚廠(2) 二萬五千(336) 坪(2297) 土地(32151) 一萬一千三百(2) 坪(2297) 建物(2481) 王田廠(Unknown) 七千八百(9) 坪(2297) 土地(32151) 一千餘(547) 坪(2297) 建物(2481) 以及(155624) 相關(41599) 的(16029838) 機器(16652) 設備(12866) 售價(1651) 八億餘(Unknown) 元(60807) 庫存(1649) 的(16029838) 材料(16513) 零組件(1312) 汽車(21028) 成品(1767) 半成品(231) 則(254096) 作價(75) 四億餘(2) 元(60807) 不過(186226) 詳細(13379) 金額(5087) 將(448374) 等(327380) 八月(15534) 底(37174) 進行(100298) 實地(2450) 點交(15) 時(623734) 再(326207) 議定(567),"{'High': 51, 'Low': 10}","{'第2級': 4, '第1級': 8, '第6級': 4, 'Unknown': 21, '第4級': 6, '第5級': 10, '第7級': 1, '第3*級': 4, '第4*級': 2, '第1*級': 1}",13,Y,Y,N,Y
三富大肚廠為三富生產雷諾汽車的基地，多年經營不善的結果，去年改和日本五十鈴汽車公司合作，投資成立台灣五十鈴汽車公司，並由三富公司以代工的方式，為台灣五十鈴公司代工賺取收入，不過業績還是沒有改善，今年全年估計仍將虧損五億元左右。,三富 大肚廠 為 三富 生產 雷諾 汽車 的 基地 多 年 經營 不善 的 結果 去年 改 和 日本 五十鈴 汽車 公司 合作 投資 成立 台灣 五十鈴 汽車 公司 並 由 三富 公司 以 代工 的 方式 為 台灣 五十鈴 公司 代工 賺取 收入 不過 業績 還是 沒有 改善 今年 全 年 估計 仍 將 虧損 五億 元 左右,59,三富(12) 大肚廠(2) 為(761341) 三富(12) 生產(36079) 雷諾(1790) 汽車(21028) 的(16029838) 基地(6653) 多(318992) 年(514736) 經營(39913) 不善(2545) 的(16029838) 結果(114008) 去年(9462) 改(12785) 和(1338337) 日本(105587) 五十鈴(5) 汽車(21028) 公司(168500) 合作(35908) 投資(38191) 成立(28506) 台灣(130718) 五十鈴(5) 汽車(21028) 公司(168500) 並(442790) 由(208604) 三富(12) 公司(168500) 以(547785) 代工(797) 的(16029838) 方式(133407) 為(761341) 台灣(130718) 五十鈴(5) 公司(168500) 代工(797) 賺取(1657) 收入(15636) 不過(186226) 業績(4265) 還是(155231) 沒有(594280) 改善(21559) 今年(10836) 全(178642) 年(514736) 估計(7162) 仍(92056) 將(448374) 虧損(2400) 五億(494) 元(60807) 左右(33714),"{'Low': 7, 'High': 52}","{'Unknown': 16, '第4*級': 7, '第2級': 9, '第1級': 13, '第5級': 5, '第3*級': 4, '第4級': 2, '第6級': 2, '第1*級': 1}",4,Y,Y,N,Y
為了起死回升，李水土找上王永慶談合作計畫，經過超過一年的接觸，三十日算是正式敲定資產交易以及未來合作的內容。,為了 起死回升 李水土 找上 王永慶 談 合作 計畫 經過 超過 一 年 的 接觸 三十日 算是 正式 敲定 資產 交易 以及 未來 合作 的 內容,25,為了(Unknown) 起死回升(1) 李水土(Unknown) 找上(1071) 王永慶(4731) 談(44043) 合作(35908) 計畫(54820) 經過(64617) 超過(30507) 一(3701681) 年(514736) 的(16029838) 接觸(22727) 三十日(2134) 算是(20622) 正式(23229) 敲定(522) 資產(14148) 交易(16930) 以及(155624) 未來(54445) 合作(35908) 的(16029838) 內容(55074),"{'Low': 3, 'High': 22}","{'Unknown': 6, '第3*級': 4, '第2級': 2, '第4級': 3, '第1級': 4, '第4*級': 2, '第7級': 1, '第5級': 3}",4,Y,Y,N,Y
三富將汽車組裝廠的大肚廠以及王田廠的模具生產基地，全部售予台塑集團，未來本身將只剩下台中港路五千八百餘坪土地，可供開發、轉型。,三富 將 汽車 組裝廠 的 大肚廠 以及 王田廠 的 模具 生產 基地 全部 售予 台塑 集團 未來 本身 將 只 剩下 台中港路 五千八百餘 坪 土地 可 供 開發 轉型,29,三富(12) 將(448374) 汽車(21028) 組裝廠(111) 的(16029838) 大肚廠(2) 以及(155624) 王田廠(Unknown) 的(16029838) 模具(353) 生產(36079) 基地(6653) 全部(34039) 售予(124) 台塑(3456) 集團(20609) 未來(54445) 本身(44138) 將(448374) 只(436725) 剩下(16442) 台中港路(6) 五千八百餘(Unknown) 坪(2297) 土地(32151) 可(307359) 供(17109) 開發(19196) 轉型(4413),"{'Low': 5, 'High': 24}","{'Unknown': 10, '第5級': 8, '第2級': 2, '第1級': 2, '第4*級': 2, '第4級': 3, '第1*級': 1, '第6級': 1}",5,Y,Y,N,Y
而在董事長李水土決定投資台朔汽車公司一%至二%後，三富也可能召開股東臨時會，決定是否也一起投資台朔汽車。,而 在 董事長 李水土 決定 投資 台朔 汽車 公司 一 至 二 後 三富 也 可能 召開 股東 臨時會 決定 是否 也 一起 投資 台朔 汽車,26,而(937923) 在(3284238) 董事長(8106) 李水土(Unknown) 決定(101837) 投資(38191) 台朔(128) 汽車(21028) 公司(168500) 一(3701681) 至(101530) 二(152494) 後(422857) 三富(12) 也(1590760) 可能(271025) 召開(5858) 股東(6692) 臨時會(54) 決定(101837) 是否(78907) 也(1590760) 一起(79297) 投資(38191) 台朔(128) 汽車(21028),"{'High': 23, 'Low': 3}","{'第5級': 3, '第1*級': 1, 'Unknown': 6, '第2級': 5, '第4*級': 2, '第1級': 7, '第6級': 2}",3,Y,Y,N,Y
台塑方面，其實十幾年前，經濟部主導在台灣成立年產二十萬輛的大汽車廠時，即洽商王永慶出任董事長，惟和豐田的合作計畫沒談攏，大汽車廠胎死腹中，王永慶在那個時候就存有架構汽車王國的理想，最近幾年在轉而和法國雷諾合作之後，跨足汽車業的機緣終於成熟。,台塑 方面 其實 十幾 年 前 經濟部 主導 在 台灣 成立 年 產 二十萬 輛 的 大 汽車廠 時 即 洽商 王永慶 出任 董事長 惟 和 豐田 的 合作 計畫 沒 談攏 大 汽車廠 胎死腹中 王永慶 在 那 個 時候 就 存有 架構 汽車 王國 的 理想 最近 幾 年 在 轉而 和 法國 雷諾 合作 之後 跨足 汽車業 的 機緣 終於 成熟,63,台塑(3456) 方面(75079) 其實(109290) 十幾(9075) 年(514736) 前(272709) 經濟部(1640) 主導(7550) 在(3284238) 台灣(130718) 成立(28506) 年(514736) 產(8102) 二十萬(2206) 輛(18230) 的(16029838) 大(525780) 汽車廠(229) 時(623734) 即(110826) 洽商(168) 王永慶(4731) 出任(5389) 董事長(8106) 惟(5714) 和(1338337) 豐田(1812) 的(16029838) 合作(35908) 計畫(54820) 沒(306167) 談攏(26) 大(525780) 汽車廠(229) 胎死腹中(226) 王永慶(4731) 在(3284238) 那(754138) 個(2296574) 時候(199970) 就(1737544) 存有(3459) 架構(12122) 汽車(21028) 王國(8414) 的(16029838) 理想(27021) 最近(30174) 幾(229415) 年(514736) 在(3284238) 轉而(4195) 和(1338337) 法國(29029) 雷諾(1790) 合作(35908) 之後(190467) 跨足(308) 汽車業(246) 的(16029838) 機緣(2472) 終於(59622) 成熟(15793),"{'High': 62, 'Low': 1}","{'Unknown': 19, '第3*級': 5, '第1級': 18, '第5級': 3, '第1*級': 4, '第4*級': 2, '第6級': 6, '第2級': 3, '第4級': 3}",9,Y,N,N,Y
台塑集團三十日也重大訊息說明，表示將增加投資項目，投資汽車相關事業，初期投資金額三億七千四百九十四萬元。,台塑 集團 三十日 也 重大 訊息 說明 表示 將 增加 投資 項目 投資 汽車 相關 事業 初期 投資 金額 三億七千四百九十四萬 元,21,台塑(3456) 集團(20609) 三十日(2134) 也(1590760) 重大(19228) 訊息(33515) 說明(52918) 表示(74452) 將(448374) 增加(48296) 投資(38191) 項目(12387) 投資(38191) 汽車(21028) 相關(41599) 事業(32957) 初期(11598) 投資(38191) 金額(5087) 三億七千四百九十四萬(Unknown) 元(60807),"{'High': 20, 'Low': 1}","{'Unknown': 4, '第5級': 4, '第1級': 2, '第4*級': 7, '第4級': 2, '第2級': 1, '第6級': 1}",2,Y,N,N,N
而台朔汽車目前除了台塑集團、雷諾汽車(二%)、李水土個人以外，三富也有可能參加投資。,而 台朔 汽車 目前 除了 台塑 集團 雷諾 汽車 二 李水土 個人 以外 三富 也 有 可能 參加 投資,19,而(937923) 台朔(128) 汽車(21028) 目前(48695) 除了(75964) 台塑(3456) 集團(20609) 雷諾(1790) 汽車(21028) 二(152494) 李水土(Unknown) 個人(76253) 以外(13444) 三富(12) 也(1590760) 有(2217079) 可能(271025) 參加(42962) 投資(38191),"{'High': 17, 'Low': 2}","{'第5級': 2, 'Unknown': 6, '第2級': 3, '第4級': 2, '第3*級': 1, '第1級': 4, '第4*級': 1}",1,Y,Y,N,Y
在台塑集團全權參與之後，台朔汽車明年三月將先引進一款和三富生產的同型的小轎車，名為，在台灣產銷，然後慢慢研發王永慶醉心的電動車，以補傳統車中國人做不好的遺憾。,在 台塑 集團 全權 參與 之後 台朔 汽車 明年 三月 將 先 引進 一 款 和 三富 生產 的 同型 的 小 轎車 名為 在 台灣 產銷 然後 慢慢 研發 王永慶 醉心 的 電動車 以 補 傳統車 中國人 做 不 好 的 遺憾,43,在(3284238) 台塑(3456) 集團(20609) 全權(1739) 參與(40595) 之後(190467) 台朔(128) 汽車(21028) 明年(3059) 三月(16043) 將(448374) 先(136649) 引進(6742) 一(3701681) 款(5067) 和(1338337) 三富(12) 生產(36079) 的(16029838) 同型(105) 的(16029838) 小(318835) 轎車(1979) 名為(6905) 在(3284238) 台灣(130718) 產銷(523) 然後(156193) 慢慢(36056) 研發(7366) 王永慶(4731) 醉心(613) 的(16029838) 電動車(308) 以(547785) 補(6760) 傳統車(Unknown) 中國人(22060) 做(411649) 不(2282521) 好(448428) 的(16029838) 遺憾(9493),"{'High': 41, 'Low': 2}","{'第1*級': 5, 'Unknown': 15, '第5級': 6, '第6級': 4, '第4級': 1, '第2級': 1, '第1級': 9, '第4*級': 1, '第7級': 1}",4,Y,N,N,Y
以補傳統車中國人做不好的遺憾。,以 補 傳統車 中國人 做 不 好 的 遺憾,9,以(547785) 補(6760) 傳統車(Unknown) 中國人(22060) 做(411649) 不(2282521) 好(448428) 的(16029838) 遺憾(9493),"{'High': 8, 'Low': 1}","{'第5級': 2, 'Unknown': 4, '第1級': 3}",2,Y,Y,N,N
美國奧運史風雲人物、女子一百和兩百公尺世界紀錄保持人「花蝴蝶」葛瑞菲絲，昨天偕同夫婿艾爾翩然抵華亮相。,美國 奧運 史 風雲人物 女子 一百 和 兩百 公尺 世界 紀錄 保持人 花蝴蝶 葛瑞菲絲 昨天 偕同 夫婿 艾爾 翩然 抵 華 亮相,22,美國(148299) 奧運(1735) 史(6356) 風雲人物(480) 女子(23797) 一百(17093) 和(1338337) 兩百(3908) 公尺(19233) 世界(165235) 紀錄(14233) 保持人(122) 花蝴蝶(87) 葛瑞菲絲(3) 昨天(12735) 偕同(359) 夫婿(677) 艾爾(490) 翩然(309) 抵(6753) 華(5134) 亮相(846),"{'High': 20, 'Low': 2}","{'第1級': 2, 'Unknown': 12, '第7級': 3, '第4*級': 1, '第4級': 2, '第2級': 1, '第6級': 1}",4,Y,Y,N,Y
葛瑞菲絲夫婦神采奕奕，笑容可掬，暢談奧運得牌經驗，巨星的親和力自然流露。,葛瑞菲絲 夫婦 神采奕奕 笑容可掬 暢談 奧運 得 牌 經驗 巨星 的 親和力 自然 流露,14,葛瑞菲絲(3) 夫婦(12400) 神采奕奕(450) 笑容可掬(391) 暢談(713) 奧運(1735) 得(573721) 牌(11793) 經驗(86997) 巨星(985) 的(16029838) 親和力(369) 自然(91995) 流露(2504),"{'Low': 1, 'High': 13}","{'Unknown': 5, '第4*級': 1, '第7級': 3, '第4級': 1, '第2級': 1, '第1級': 1, '第3*級': 1, '第5級': 1}",4,Y,N,N,Y
現年四十歲，有「花蝴蝶」雅號的葛瑞菲絲，曾是當年世界上跑得最快的女人，也是田徑跑道上裝扮最花稍的女選手。,現年 四十 歲 有 花蝴蝶 雅號 的 葛瑞菲絲 曾 是 當年 世界 上 跑 得 最 快 的 女人 也 是 田徑 跑道 上 裝扮 最 花稍 的 女 選手,30,現年(588) 四十(15256) 歲(130085) 有(2217079) 花蝴蝶(87) 雅號(145) 的(16029838) 葛瑞菲絲(3) 曾(132981) 是(4642407) 當年(25091) 世界(165235) 上(1233218) 跑(35326) 得(573721) 最(421680) 快(116207) 的(16029838) 女人(71948) 也(1590760) 是(4642407) 田徑(361) 跑道(2046) 上(1233218) 裝扮(1680) 最(421680) 花稍(66) 的(16029838) 女(51944) 選手(6499),"{'High': 27, 'Low': 3}","{'Unknown': 8, '第1級': 10, '第4級': 1, '第4*級': 1, '第2級': 2, '第1*級': 4, '第6級': 2, '第5級': 2}",2,Y,N,N,Y
她在田徑場上的形象，令後起的女將起而仿效，最讓國際體壇津津樂道。,她 在 田徑場 上 的 形象 令 後起 的 女將 起 而 仿效 最 讓 國際 體壇 津津樂道,18,她(1052913) 在(3284238) 田徑場(130) 上(1233218) 的(16029838) 形象(20430) 令(128742) 後起(206) 的(16029838) 女將(135) 起(96746) 而(937923) 仿效(1692) 最(421680) 讓(526314) 國際(40846) 體壇(86) 津津樂道(831),"{'High': 17, 'Low': 1}","{'第1級': 4, '第1*級': 2, 'Unknown': 4, '第5級': 3, '第3*級': 1, '第7級': 2, '第2級': 1, '第4級': 1}",2,Y,Y,N,N
當年葛瑞菲絲出場比賽，一定穿著自己別出心裁設計的衣服，同時塗眼影、畫眼線、搽口紅、戴耳環、金手鍊，十指蔻丹顏色不盡相同，極盡裝扮之能事。,當年 葛瑞菲絲 出場 比賽 一定 穿著 自己 別出心裁 設計 的 衣服 同時 塗 眼影 畫 眼線 搽 口紅 戴 耳環 金 手鍊 十 指 蔻丹 顏色 不盡相同 極盡 裝扮 之 能事,31,當年(25091) 葛瑞菲絲(3) 出場(2428) 比賽(20220) 一定(138695) 穿著(11114) 自己(744739) 別出心裁(503) 設計(59326) 的(16029838) 衣服(32821) 同時(115305) 塗(4692) 眼影(226) 畫(57787) 眼線(356) 搽(190) 口紅(758) 戴(25973) 耳環(1087) 金(23223) 手鍊(124) 十(77415) 指(84264) 蔻丹(22) 顏色(19941) 不盡相同(Unknown) 極盡(1314) 裝扮(1680) 之(875481) 能事(658),"{'High': 28, 'Low': 3}","{'第4*級': 2, 'Unknown': 9, '第6級': 2, '第2級': 3, '第1*級': 4, '第5級': 4, '第7級': 3, '第1級': 2, '第3*級': 1, '第4級': 1}",3,Y,N,N,Y
葛瑞菲絲當年不但造型前衛，實力也極為堅強，八八年漢城奧運，葛瑞菲絲包辦女子一百公尺、兩百公尺和四百接力金牌並締造兩百公尺世界紀錄，另外，還有一千六百公尺接力銀牌，獨領風騷。,葛瑞菲絲 當年 不但 造型 前衛 實力 也 極為 堅強 八八年 漢城 奧運 葛瑞菲絲 包辦 女子 一百 公尺 兩百 公尺 和 四百 接力 金牌 並 締造 兩百 公尺 世界 紀錄 另外 還 有 一千六百 公尺 接力 銀牌 獨領 風騷,38,葛瑞菲絲(3) 當年(25091) 不但(40359) 造型(6053) 前衛(3727) 實力(9808) 也(1590760) 極為(16223) 堅強(6720) 八八年(159) 漢城(514) 奧運(1735) 葛瑞菲絲(3) 包辦(584) 女子(23797) 一百(17093) 公尺(19233) 兩百(3908) 公尺(19233) 和(1338337) 四百(3351) 接力(380) 金牌(1125) 並(442790) 締造(1027) 兩百(3908) 公尺(19233) 世界(165235) 紀錄(14233) 另外(48233) 還(625086) 有(2217079) 一千六百(293) 公尺(19233) 接力(380) 銀牌(173) 獨領(202) 風騷(637),"{'Low': 2, 'High': 36}","{'Unknown': 17, '第4*級': 3, '第3級': 2, '第5級': 4, '第7級': 4, '第1級': 2, '第4級': 5, '第2級': 1}",4,Y,Y,N,Y
昨天，葛瑞菲絲為自己的奪牌過程下了註腳。,昨天 葛瑞菲絲 為 自己 的 奪 牌 過程 下 了 註腳,11,昨天(12735) 葛瑞菲絲(3) 為(761341) 自己(744739) 的(16029838) 奪(6082) 牌(11793) 過程(87889) 下(329549) 了(3199291) 註腳(585),"{'High': 10, 'Low': 1}","{'第1級': 2, 'Unknown': 5, '第1*級': 2, '第4級': 1, '第5級': 1}",1,Y,N,N,Y
她說，人生要有夢想，而且要不斷努力去實現，不要讓外在的環境和內在的心理因素阻礙夢想的完成。,她 說 人生 要 有 夢想 而且 要 不斷 努力 去 實現 不要 讓 外在 的 環境 和 內在的 心理 因素 阻礙 夢想 的 完成,25,她(1052913) 說(1285247) 人生(69234) 要(851264) 有(2217079) 夢想(15516) 而且(180402) 要(851264) 不斷(68526) 努力(62566) 去(479993) 實現(21995) 不要(101931) 讓(526314) 外在(11982) 的(16029838) 環境(71054) 和(1338337) 內在的(Unknown) 心理(59538) 因素(34409) 阻礙(7057) 夢想(15516) 的(16029838) 完成(60471),"{'High': 24, 'Low': 1}","{'第1級': 8, '第4*級': 4, '第4級': 3, '第3級': 2, '第2級': 2, 'Unknown': 3, '第5級': 3}",1,Y,Y,N,N
她的夫婿艾爾，是奧運三級跳遠金牌得主。,她 的 夫婿 艾爾 是 奧運 三級跳遠 金牌 得主,9,她(1052913) 的(16029838) 夫婿(677) 艾爾(490) 是(4642407) 奧運(1735) 三級跳遠(8) 金牌(1125) 得主(1855),"{'High': 8, 'Low': 1}","{'第1級': 3, '第7級': 1, 'Unknown': 3, '第5級': 1, '第6級': 1}",1,N,N,N,Y
他在亞運賽前勉勵中華健兒，要不斷地努力爭取，並尋求自我突破，同時不能自怨自艾，獎牌最終必會屬於你的。,他 在 亞運賽 前 勉勵 中華 健兒 要 不斷 地 努力 爭取 並 尋求 自我 突破 同時 不能 自怨自艾 獎牌 最終 必 會 屬於 你 的,26,他(2487930) 在(3284238) 亞運賽(Unknown) 前(272709) 勉勵(1228) 中華(8450) 健兒(112) 要(851264) 不斷(68526) 地(754998) 努力(62566) 爭取(9666) 並(442790) 尋求(14747) 自我(74037) 突破(10583) 同時(115305) 不能(162852) 自怨自艾(523) 獎牌(419) 最終(18102) 必(37598) 會(1014977) 屬於(39478) 你(1414837) 的(16029838),"{'High': 25, 'Low': 1}","{'第1級': 5, '第1*級': 2, 'Unknown': 7, '第7級': 2, '第4級': 2, '第2級': 1, '第5級': 5, '第4*級': 1, '第3*級': 1}",2,Y,Y,N,N
葛瑞菲絲夫婦將由北到南進行為期一週的訪問活動，期間將拜會我體壇及政壇人士，並預定受邀到左訓中心，為即將參加年底曼谷亞運會的中華健兒加油打氣。,葛瑞菲絲 夫婦 將 由 北 到 南 進行 為期 一 週 的 訪問 活動 期間 將 拜會 我 體壇 及 政壇 人士 並 預定 受 邀 到 左訓中心 為 即將 參加 年底 曼谷 亞運會 的 中華 健兒 加油 打氣,39,葛瑞菲絲(3) 夫婦(12400) 將(448374) 由(208604) 北(20351) 到(546906) 南(24203) 進行(100298) 為期(2010) 一(3701681) 週(20879) 的(16029838) 訪問(12881) 活動(85743) 期間(32981) 將(448374) 拜會(626) 我(3033032) 體壇(86) 及(304586) 政壇(1881) 人士(27666) 並(442790) 預定(3218) 受(109982) 邀(7410) 到(546906) 左訓中心(1) 為(761341) 即將(16780) 參加(42962) 年底(2450) 曼谷(419) 亞運會(40) 的(16029838) 中華(8450) 健兒(112) 加油(3235) 打氣(1310),"{'Low': 4, 'High': 35}","{'Unknown': 10, '第4*級': 4, '第5級': 7, '第2級': 4, '第1級': 6, '第6級': 3, '第3級': 1, '第4級': 2, '第7級': 1, '第2*級': 1}",3,Y,Y,N,Y
為即將參加年底曼谷亞運會的中華健兒加油打氣。,為 即將 參加 年底 曼谷 亞運會 的 中華 健兒 加油 打氣,11,為(761341) 即將(16780) 參加(42962) 年底(2450) 曼谷(419) 亞運會(40) 的(16029838) 中華(8450) 健兒(112) 加油(3235) 打氣(1310),"{'High': 10, 'Low': 1}","{'Unknown': 6, '第6級': 1, '第2級': 1, '第1級': 1, '第2*級': 1, '第5級': 1}",1,Y,N,N,Y
隨著田徑花蝴蝶葛瑞菲絲腳步，上一季獲得NBA最有價值球員獎的籃球巨星卡爾‧馬龍，預定今天下午搭機來華，率先為今年盛夏颳起一陣NBA籃球旋風。,隨著 田徑 花蝴蝶 葛瑞菲絲 腳步 上 一 季 獲得 NBA 最 有 價值 球員 獎 的 籃球 巨星 卡爾 馬龍 預定 今天 下午 搭機 來 華 率先 為 今年 盛夏 颳 起 一 陣 NBA 籃球 旋風,37,隨著(32948) 田徑(361) 花蝴蝶(87) 葛瑞菲絲(3) 腳步(12300) 上(1233218) 一(3701681) 季(8122) 獲得(54809) NBA(635) 最(421680) 有(2217079) 價值(58784) 球員(5477) 獎(6328) 的(16029838) 籃球(2553) 巨星(985) 卡爾(3007) 馬龍(470) 預定(3218) 今天(73277) 下午(20045) 搭機(546) 來(742183) 華(5134) 率先(2829) 為(761341) 今年(10836) 盛夏(685) 颳(1073) 起(96746) 一(3701681) 陣(26383) NBA(635) 籃球(2553) 旋風(1089),"{'High': 35, 'Low': 2}","{'第5級': 3, '第6級': 2, 'Unknown': 12, '第4*級': 3, '第1級': 9, '第3級': 1, '第1*級': 1, '第4級': 2, '第2*級': 2, '第3*級': 1, '第7級': 1}",4,Y,N,N,Y
預定今年暑假來訪的NBA球員，隨後還有密爾瓦基公鹿泰瑞‧布蘭登和印第安那溜馬崔維斯‧貝斯特，以及九六─九七年球季的「新人王」艾佛森。,預定 今年 暑假 來訪 的 NBA 球員 隨後 還 有 密爾瓦基 公鹿 泰瑞 布蘭登 和 印第安那溜馬 崔維斯貝斯特 以及 九六 九七年 球季 的 新人王 艾佛森,24,預定(3218) 今年(10836) 暑假(3577) 來訪(3642) 的(16029838) NBA(635) 球員(5477) 隨後(11299) 還(625086) 有(2217079) 密爾瓦基(123) 公鹿(119) 泰瑞(536) 布蘭登(198) 和(1338337) 印第安那溜馬(Unknown) 崔維斯貝斯特(Unknown) 以及(155624) 九六(72) 九七年(157) 球季(732) 的(16029838) 新人王(5) 艾佛森(52),"{'High': 19, 'Low': 5}","{'第5級': 2, '第1級': 4, '第3級': 1, 'Unknown': 16, '第6級': 1}",8,Y,Y,N,Y
卡爾‧馬龍去年曾允諾來訪，但因故爽約，他預定今天下午六時卅分抵達桃園中正機場，隨行的還有太座一行四人。,卡爾馬龍 去年 曾 允諾 來訪 但 因故 爽約 他 預定 今天 下午 六時 卅 分 抵達 桃園 中正機場 隨行 的 還 有 太座 一 行 四 人,27,卡爾馬龍(Unknown) 去年(9462) 曾(132981) 允諾(965) 來訪(3642) 但(597124) 因故(540) 爽約(98) 他(2487930) 預定(3218) 今天(73277) 下午(20045) 六時(349) 卅(333) 分(62224) 抵達(16291) 桃園(1991) 中正機場(Unknown) 隨行(1835) 的(16029838) 還(625086) 有(2217079) 太座(45) 一(3701681) 行(63474) 四(141667) 人(1550512),"{'Low': 4, 'High': 23}","{'Unknown': 11, '第1級': 10, '第4級': 1, '第7級': 2, '第2級': 1, '第5級': 1, '第6級': 1}",2,Y,Y,N,Y
馬龍明天上午在台北市立體育場主持一項「卡爾馬龍面對面」活動，與國內球迷分享他籃球生涯成功的經驗，並示範個人籃球技巧。,馬龍 明天 上午 在 台北 市立 體育場 主持 一 項 卡爾馬龍 面對面 活動 與 國內 球迷 分享 他 籃球 生涯 成功 的 經驗 並 示範 個人 籃球 技巧,28,馬龍(470) 明天(18918) 上午(6241) 在(3284238) 台北(22242) 市立(1688) 體育場(302) 主持(9827) 一(3701681) 項(88887) 卡爾馬龍(Unknown) 面對面(2828) 活動(85743) 與(968432) 國內(17537) 球迷(1137) 分享(19471) 他(2487930) 籃球(2553) 生涯(11332) 成功(80266) 的(16029838) 經驗(86997) 並(442790) 示範(5441) 個人(76253) 籃球(2553) 技巧(27277),"{'High': 27, 'Low': 1}","{'Unknown': 6, '第1級': 5, '第1*級': 1, '第5級': 4, '第2級': 2, '第4*級': 3, '第4級': 3, '第2*級': 2, '第6級': 1, '第3*級': 1}",3,Y,Y,N,Y
明天下午，他將到華納影城廣場，和球迷進行罰球比賽以及籃球大富翁遊戲，並留下手印，做為訪華的紀念，現場還將有抽獎活動，熱鬧可期。,明天 下午 他 將 到 華納 影城 廣場 和 球迷 進行 罰球 比賽 以及 籃球 大富翁 遊戲 並 留下 手印 做為 訪華 的 紀念 現場 還 將 有 抽獎 活動 熱鬧 可期,32,明天(18918) 下午(20045) 他(2487930) 將(448374) 到(546906) 華納(1370) 影城(164) 廣場(8418) 和(1338337) 球迷(1137) 進行(100298) 罰球(121) 比賽(20220) 以及(155624) 籃球(2553) 大富翁(129) 遊戲(31463) 並(442790) 留下(29992) 手印(374) 做為(19421) 訪華(375) 的(16029838) 紀念(7956) 現場(15949) 還(625086) 將(448374) 有(2217079) 抽獎(264) 活動(85743) 熱鬧(6537) 可期(299),{'High': 32},"{'第1級': 6, '第5級': 6, 'Unknown': 11, '第2級': 2, '第2*級': 1, '第3級': 1, '第4*級': 2, '第3*級': 2, '第4級': 1}",1,Y,Y,N,Y
熱鬧可期。,熱鬧 可期,2,熱鬧(6537) 可期(299),{'High': 2},"{'第3*級': 1, 'Unknown': 1}",0,Y,N,N,N
興農牛昨天以八比四擊敗三商虎之後，與戰績名列榜首的味全龍只剩下半場勝差。,興農牛 昨天 以 八 比 四 擊敗 三商虎 之後 與 戰績 名列 榜首 的 味全龍 只 剩下 半 場 勝差,20,興農牛(Unknown) 昨天(12735) 以(547785) 八(54961) 比(170486) 四(141667) 擊敗(4544) 三商虎(1) 之後(190467) 與(968432) 戰績(557) 名列(1222) 榜首(342) 的(16029838) 味全龍(3) 只(436725) 剩下(16442) 半(80813) 場(68915) 勝差(16),"{'Low': 4, 'High': 16}","{'Unknown': 7, '第1級': 5, '第5級': 2, '第1*級': 2, '第4級': 2, '第4*級': 1, '第2級': 1}",3,Y,Y,N,Y
牛隊投手楓康在此役勇奪勝投，成為中華職棒今年球季首位達到十勝的投手。,牛隊 投手 楓康 在 此 役 勇奪 勝投 成為 中華 職棒 今年 球季 首位 達到 十 勝 的 投手,19,牛隊(9) 投手(1697) 楓康(Unknown) 在(3284238) 此(288458) 役(6259) 勇奪(135) 勝投(46) 成為(143834) 中華(8450) 職棒(601) 今年(10836) 球季(732) 首位(866) 達到(35670) 十(77415) 勝(15471) 的(16029838) 投手(1697),"{'Low': 3, 'High': 16}","{'Unknown': 9, '第5級': 4, '第1*級': 1, '第6級': 1, '第1級': 3, '第4*級': 1}",0,Y,N,N,Y
興農牛昨天派出楓康先發主投，他在八局的比賽中，雖然讓三商虎揮出九支安打、攻下四分，不過相較牛隊本週前兩場投手的表現，他已經成功壓制住虎隊的得分能力，勇奪這場比賽的勝投後，榮膺單場MVP。,興農牛 昨天 派出 楓康 先發 主投 他 在 八 局 的 比賽 中 雖然 讓 三商虎 揮出 九 支 安打 攻下 四 分 不過 相較 牛隊 本 週 前 兩 場 投手 的 表現 他 已經 成功 壓制住 虎隊 的 得分 能力 勇奪 這 場 比賽 的 勝投 後 榮膺 單場 MVP,52,興農牛(Unknown) 昨天(12735) 派出(4445) 楓康(Unknown) 先發(633) 主投(44) 他(2487930) 在(3284238) 八(54961) 局(7737) 的(16029838) 比賽(20220) 中(1011729) 雖然(152988) 讓(526314) 三商虎(1) 揮出(345) 九(34506) 支(25666) 安打(744) 攻下(1943) 四(141667) 分(62224) 不過(186226) 相較(5934) 牛隊(9) 本(197156) 週(20879) 前(272709) 兩(526190) 場(68915) 投手(1697) 的(16029838) 表現(67272) 他(2487930) 已經(245160) 成功(80266) 壓制住(142) 虎隊(13) 的(16029838) 得分(2333) 能力(93399) 勇奪(135) 這(2114032) 場(68915) 比賽(20220) 的(16029838) 勝投(46) 後(422857) 榮膺(132) 單場(28) MVP(39),"{'Low': 9, 'High': 43}","{'Unknown': 19, '第1級': 16, '第1*級': 1, '第5級': 2, '第2級': 10, '第6級': 1, '第3級': 1, '第4級': 1, '第3*級': 1}",4,Y,Y,N,Y
三商虎昨天則由新洋投法拉利首次掛帥，虎隊總教練陳友彬說，沒想到這個法拉利居然是二手車，總共只投了一又三分之一局，就讓興農牛揮出六支安打，外帶奉送兩次保送，失分多達五分，法拉利提前退場，並且承擔敗戰責任。,三商虎 昨天 則 由 新 洋投 法拉利 首次 掛帥 虎隊 總教練 陳友彬 說 沒想到 這 個 法拉利 居然 是 二手車 總共 只 投 了 一又三分之一 局 就 讓 興農牛 揮出 六 支 安打 外帶 奉送 兩 次 保送 失分 多達 五 分 法拉利 提前 退場 並且 承擔 敗戰 責任,49,三商虎(1) 昨天(12735) 則(254096) 由(208604) 新(212453) 洋投(1) 法拉利(518) 首次(2918) 掛帥(724) 虎隊(13) 總教練(234) 陳友彬(Unknown) 說(1285247) 沒想到(13287) 這(2114032) 個(2296574) 法拉利(518) 居然(16421) 是(4642407) 二手車(119) 總共(5077) 只(436725) 投(6092) 了(3199291) 一又三分之一(Unknown) 局(7737) 就(1737544) 讓(526314) 興農牛(Unknown) 揮出(345) 六(77936) 支(25666) 安打(744) 外帶(285) 奉送(48) 兩(526190) 次(331701) 保送(538) 失分(58) 多達(2200) 五(112649) 分(62224) 法拉利(518) 提前(3167) 退場(458) 並且(60996) 承擔(8810) 敗戰(355) 責任(29747),"{'Low': 8, 'High': 41}","{'Unknown': 22, '第1級': 11, '第5級': 3, '第4*級': 2, '第7級': 1, '第3*級': 1, '第4級': 4, '第1*級': 1, '第2級': 3, '第6級': 1}",10,Y,Y,N,Y
興農牛第一棒黃忠義，昨天在一局下轟出全壘打，這是他個人今年第七支全壘打，同時也是他個人職棒生涯第九支首局首打席全壘打，職棒九年第六支首局首打席全壘打，中華職棒史上第五十八支首局首打席全壘打。,興農牛 第一 棒 黃忠義 昨天 在 一 局 下 轟出 全壘打 這 是 他 個人 今年 第七 支 全壘打 同時 也 是 他 個人 職棒 生涯 第九 支 首 局 首 打席 全壘打 職棒 九 年 第六 支 首 局 首 打席 全壘打 中華 職棒 史 上 第五十八 支 首 局 首 打席 全壘打,54,興農牛(Unknown) 第一(172544) 棒(16112) 黃忠義(Unknown) 昨天(12735) 在(3284238) 一(3701681) 局(7737) 下(329549) 轟出(109) 全壘打(655) 這(2114032) 是(4642407) 他(2487930) 個人(76253) 今年(10836) 第七(7322) 支(25666) 全壘打(655) 同時(115305) 也(1590760) 是(4642407) 他(2487930) 個人(76253) 職棒(601) 生涯(11332) 第九(4944) 支(25666) 首(44848) 局(7737) 首(44848) 打席(41) 全壘打(655) 職棒(601) 九(34506) 年(514736) 第六(9145) 支(25666) 首(44848) 局(7737) 首(44848) 打席(41) 全壘打(655) 中華(8450) 職棒(601) 史(6356) 上(1233218) 第五十八(117) 支(25666) 首(44848) 局(7737) 首(44848) 打席(41) 全壘打(655),"{'Low': 5, 'High': 49}","{'Unknown': 20, '第2級': 6, '第1級': 12, '第1*級': 2, '第5級': 4, '第4級': 2, '第3*級': 1, '第6級': 1, '第4*級': 6}",8,Y,N,N,Y
興農牛昨天全場揮出十三支安打，三商虎有九支安打的表現，兩隊安打數相去不遠，勝負關鍵主要在於牛隊的安打攻勢集中。,興農牛 昨天 全 場 揮出 十三支 安打 三商虎 有 九 支 安打 的 表現 兩 隊 安打數 相去 不遠 勝負 關鍵 主要 在於 牛隊 的 安打 攻勢 集中,28,興農牛(Unknown) 昨天(12735) 全(178642) 場(68915) 揮出(345) 十三支(Unknown) 安打(744) 三商虎(1) 有(2217079) 九(34506) 支(25666) 安打(744) 的(16029838) 表現(67272) 兩(526190) 隊(7801) 安打數(4) 相去(1078) 不遠(891) 勝負(2375) 關鍵(25952) 主要(78757) 在於(37953) 牛隊(9) 的(16029838) 安打(744) 攻勢(2713) 集中(18277),"{'Low': 5, 'High': 23}","{'Unknown': 11, '第1級': 6, '第2級': 3, '第4級': 3, '第6級': 3, '第5級': 1, '第4*級': 1}",4,Y,N,N,Y
一局上半，牛隊一開賽就以比二居於劣勢，沒想到一局下半，黃忠義一棒首局首打席全壘打，打出了興農牛反攻的氣勢，黃忠義昨天單場四個打數兩支安打，並且有兩分得分。,一 局 上 半 牛隊 一 開賽 就 以 比 二 居於 劣勢 沒想到 一 局 下 半 黃忠義 一棒 首 局 首 打席 全壘打 打出 了 興農牛 反攻 的 氣勢 黃忠義 昨天 單場 四 個 打數 兩 支 安打 並且 有 兩 分 得分,45,一(3701681) 局(7737) 上(1233218) 半(80813) 牛隊(9) 一(3701681) 開賽(234) 就(1737544) 以(547785) 比(170486) 二(152494) 居於(2180) 劣勢(1423) 沒想到(13287) 一(3701681) 局(7737) 下(329549) 半(80813) 黃忠義(Unknown) 一棒(5) 首(44848) 局(7737) 首(44848) 打席(41) 全壘打(655) 打出(2284) 了(3199291) 興農牛(Unknown) 反攻(1651) 的(16029838) 氣勢(4177) 黃忠義(Unknown) 昨天(12735) 單場(28) 四(141667) 個(2296574) 打數(28) 兩(526190) 支(25666) 安打(744) 並且(60996) 有(2217079) 兩(526190) 分(62224) 得分(2333),"{'High': 37, 'Low': 8}","{'第1級': 16, '第5級': 4, 'Unknown': 14, '第1*級': 2, '第6級': 3, '第3*級': 1, '第4*級': 2, '第7級': 1, '第2級': 1, '第4級': 1}",5,Y,Y,N,Y
此外，興農牛張協進單場三支安打，胡長豪、陳文賓、張家豪、陳俊和分別都有兩支安打的表現，由於安打攻勢連貫密集，楓康能夠成為首位十勝的投手，隊友的幫助不小。,此外 興農牛 張協進 單場 三 支 安打 胡長豪 陳文賓 張家豪 陳俊和 分別 都 有 兩 支 安打 的 表現 由於 安打 攻勢 連貫 密集 楓康 能夠 成為 首位 十 勝 的 投手 隊友 的 幫助 不 小,37,此外(30247) 興農牛(Unknown) 張協進(Unknown) 單場(28) 三(313861) 支(25666) 安打(744) 胡長豪(Unknown) 陳文賓(Unknown) 張家豪(6) 陳俊和(Unknown) 分別(25566) 都(1125846) 有(2217079) 兩(526190) 支(25666) 安打(744) 的(16029838) 表現(67272) 由於(88111) 安打(744) 攻勢(2713) 連貫(1369) 密集(3163) 楓康(Unknown) 能夠(96422) 成為(143834) 首位(866) 十(77415) 勝(15471) 的(16029838) 投手(1697) 隊友(1497) 的(16029838) 幫助(62744) 不(2282521) 小(318835),"{'High': 29, 'Low': 8}","{'第5級': 3, 'Unknown': 15, '第1級': 10, '第2級': 3, '第4*級': 2, '第4級': 1, '第6級': 3}",6,Y,Y,N,Y
隊友的幫助不小。,隊友 的 幫助 不 小,5,隊友(1497) 的(16029838) 幫助(62744) 不(2282521) 小(318835),{'High': 5},"{'Unknown': 1, '第1級': 3, '第2級': 1}",0,Y,N,N,N
凱特溫絲蕾要為阿諾史瓦辛格減肥？,凱特溫絲蕾 要 為 阿諾史瓦辛格 減肥,5,凱特溫絲蕾(Unknown) 要(851264) 為(761341) 阿諾史瓦辛格(Unknown) 減肥(2616),"{'Low': 2, 'High': 3}","{'Unknown': 3, '第1級': 1, '第4*級': 1}",2,Y,N,N,Y
在「鐵達尼號」拍攝期間被導演詹姆斯卡麥隆笑稱為「凱特很是肥」()也毫不在乎的凱特溫絲蕾，最近決定減重瘦身，原因是動作天王阿諾史瓦辛格相中她在他的新片中飾演女主角，不過條件是她必須「縮小她在銀幕上所佔的面積」。,在 鐵達尼號 拍攝 期間 被 導演 詹姆斯卡麥隆 笑稱 為 凱特 很 是 肥 也 毫不 在乎 的 凱特溫絲蕾 最近 決定 減重 瘦身 原因 是 動作 天王 阿諾史瓦辛格 相中 她 在 他 的 新片 中 飾演 女 主角 不過 條件 是 她 必須 縮小 她 在 銀幕 上 所 佔 的 面積,51,在(3284238) 鐵達尼號(369) 拍攝(15537) 期間(32981) 被(540683) 導演(24296) 詹姆斯卡麥隆(Unknown) 笑稱(153) 為(761341) 凱特(2420) 很(715675) 是(4642407) 肥(4528) 也(1590760) 毫不(14921) 在乎(12441) 的(16029838) 凱特溫絲蕾(Unknown) 最近(30174) 決定(101837) 減重(349) 瘦身(524) 原因(67404) 是(4642407) 動作(43506) 天王(1813) 阿諾史瓦辛格(Unknown) 相中(263) 她(1052913) 在(3284238) 他(2487930) 的(16029838) 新片(376) 中(1011729) 飾演(3272) 女(51944) 主角(20334) 不過(186226) 條件(36308) 是(4642407) 她(1052913) 必須(170592) 縮小(3774) 她(1052913) 在(3284238) 銀幕(5298) 上(1233218) 所(527327) 佔(11252) 的(16029838) 面積(6281),"{'High': 48, 'Low': 3}","{'第1*級': 4, 'Unknown': 13, '第5級': 5, '第4*級': 2, '第2級': 5, '第4級': 4, '第1級': 13, '第3*級': 1, '第6級': 3, '第3級': 1}",4,Y,Y,N,Y
自稱天生就是一副渾圓身材的凱特溫絲蕾在「理性與感性」中飾演艾瑪湯普遜的妹妹時，曾經偷偷地節食，結果被艾瑪湯普遜狠狠地訓了一頓。,自稱 天生 就 是 一 副 渾圓 身材 的 凱特溫絲蕾 在 理性 與 感性 中 飾演 艾瑪湯普遜 的 妹妹 時 曾經 偷偷地 節食 結果 被 艾瑪湯普遜 狠狠地 訓 了 一 頓,31,自稱(6297) 天生(10685) 就(1737544) 是(4642407) 一(3701681) 副(21458) 渾圓(339) 身材(8302) 的(16029838) 凱特溫絲蕾(Unknown) 在(3284238) 理性(18293) 與(968432) 感性(3960) 中(1011729) 飾演(3272) 艾瑪湯普遜(Unknown) 的(16029838) 妹妹(15695) 時(623734) 曾經(52970) 偷偷地(160) 節食(1127) 結果(114008) 被(540683) 艾瑪湯普遜(Unknown) 狠狠地(136) 訓(1253) 了(3199291) 一(3701681) 頓(16550),"{'High': 28, 'Low': 3}","{'第5級': 3, '第4*級': 3, '第1級': 7, 'Unknown': 10, '第1*級': 1, '第6級': 2, '第3*級': 2, '第4級': 2, '第2級': 1}",5,Y,Y,N,Y
不久，凱特溫絲蕾因為與男友分手而越來越「穩重」，後來她的體重更是隨著「鐵達尼號」票房成正比增加。,不久 凱特溫絲蕾 因為 與 男友 分手 而 越來越 穩重 後來 她 的 體重 更 是 隨著 鐵達尼號 票房 成 正比 增加,21,不久(34049) 凱特溫絲蕾(Unknown) 因為(425061) 與(968432) 男友(3501) 分手(4597) 而(937923) 越來越(27239) 穩重(1259) 後來(95618) 她(1052913) 的(16029838) 體重(9285) 更(361676) 是(4642407) 隨著(32948) 鐵達尼號(369) 票房(2221) 成(76470) 正比(756) 增加(48296),"{'High': 20, 'Low': 1}","{'Unknown': 6, '第1*級': 1, '第4*級': 4, '第5級': 2, '第6級': 2, '第2級': 1, '第1級': 3, '第7級': 1, '第4級': 1}",3,Y,Y,N,Y
今年一月她接受訪問時還「勸告」跟她同輩的年輕女孩們，「人生苦短，活在當下」，所以對於體重不必「斤斤」計較。,今年 一月 她 接受 訪問 時 還 勸告 跟 她 同輩 的 年輕 女孩 們 人生 苦短 活 在 當下 所以 對於 體重 不必 斤斤 計較,26,今年(10836) 一月(8186) 她(1052913) 接受(84729) 訪問(12881) 時(623734) 還(625086) 勸告(1884) 跟(260280) 她(1052913) 同輩(775) 的(16029838) 年輕(48853) 女孩(36600) 們(140794) 人生(69234) 苦短(Unknown) 活(49727) 在(3284238) 當下(15053) 所以(239080) 對於(99570) 體重(9285) 不必(29161) 斤斤(31) 計較(3169),"{'High': 24, 'Low': 2}","{'第1級': 6, '第4級': 3, '第3*級': 1, 'Unknown': 4, '第5級': 2, '第1*級': 3, '第6級': 3, '第2級': 1, '第4*級': 2, '第3級': 1}",0,Y,Y,N,N
根據好萊塢娛樂專欄作家麗莎史密斯報導，昨天過五十一歲生日的阿諾史瓦辛格預定拍攝一部以紐約為背景的高成本特效電影「末日」(，暫譯)，並且屬意凱特溫絲蕾飾演他在片中的女友，但是凱特溫絲蕾必須在開拍前減重十磅。,根據 好萊塢 娛樂 專欄 作家 麗莎史密斯 報導 昨天 過 五十一 歲 生日 的 阿諾史瓦辛格 預定 拍攝 一 部 以 紐約 為 背景 的 高成本 特效 電影 末日 暫 譯 並且 屬意 凱特溫絲蕾 飾演 他 在 片 中 的 女友 但是 凱特溫絲蕾 必須 在 開拍 前 減重 十 磅,48,根據(51908) 好萊塢(7465) 娛樂(8783) 專欄(3200) 作家(24304) 麗莎史密斯(Unknown) 報導(27311) 昨天(12735) 過(412878) 五十一(615) 歲(130085) 生日(6251) 的(16029838) 阿諾史瓦辛格(Unknown) 預定(3218) 拍攝(15537) 一(3701681) 部(71567) 以(547785) 紐約(19690) 為(761341) 背景(23264) 的(16029838) 高成本(103) 特效(1267) 電影(115295) 末日(1975) 暫(2026) 譯(7545) 並且(60996) 屬意(436) 凱特溫絲蕾(Unknown) 飾演(3272) 他(2487930) 在(3284238) 片(71870) 中(1011729) 的(16029838) 女友(3706) 但是(247988) 凱特溫絲蕾(Unknown) 必須(170592) 在(3284238) 開拍(946) 前(272709) 減重(349) 十(77415) 磅(3024),"{'High': 44, 'Low': 4}","{'第4*級': 2, 'Unknown': 16, '第5級': 5, '第6級': 4, '第4級': 3, '第1級': 9, '第1*級': 5, '第2級': 3, '第3級': 1}",7,Y,Y,N,Y
目前凱特溫絲蕾正在澳洲拍攝女導演珍康萍的新作「聖煙」(，暫譯)，她在片中飾演一個從新興宗教團體逃出的澳洲女孩，哈維凱托則飾演試圖開導她的老人。,目前 凱特溫絲蕾 正在 澳洲 拍攝 女 導演 珍康萍 的 新作 聖煙 暫 譯 她 在 片 中 飾演 一 個 從 新興 宗教 團體 逃出 的 澳洲 女孩 哈維凱托 則 飾演 試圖 開導 她 的 老人,36,目前(48695) 凱特溫絲蕾(Unknown) 正在(54336) 澳洲(5383) 拍攝(15537) 女(51944) 導演(24296) 珍康萍(1) 的(16029838) 新作(752) 聖煙(Unknown) 暫(2026) 譯(7545) 她(1052913) 在(3284238) 片(71870) 中(1011729) 飾演(3272) 一(3701681) 個(2296574) 從(496546) 新興(4357) 宗教(31336) 團體(30852) 逃出(2741) 的(16029838) 澳洲(5383) 女孩(36600) 哈維凱托(Unknown) 則(254096) 飾演(3272) 試圖(16209) 開導(786) 她(1052913) 的(16029838) 老人(23906),"{'High': 32, 'Low': 4}","{'第4級': 7, 'Unknown': 10, '第5級': 2, '第1*級': 3, '第1級': 7, '第2級': 2, '第6級': 4, '第7級': 1}",3,Y,N,N,Y
由於她在片中將有全裸演出，加上阿諾史瓦辛格開出的條件，凱特溫絲蕾於是決定以甘藍芽代替主食，進行她的「一舉兩得瘦身計畫」。,由於 她 在 片 中將 有 全裸 演出 加上 阿諾史瓦辛格 開出 的 條件 凱特溫絲蕾 於是 決定 以 甘藍芽 代替 主食 進行 她 的 一舉兩得 瘦身 計畫,26,由於(88111) 她(1052913) 在(3284238) 片(71870) 中將(423) 有(2217079) 全裸(87) 演出(20672) 加上(38121) 阿諾史瓦辛格(Unknown) 開出(2147) 的(16029838) 條件(36308) 凱特溫絲蕾(Unknown) 於是(108155) 決定(101837) 以(547785) 甘藍芽(3) 代替(6407) 主食(863) 進行(100298) 她(1052913) 的(16029838) 一舉兩得(308) 瘦身(524) 計畫(54820),"{'High': 22, 'Low': 4}","{'第4*級': 3, '第1級': 5, '第1*級': 1, '第2級': 3, 'Unknown': 8, '第3級': 1, '第4級': 1, '第5級': 3, '第6級': 1}",4,Y,Y,N,Y
進行她的「一舉兩得瘦身計畫」。,進行 她 的 一舉兩得 瘦身 計畫,6,進行(100298) 她(1052913) 的(16029838) 一舉兩得(308) 瘦身(524) 計畫(54820),{'High': 6},"{'第5級': 1, '第1級': 2, '第6級': 1, 'Unknown': 1, '第2級': 1}",1,Y,N,N,N
中廣將在八月一日慶祝七十週年生日，慶祝活動已經陸續展開，昨天葛大衛與方笛特別邀請了歌手張智霖、熊天平、棻蘭、陳譯賢等人為八月一日晚間於台北大安森林公園舉行的「渾身是勁」演唱會熱身，大衛王還特別介紹了一位加拿大歌手琳妮伊凡，她雖然不會說國語，卻會唱閩南語、國語歌，也將在當晚登台表演，而周華健、張惠妹、許茹芸等數十位歌手都將演出，東森電視台從一日晚間八點起現場轉播。,中廣 將 在 八月 一日 慶祝 七十 週年 生日 慶祝 活動 已經 陸續 展開 昨天 葛大衛 與 方笛 特別 邀請 了 歌手 張智霖 熊天平 棻蘭 陳譯賢 等 人 為 八月 一日 晚間 於 台北 大安 森林 公園 舉行 的 渾身 是 勁 演唱會 熱身 大衛王 還 特別 介紹 了 一 位 加拿大 歌手 琳妮伊凡 她 雖然 不會 說 國語 卻 會 唱 閩南語 國語歌 也 將 在 當晚 登台 表演 而 周華健 張惠妹 許茹芸 等 數十 位 歌手 都 將 演出 東森 電視台 從 一日 晚間 八點 起 現場 轉播,90,中廣(400) 將(448374) 在(3284238) 八月(15534) 一日(5343) 慶祝(5285) 七十(4970) 週年(2012) 生日(6251) 慶祝(5285) 活動(85743) 已經(245160) 陸續(7091) 展開(17154) 昨天(12735) 葛大衛(Unknown) 與(968432) 方笛(Unknown) 特別(91212) 邀請(14342) 了(3199291) 歌手(3506) 張智霖(6) 熊天平(Unknown) 棻蘭(Unknown) 陳譯賢(Unknown) 等(327380) 人(1550512) 為(761341) 八月(15534) 一日(5343) 晚間(1978) 於(327210) 台北(22242) 大安(286) 森林(14387) 公園(13910) 舉行(17660) 的(16029838) 渾身(6183) 是(4642407) 勁(2214) 演唱會(1194) 熱身(368) 大衛王(76) 還(625086) 特別(91212) 介紹(26468) 了(3199291) 一(3701681) 位(284809) 加拿大(5370) 歌手(3506) 琳妮伊凡(Unknown) 她(1052913) 雖然(152988) 不會(173045) 說(1285247) 國語(3737) 卻(333007) 會(1014977) 唱(18607) 閩南語(928) 國語歌(2) 也(1590760) 將(448374) 在(3284238) 當晚(3170) 登台(514) 表演(20601) 而(937923) 周華健(28) 張惠妹(191) 許茹芸(Unknown) 等(327380) 數十(9385) 位(284809) 歌手(3506) 都(1125846) 將(448374) 演出(20672) 東森(62) 電視台(4618) 從(496546) 一日(5343) 晚間(1978) 八點(2330) 起(96746) 現場(15949) 轉播(1321),"{'High': 78, 'Low': 12}","{'Unknown': 36, '第5級': 8, '第1*級': 8, '第4級': 11, '第4*級': 6, '第2級': 5, '第1級': 11, '第3*級': 3, '第6級': 2}",14,Y,Y,N,Y
中廣這次為了台慶準備了許多慶祝活動，今天上午將舉辦「全球華語電台聯誼會」，邀請了美、加、巴拿馬、澳洲、南非以及星馬地區的華人電台代表共聚一堂，同時還將與國內電台業者交流。,中廣 這 次 為了 台慶 準備 了 許多 慶祝 活動 今天 上午 將 舉辦 全球 華語 電台 聯誼會 邀請 了 美 加 巴拿馬 澳洲 南非 以及 星馬 地區 的 華人 電台 代表 共聚一堂 同時 還 將 與 國內 電台 業者 交流,41,中廣(400) 這(2114032) 次(331701) 為了(Unknown) 台慶(6) 準備(64901) 了(3199291) 許多(159791) 慶祝(5285) 活動(85743) 今天(73277) 上午(6241) 將(448374) 舉辦(12070) 全球(21104) 華語(2142) 電台(4092) 聯誼會(458) 邀請(14342) 了(3199291) 美(53380) 加(28242) 巴拿馬(703) 澳洲(5383) 南非(2714) 以及(155624) 星馬(68) 地區(40339) 的(16029838) 華人(9768) 電台(4092) 代表(58333) 共聚一堂(92) 同時(115305) 還(625086) 將(448374) 與(968432) 國內(17537) 電台(4092) 業者(6857) 交流(10657),"{'High': 37, 'Low': 4}","{'Unknown': 12, '第1級': 4, '第2級': 4, '第3*級': 2, '第4級': 8, '第5級': 4, '第3級': 1, '第6級': 3, '第1*級': 1, '第4*級': 2}",3,Y,Y,N,N
八月一日將在圓山飯店舉辦慶祝酒會，八月十五日還將在台北大安森林公園舉辦「親愛的地球」音樂會。,八月 一日 將 在 圓山 飯店 舉辦 慶祝 酒會 八月 十五日 還 將 在 台北 大安 森林 公園 舉辦 親愛的 地球 音樂會,22,八月(15534) 一日(5343) 將(448374) 在(3284238) 圓山(433) 飯店(9669) 舉辦(12070) 慶祝(5285) 酒會(583) 八月(15534) 十五日(4220) 還(625086) 將(448374) 在(3284238) 台北(22242) 大安(286) 森林(14387) 公園(13910) 舉辦(12070) 親愛的(5520) 地球(21533) 音樂會(3276),{'High': 22},"{'Unknown': 11, '第5級': 2, '第1*級': 3, '第2*級': 1, '第4級': 5}",3,Y,N,N,N
八月十五日還將在台北大安森林公園舉辦「親愛的地球」音樂會。,八月 十五日 還 將 在 台北 大安 森林 公園 舉辦 親愛的 地球 音樂會,13,八月(15534) 十五日(4220) 還(625086) 將(448374) 在(3284238) 台北(22242) 大安(286) 森林(14387) 公園(13910) 舉辦(12070) 親愛的(5520) 地球(21533) 音樂會(3276),{'High': 13},"{'Unknown': 7, '第5級': 1, '第1*級': 2, '第4級': 3}",3,Y,N,N,N
中華開發董事長劉泰英昨日傍晚證實，中華開發已經提撥五十一億元聯貸款項給安鋒集團，且開發看好安鋒集團旗下的振安鋼鐵，其年獲利率高達一五%，決定邀請中鋼、和黨營事業中央投資公司買下振安鋼鐵至少三分之二的股權。,中華 開發 董事長 劉泰英 昨日 傍晚 證實 中華 開發 已經 提撥 五十一億 元 聯貸 款項 給 安鋒 集團 且 開發 看好 安鋒 集團 旗下 的 振安鋼鐵 其 年 獲利率 高達 一五 決定 邀請 中鋼 和 黨營 事業 中央 投資 公司 買下 振安鋼鐵 至少 三分之二 的 股權,46,中華(8450) 開發(19196) 董事長(8106) 劉泰英(30) 昨日(2036) 傍晚(6389) 證實(10978) 中華(8450) 開發(19196) 已經(245160) 提撥(230) 五十一億(6) 元(60807) 聯貸(13) 款項(1318) 給(240485) 安鋒(26) 集團(20609) 且(67015) 開發(19196) 看好(2408) 安鋒(26) 集團(20609) 旗下(2893) 的(16029838) 振安鋼鐵(Unknown) 其(307905) 年(514736) 獲利率(332) 高達(7931) 一五(691) 決定(101837) 邀請(14342) 中鋼(602) 和(1338337) 黨營(437) 事業(32957) 中央(46180) 投資(38191) 公司(168500) 買下(4461) 振安鋼鐵(Unknown) 至少(41964) 三分之二(1722) 的(16029838) 股權(2196),"{'High': 39, 'Low': 7}","{'Unknown': 21, '第5級': 9, '第2級': 3, '第1級': 5, '第7級': 1, '第3級': 1, '第6級': 2, '第4級': 2, '第4*級': 2}",7,Y,Y,N,Y
劉泰英表示，安鋒集團五十一億的聯貸案款項已經撥出，沒有問題，目前正進行再支援的評估計畫。,劉泰英 表示 安鋒 集團 五十一億 的 聯貸案 款項 已經 撥出 沒有 問題 目前 正 進行 再 支援 的 評估 計畫,20,劉泰英(30) 表示(74452) 安鋒(26) 集團(20609) 五十一億(6) 的(16029838) 聯貸案(3) 款項(1318) 已經(245160) 撥出(865) 沒有(594280) 問題(280782) 目前(48695) 正(179334) 進行(100298) 再(326207) 支援(7847) 的(16029838) 評估(16292) 計畫(54820),"{'Low': 4, 'High': 16}","{'Unknown': 5, '第4*級': 1, '第5級': 4, '第1級': 4, '第7級': 1, '第2級': 2, '第4級': 1, '第3*級': 1, '第1*級': 1}",3,Y,N,N,Y
目前安鋒集團只需二十億元就可以解決眼前的困境，而開發對於安鋒集團子公司振安鋼鐵頗感興趣，據了解，振安鋼鐵是國內唯一使用新式設備生產鍍鋅鋼板的鋼鐵工廠。,目前 安鋒 集團 只 需 二十億 元 就 可以 解決 眼前 的 困境 而 開發 對於 安鋒 集團 子公司 振安鋼鐵 頗 感興趣 據了解 振安鋼鐵 是 國內 唯一 使用 新式 設備 生產 鍍鋅 鋼板 的 鋼鐵 工廠,36,目前(48695) 安鋒(26) 集團(20609) 只(436725) 需(27999) 二十億(491) 元(60807) 就(1737544) 可以(560531) 解決(55725) 眼前(26163) 的(16029838) 困境(10774) 而(937923) 開發(19196) 對於(99570) 安鋒(26) 集團(20609) 子公司(1190) 振安鋼鐵(Unknown) 頗(22266) 感興趣(10107) 據了解(263) 振安鋼鐵(Unknown) 是(4642407) 國內(17537) 唯一(39149) 使用(99640) 新式(1740) 設備(12866) 生產(36079) 鍍鋅(66) 鋼板(254) 的(16029838) 鋼鐵(2695) 工廠(16192),"{'High': 31, 'Low': 5}","{'第4級': 6, 'Unknown': 12, '第5級': 7, '第1*級': 1, '第2級': 1, '第1級': 6, '第4*級': 2, '第6級': 1}",6,Y,Y,N,Y
若開發買下振安鋼鐵將有助於安鋒集團度過財務困境，這也是工業銀行的功能，目前正積極評估當中。,若 開發 買下 振安鋼鐵 將 有助於 安鋒 集團 度過 財務 困境 這 也 是 工業 銀行 的 功能 目前 正 積極 評估 當中,23,若(92766) 開發(19196) 買下(4461) 振安鋼鐵(Unknown) 將(448374) 有助於(9351) 安鋒(26) 集團(20609) 度過(9438) 財務(9196) 困境(10774) 這(2114032) 也(1590760) 是(4642407) 工業(20144) 銀行(33825) 的(16029838) 功能(38600) 目前(48695) 正(179334) 積極(24247) 評估(16292) 當中(28263),"{'High': 21, 'Low': 2}","{'Unknown': 6, '第5級': 6, '第4*級': 2, '第1級': 4, '第2級': 1, '第4級': 2, '第3*級': 2}",2,Y,Y,N,Y
劉泰英說，目前安鋒集團的情況「相當不好」，可用的抵押品已經不多，開發出面將振安鋼鐵買下，安鋒集團不但可以存活，同時開發還可以持有振安鋼鐵，並憑藉開發的信用，利息也可以降低；而未來並考慮將振安鋼鐵上市，估計幾年後還可賺好幾倍。,劉泰英 說 目前 安鋒 集團 的 情況 相當 不 好 可用 的 抵押品 已經 不 多 開發 出面 將 振安鋼鐵 買下 安鋒 集團 不但 可以 存活 同時 開發 還可以 持有 振安鋼鐵 並 憑藉 開發 的 信用 利息 也 可以 降低 而 未來 並 考慮 將 振安鋼鐵 上市 估計 幾 年 後 還 可 賺 好幾 倍,56,劉泰英(30) 說(1285247) 目前(48695) 安鋒(26) 集團(20609) 的(16029838) 情況(92301) 相當(66293) 不(2282521) 好(448428) 可用(88) 的(16029838) 抵押品(230) 已經(245160) 不(2282521) 多(318992) 開發(19196) 出面(4199) 將(448374) 振安鋼鐵(Unknown) 買下(4461) 安鋒(26) 集團(20609) 不但(40359) 可以(560531) 存活(3137) 同時(115305) 開發(19196) 還可以(9751) 持有(4356) 振安鋼鐵(Unknown) 並(442790) 憑藉(3142) 開發(19196) 的(16029838) 信用(4062) 利息(2737) 也(1590760) 可以(560531) 降低(15638) 而(937923) 未來(54445) 並(442790) 考慮(28774) 將(448374) 振安鋼鐵(Unknown) 上市(7933) 估計(7162) 幾(229415) 年(514736) 後(422857) 還(625086) 可(307359) 賺(9831) 好幾(30650) 倍(22818),"{'Low': 7, 'High': 49}","{'Unknown': 14, '第1級': 13, '第4級': 5, '第5級': 12, '第3級': 2, '第2級': 1, '第6級': 3, '第3*級': 2, '第4*級': 4}",6,Y,Y,N,Y
劉泰英表示，計畫將結合中鋼和中投，以全數購買或買下至少三分之二股權的方式，取得振安鋼鐵的主控權。,劉泰英 表示 計畫 將 結合 中鋼 和 中投 以 全數 購買 或 買下 至少 三分之二 股權 的 方式 取得 振安鋼鐵 的 主控權,22,劉泰英(30) 表示(74452) 計畫(54820) 將(448374) 結合(22408) 中鋼(602) 和(1338337) 中投(4) 以(547785) 全數(1848) 購買(14998) 或(478077) 買下(4461) 至少(41964) 三分之二(1722) 股權(2196) 的(16029838) 方式(133407) 取得(25649) 振安鋼鐵(Unknown) 的(16029838) 主控權(441),"{'Low': 3, 'High': 19}","{'Unknown': 10, '第4*級': 3, '第2級': 1, '第5級': 3, '第4級': 2, '第3級': 1, '第1級': 2}",4,Y,Y,N,Y
劉泰英認為，與中鋼形成聯盟、並以中鋼認可的價格買進振安的股份，可以免去黨營事業利益輸送的聯想；而黨營事業中央投資公司目前擁有安鋒集團金士奇公司一五%的股份，劉泰英說，這部分也可以換股的方式，交換振安鋼鐵的股票，好讓策略聯盟能夠握有絕對優勢，取得振安鋼鐵的主控權。,劉泰英 認為 與 中鋼 形成 聯盟 並 以 中鋼 認可 的 價格 買進 振安 的 股份 可以 免去 黨營 事業 利益 輸送 的 聯想 而 黨營 事業 中央 投資 公司 目前 擁有 安鋒 集團 金士奇 公司 一五 的 股份 劉泰英 說 這 部分 也 可 以 換股 的 方式 交換 振安鋼鐵 的 股票 好 讓 策略 聯盟 能夠 握有 絕對 優勢 取得 振安鋼鐵 的 主控權,65,劉泰英(30) 認為(192030) 與(968432) 中鋼(602) 形成(47486) 聯盟(7935) 並(442790) 以(547785) 中鋼(602) 認可(5069) 的(16029838) 價格(21121) 買進(2343) 振安(2) 的(16029838) 股份(4551) 可以(560531) 免去(976) 黨營(437) 事業(32957) 利益(25126) 輸送(1156) 的(16029838) 聯想(5033) 而(937923) 黨營(437) 事業(32957) 中央(46180) 投資(38191) 公司(168500) 目前(48695) 擁有(55809) 安鋒(26) 集團(20609) 金士奇(Unknown) 公司(168500) 一五(691) 的(16029838) 股份(4551) 劉泰英(30) 說(1285247) 這(2114032) 部分(82518) 也(1590760) 可(307359) 以(547785) 換股(40) 的(16029838) 方式(133407) 交換(11543) 振安鋼鐵(Unknown) 的(16029838) 股票(13732) 好(448428) 讓(526314) 策略(35734) 聯盟(7935) 能夠(96422) 握有(1824) 絕對(42446) 優勢(16050) 取得(25649) 振安鋼鐵(Unknown) 的(16029838) 主控權(441),"{'Low': 8, 'High': 57}","{'Unknown': 20, '第2級': 5, '第4*級': 8, '第6級': 5, '第5級': 13, '第1級': 11, '第4級': 3}",6,Y,Y,N,Y
屆時安鋒集團持有振安鋼鐵的股份將降至三分之一以下，甚至更少。,屆時 安鋒 集團 持有 振安鋼鐵 的 股份 將 降至 三分之一 以下 甚至 更少,13,屆時(2382) 安鋒(26) 集團(20609) 持有(4356) 振安鋼鐵(Unknown) 的(16029838) 股份(4551) 將(448374) 降至(862) 三分之一(3691) 以下(29388) 甚至(122502) 更少(1133),"{'High': 11, 'Low': 2}","{'第6級': 2, 'Unknown': 6, '第5級': 2, '第1級': 1, '第3*級': 1, '第4*級': 1}",2,Y,N,N,Y
安鋒集團是在前天傳出七千九百萬元的跳票事件，雖然已經獲得解決，但是因為亞洲金融風暴、台幣劇貶以及安鋒集團因為大舉投資的利息壓力，導致安鋒集團的財務狀況相當吃緊，貸款額度已超過百億。,安鋒 集團 是 在 前天 傳出 七千九百萬 元 的 跳票 事件 雖然 已經 獲得 解決 但是 因為 亞洲 金融 風暴 台幣 劇貶 以及 安鋒 集團 因為 大舉 投資 的 利息 壓力 導致 安鋒 集團 的 財務 狀況 相當 吃緊 貸款 額度 已 超過 百億,44,安鋒(26) 集團(20609) 是(4642407) 在(3284238) 前天(1256) 傳出(4421) 七千九百萬(3) 元(60807) 的(16029838) 跳票(98) 事件(59059) 雖然(152988) 已經(245160) 獲得(54809) 解決(55725) 但是(247988) 因為(425061) 亞洲(13256) 金融(15237) 風暴(4066) 台幣(1259) 劇貶(1) 以及(155624) 安鋒(26) 集團(20609) 因為(425061) 大舉(1934) 投資(38191) 的(16029838) 利息(2737) 壓力(40408) 導致(30222) 安鋒(26) 集團(20609) 的(16029838) 財務(9196) 狀況(44199) 相當(66293) 吃緊(424) 貸款(6235) 額度(699) 已(215610) 超過(30507) 百億(269),"{'Low': 6, 'High': 38}","{'Unknown': 8, '第5級': 11, '第1級': 5, '第1*級': 4, '第2級': 3, '第4級': 4, '第3*級': 1, '第6級': 4, '第4*級': 1, '第3級': 2, '第7級': 1}",1,Y,Y,N,Y
劉泰英認為，對安鋒集團伸出援手是工業銀行的主要功能。,劉泰英 認為 對 安鋒 集團 伸出 援手 是 工業 銀行 的 主要 功能,13,劉泰英(30) 認為(192030) 對(897964) 安鋒(26) 集團(20609) 伸出(10389) 援手(1351) 是(4642407) 工業(20144) 銀行(33825) 的(16029838) 主要(78757) 功能(38600),"{'Low': 2, 'High': 11}","{'Unknown': 4, '第2級': 2, '第1級': 3, '第5級': 1, '第6級': 1, '第4級': 2}",1,Y,N,N,Y
他說，安鋒集團的貸款額度太大，將近一百二十億，若安鋒沒有即時度過難關，將有可能引發另一波金融風暴，因此開發已經撥出聯貸款項，同時認為振安鋼鐵發展前景可期，因此並計畫將振安鋼鐵買下。,他 說 安鋒 集團 的 貸款 額度 太 大 將近 一百二十億 若 安鋒 沒有 即時 度過 難關 將 有 可能 引發 另 一 波 金融 風暴 因此 開發 已經 撥出 聯貸 款項 同時 認為 振安鋼鐵 發展 前景 可期 因此 並 計畫 將 振安鋼鐵 買下,44,他(2487930) 說(1285247) 安鋒(26) 集團(20609) 的(16029838) 貸款(6235) 額度(699) 太(181732) 大(525780) 將近(7567) 一百二十億(57) 若(92766) 安鋒(26) 沒有(594280) 即時(3678) 度過(9438) 難關(2237) 將(448374) 有(2217079) 可能(271025) 引發(17487) 另(138369) 一(3701681) 波(13054) 金融(15237) 風暴(4066) 因此(184606) 開發(19196) 已經(245160) 撥出(865) 聯貸(13) 款項(1318) 同時(115305) 認為(192030) 振安鋼鐵(Unknown) 發展(117494) 前景(3301) 可期(299) 因此(184606) 並(442790) 計畫(54820) 將(448374) 振安鋼鐵(Unknown) 買下(4461),"{'High': 38, 'Low': 6}","{'第1級': 9, 'Unknown': 10, '第5級': 8, '第6級': 5, '第4*級': 5, '第3級': 1, '第2級': 3, '第7級': 1, '第3*級': 1, '第4級': 1}",3,Y,Y,N,Y
劉泰英表示，這個計畫正在積極評估，並協調中鋼以及中央投資公司合作。,劉泰英 表示 這 個 計畫 正在 積極 評估 並 協調 中鋼 以及 中央 投資 公司 合作,16,劉泰英(30) 表示(74452) 這(2114032) 個(2296574) 計畫(54820) 正在(54336) 積極(24247) 評估(16292) 並(442790) 協調(8656) 中鋼(602) 以及(155624) 中央(46180) 投資(38191) 公司(168500) 合作(35908),"{'Low': 1, 'High': 15}","{'Unknown': 3, '第4*級': 4, '第1級': 2, '第2級': 2, '第5級': 3, '第6級': 1, '第3*級': 1}",1,Y,Y,N,Y
他說，這就好像用藥一樣，藥量過猛、過輕都不好，而買下振安鋼鐵雖然會迫使安鋒集團出讓旗下的體質較好的振安鋼鐵，但是，若能解決安鋒集團的問題，同時免去一場可能發生的金融風暴，這便是用對了藥。,他 說 這 就 好像 用藥 一樣 藥量 過 猛 過 輕 都 不 好 而 買下 振安鋼鐵 雖然 會 迫使 安鋒 集團 出讓 旗下 的 體質 較 好 的 振安鋼鐵 但是 若 能 解決 安鋒 集團 的 問題 同時 免去 一 場 可能 發生 的 金融 風暴 這 便是 用 對了 藥,53,他(2487930) 說(1285247) 這(2114032) 就(1737544) 好像(67024) 用藥(1009) 一樣(188109) 藥量(266) 過(412878) 猛(12538) 過(412878) 輕(18944) 都(1125846) 不(2282521) 好(448428) 而(937923) 買下(4461) 振安鋼鐵(Unknown) 雖然(152988) 會(1014977) 迫使(4454) 安鋒(26) 集團(20609) 出讓(52) 旗下(2893) 的(16029838) 體質(3532) 較(78424) 好(448428) 的(16029838) 振安鋼鐵(Unknown) 但是(247988) 若(92766) 能(582260) 解決(55725) 安鋒(26) 集團(20609) 的(16029838) 問題(280782) 同時(115305) 免去(976) 一(3701681) 場(68915) 可能(271025) 發生(129211) 的(16029838) 金融(15237) 風暴(4066) 這(2114032) 便是(6111) 用(377038) 對了(4808) 藥(25188),"{'High': 48, 'Low': 5}","{'第1級': 15, '第2級': 5, 'Unknown': 14, '第1*級': 6, '第5級': 5, '第2*級': 1, '第6級': 4, '第4級': 1, '第3*級': 1, '第3級': 1}",2,Y,Y,N,Y
這便是用對了藥。,這 便是 用 對了藥,4,這(2114032) 便是(6111) 用(377038) 對了藥(Unknown),"{'High': 3, 'Low': 1}","{'第1級': 2, 'Unknown': 2}",1,N,Y,N,N
原本被打回票的勞宅貸款戶數擴增案，昨天經過經建會召開協調會，又起死回生，會議原則同意勞委會主辦的「輔助勞工建構住宅貸款」戶數，從今(八十七)年開始，增加三千戶，成為兩萬八千戶，預計使今年中籤率可達三%，今年勞宅貸款將在九月收件，十一月公開抽籤。,原本 被 打回票 的 勞宅 貸款 戶數 擴增 案 昨天 經過 經建會 召開 協調會 又 起死回生 會議 原則 同意 勞委會 主辦 的 輔助 勞工 建構 住宅 貸款 戶數 從 今 八十七 年 開始 增加 三千戶 成為 兩萬八千 戶 預計 使 今年 中籤率 可 達 三 今年 勞宅 貸款 將 在 九月 收件 十一月 公開 抽籤,55,原本(35765) 被(540683) 打回票(76) 的(16029838) 勞宅(Unknown) 貸款(6235) 戶數(145) 擴增(439) 案(11719) 昨天(12735) 經過(64617) 經建會(230) 召開(5858) 協調會(87) 又(535555) 起死回生(742) 會議(30698) 原則(31148) 同意(30620) 勞委會(136) 主辦(2897) 的(16029838) 輔助(3698) 勞工(4872) 建構(13771) 住宅(5250) 貸款(6235) 戶數(145) 從(496546) 今(33635) 八十七(276) 年(514736) 開始(245562) 增加(48296) 三千戶(Unknown) 成為(143834) 兩萬八千(46) 戶(9491) 預計(2295) 使(197544) 今年(10836) 中籤率(3) 可(307359) 達(25383) 三(313861) 今年(10836) 勞宅(Unknown) 貸款(6235) 將(448374) 在(3284238) 九月(15070) 收件(333) 十一月(12863) 公開(19118) 抽籤(600),"{'High': 48, 'Low': 7}","{'第4*級': 5, '第2級': 3, 'Unknown': 18, '第1級': 7, '第5級': 11, '第6級': 3, '第1*級': 3, '第7級': 2, '第4級': 2, '第3級': 1}",10,Y,N,N,N
由於行政院「跨世紀國家建設」方案擘畫勞宅貸款應逐年擴充至五萬戶，因此勞委會提出擴增勞宅貸款三千戶的提案至行政院，行政院於六月二十三日要求經建會開會協調，而經建會在七月三日就此案進行協調時，當時與會的財政、主計單位，認為勞委會對政府利息補貼精算過於粗糙，因此決定此案暫緩辦理。,由於 行政院 跨 世紀 國家 建設 方案 擘畫 勞宅 貸款 應 逐年 擴充 至 五萬 戶 因此 勞委會 提出 擴增 勞宅 貸款 三千 戶 的 提案 至 行政院 行政院 於 六月 二十三日 要求 經建會 開會 協調 而 經建會 在 七月 三日 就 此 案 進行 協調 時 當時 與會 的 財政 主計 單位 認為 勞委會 對 政府 利息 補貼 精算 過於 粗糙 因此 決定 此 案 暫緩 辦理,68,由於(88111) 行政院(4347) 跨(8128) 世紀(16204) 國家(109166) 建設(11627) 方案(14354) 擘畫(100) 勞宅(Unknown) 貸款(6235) 應(82417) 逐年(951) 擴充(2401) 至(101530) 五萬(2821) 戶(9491) 因此(184606) 勞委會(136) 提出(63073) 擴增(439) 勞宅(Unknown) 貸款(6235) 三千(5525) 戶(9491) 的(16029838) 提案(3150) 至(101530) 行政院(4347) 行政院(4347) 於(327210) 六月(14880) 二十三日(2761) 要求(71192) 經建會(230) 開會(6368) 協調(8656) 而(937923) 經建會(230) 在(3284238) 七月(15511) 三日(3684) 就(1737544) 此(288458) 案(11719) 進行(100298) 協調(8656) 時(623734) 當時(126214) 與會(2411) 的(16029838) 財政(5462) 主計(84) 單位(23148) 認為(192030) 勞委會(136) 對(897964) 政府(92663) 利息(2737) 補貼(928) 精算(163) 過於(10507) 粗糙(3531) 因此(184606) 決定(101837) 此(288458) 案(11719) 暫緩(584) 辦理(7225),"{'High': 64, 'Low': 4}","{'第4*級': 5, 'Unknown': 21, '第5級': 17, '第4級': 2, '第1*級': 2, '第6級': 9, '第1級': 4, '第3*級': 4, '第2級': 2, '第7級': 2}",8,Y,Y,N,N
不過，勞委會最近又捲土重來，勞委會認為勞宅貸款戶數要增加的理由，除了前述「跨世紀國家建設方案」之外，又再增加行政院長蕭萬長曾經在國民黨中常會中提出十大承諾，其中一項就是增加勞宅貸款，而且對於政府利息負擔，勞委會明確提出未來三十年是二十七億元。,不過 勞委會 最近 又 捲土重來 勞委會 認為 勞宅 貸款 戶數 要 增加 的 理由 除了 前述 跨 世紀 國家 建設 方案 之外 又 再 增加 行政院長 蕭萬長 曾經 在 國民黨 中常會 中 提出 十 大 承諾 其中 一 項 就 是 增加 勞宅 貸款 而且 對於 政府 利息 負擔 勞委會 明確 提出 未來 三十 年 是 二十七億 元,58,不過(186226) 勞委會(136) 最近(30174) 又(535555) 捲土重來(594) 勞委會(136) 認為(192030) 勞宅(Unknown) 貸款(6235) 戶數(145) 要(851264) 增加(48296) 的(16029838) 理由(32460) 除了(75964) 前述(4204) 跨(8128) 世紀(16204) 國家(109166) 建設(11627) 方案(14354) 之外(45757) 又(535555) 再(326207) 增加(48296) 行政院長(698) 蕭萬長(116) 曾經(52970) 在(3284238) 國民黨(11621) 中常會(211) 中(1011729) 提出(63073) 十(77415) 大(525780) 承諾(9759) 其中(95627) 一(3701681) 項(88887) 就(1737544) 是(4642407) 增加(48296) 勞宅(Unknown) 貸款(6235) 而且(180402) 對於(99570) 政府(92663) 利息(2737) 負擔(10490) 勞委會(136) 明確(17292) 提出(63073) 未來(54445) 三十(24336) 年(514736) 是(4642407) 二十七億(30) 元(60807),"{'High': 55, 'Low': 3}","{'第2級': 3, 'Unknown': 17, '第1*級': 5, '第5級': 10, '第1級': 10, '第4級': 8, '第3*級': 2, '第6級': 2, '第3級': 1}",9,Y,Y,N,Y
主持昨天會議的經建會都市及住宅發展處處長夏正鐘說，昨天協調會上，與會人員對於勞委會的估計，大多認為可以接受，因此會議原則同意勞委會的提案，但待主計處補送書面意見後，再提報行政院核定實施。,主持 昨天 會議 的 經建會 都市 及 住宅 發展 處 處長 夏正鐘 說 昨天 協調會 上 與會 人員 對於 勞委會 的 估計 大多 認為 可以 接受 因此 會議 原則 同意 勞委會 的 提案 但 待 主計處 補送 書面 意見 後 再 提報 行政院 核定 實施,45,主持(9827) 昨天(12735) 會議(30698) 的(16029838) 經建會(230) 都市(9548) 及(304586) 住宅(5250) 發展(117494) 處(84410) 處長(1328) 夏正鐘(Unknown) 說(1285247) 昨天(12735) 協調會(87) 上(1233218) 與會(2411) 人員(49261) 對於(99570) 勞委會(136) 的(16029838) 估計(7162) 大多(12946) 認為(192030) 可以(560531) 接受(84729) 因此(184606) 會議(30698) 原則(31148) 同意(30620) 勞委會(136) 的(16029838) 提案(3150) 但(597124) 待(32599) 主計處(176) 補送(10) 書面(2331) 意見(34740) 後(422857) 再(326207) 提報(258) 行政院(4347) 核定(551) 實施(11851),"{'High': 42, 'Low': 3}","{'第5級': 8, '第1級': 9, '第4級': 5, 'Unknown': 12, '第6級': 3, '第2級': 2, '第4*級': 2, '第3級': 1, '第3*級': 1, '第1*級': 1, '第7級': 1}",7,Y,Y,N,Y
據悉，主計處昨天仍有不同意見表達，不過與會人員認為會議結論依照主席裁示為準。,據悉 主計處 昨天 仍 有 不同 意見 表達 不過 與會 人員 認為 會議 結論 依照 主席 裁示 為準,18,據悉(283) 主計處(176) 昨天(12735) 仍(92056) 有(2217079) 不同(159432) 意見(34740) 表達(34582) 不過(186226) 與會(2411) 人員(49261) 認為(192030) 會議(30698) 結論(15145) 依照(10488) 主席(9526) 裁示(146) 為準(743),{'High': 18},"{'第7級': 1, 'Unknown': 3, '第1級': 2, '第4級': 2, '第3級': 1, '第3*級': 1, '第4*級': 2, '第2級': 2, '第6級': 1, '第5級': 3}",1,Y,Y,N,N
由於昨天會議已經原則同意，因此從八十七年開始，勞宅貸款戶數，由現行的二萬五千戶，增加為兩萬八千戶，未來幾年，除非勞委會又再提案增加，否則就是維持每年兩萬八千戶的額度，而今年戶數增加三千戶後，夏正鐘說，預計將使中籤率由去年的一九%躍升為三%。,由於 昨天 會議 已經 原則 同意 因此 從 八十七年 開始 勞宅 貸款 戶數 由 現行 的 二萬五千 戶 增加為 兩萬八千 戶 未來 幾 年 除非 勞委會 又 再 提案 增加 否則 就 是 維持 每年 兩萬八千 戶 的 額度 而 今年 戶數 增加 三千 戶 後 夏正鐘 說 預計 將 使 中籤率 由 去年 的 一九 躍升為 三,58,由於(88111) 昨天(12735) 會議(30698) 已經(245160) 原則(31148) 同意(30620) 因此(184606) 從(496546) 八十七年(337) 開始(245562) 勞宅(Unknown) 貸款(6235) 戶數(145) 由(208604) 現行(1947) 的(16029838) 二萬五千(336) 戶(9491) 增加為(263) 兩萬八千(46) 戶(9491) 未來(54445) 幾(229415) 年(514736) 除非(15100) 勞委會(136) 又(535555) 再(326207) 提案(3150) 增加(48296) 否則(26547) 就(1737544) 是(4642407) 維持(31284) 每年(Unknown) 兩萬八千(46) 戶(9491) 的(16029838) 額度(699) 而(937923) 今年(10836) 戶數(145) 增加(48296) 三千(5525) 戶(9491) 後(422857) 夏正鐘(Unknown) 說(1285247) 預計(2295) 將(448374) 使(197544) 中籤率(3) 由(208604) 去年(9462) 的(16029838) 一九(2832) 躍升為(259) 三(313861),"{'High': 52, 'Low': 6}","{'第4*級': 7, '第1級': 13, '第4級': 4, '第2級': 2, '第3級': 1, '第1*級': 3, 'Unknown': 15, '第5級': 10, '第6級': 3}",9,Y,Y,N,Y
根據勞委會統計，從八十一年到八十六年，每年經審查符合申貸資格者，都超過可以放貸的戶數，最高紀錄是八十四年有十萬三千九百八十四戶合乎資格。,根據 勞委會 統計 從 八十一年 到 八十六年 每年 經 審查 符合 申貸 資格 者 都 超過 可以 放貸 的 戶數 最 高 紀錄 是 八十四年 有 十萬三千九百八十四 戶 合乎 資格,30,根據(51908) 勞委會(136) 統計(9580) 從(496546) 八十一年(119) 到(546906) 八十六年(321) 每年(Unknown) 經(38471) 審查(4808) 符合(19232) 申貸(31) 資格(8486) 者(423504) 都(1125846) 超過(30507) 可以(560531) 放貸(124) 的(16029838) 戶數(145) 最(421680) 高(128858) 紀錄(14233) 是(4642407) 八十四年(246) 有(2217079) 十萬三千九百八十四(Unknown) 戶(9491) 合乎(3887) 資格(8486),"{'High': 27, 'Low': 3}","{'第4*級': 1, 'Unknown': 11, '第5級': 5, '第1*級': 2, '第1級': 7, '第6級': 2, '第4級': 2}",5,Y,N,N,N
最高紀錄是八十四年有十萬三千九百八十四戶合乎資格。,最 高 紀錄 是 八十四年 有 十萬三千九百八十四 戶 合乎 資格,10,最(421680) 高(128858) 紀錄(14233) 是(4642407) 八十四年(246) 有(2217079) 十萬三千九百八十四(Unknown) 戶(9491) 合乎(3887) 資格(8486),"{'High': 9, 'Low': 1}","{'第1*級': 1, '第1級': 3, '第4級': 1, 'Unknown': 2, '第5級': 2, '第6級': 1}",2,Y,N,N,N
印尼暴亂中發生排華憾事，澳洲「一族黨」人呼聲日盛。,印尼 暴亂 中 發生 排華 憾事 澳洲 一 族 黨 人 呼聲 日盛,13,印尼(3068) 暴亂(453) 中(1011729) 發生(129211) 排華(99) 憾事(373) 澳洲(5383) 一(3701681) 族(9285) 黨(23312) 人(1550512) 呼聲(1100) 日盛(82),"{'High': 11, 'Low': 2}","{'第6級': 1, 'Unknown': 8, '第3級': 1, '第4級': 1, '第1級': 2}",0,Y,N,N,Y
不同種族身處同一個政治實體中的相處問題，隱然已成世界各國的關注焦點。,不同 種族 身處 同 一 個 政治 實體 中 的 相處 問題 隱然 已 成 世界 各 國 的 關注 焦點,21,不同(159432) 種族(8942) 身處(4405) 同(102917) 一(3701681) 個(2296574) 政治(79504) 實體(4722) 中(1011729) 的(16029838) 相處(14573) 問題(280782) 隱然(386) 已(215610) 成(76470) 世界(165235) 各(243023) 國(73377) 的(16029838) 關注(11722) 焦點(10000),{'High': 21},"{'第3級': 2, '第5級': 3, '第6級': 2, 'Unknown': 3, '第1級': 6, '第4級': 1, '第4*級': 2, '第2級': 2}",0,Y,N,N,N
來台訪問的大陸熱河承德文物局局長杜江昨天指出，清朝前期政權的重要課題就是不同種族間的和諧相處。,來 台 訪問 的 大陸 熱河 承德 文物局 局長 杜江 昨天 指出 清朝 前期 政權 的 重要 課題 就 是 不同 種族 間 的 和諧 相處,26,來(742183) 台(29325) 訪問(12881) 的(16029838) 大陸(27031) 熱河(1090) 承德(406) 文物局(77) 局長(3442) 杜江(Unknown) 昨天(12735) 指出(38456) 清朝(9222) 前期(1409) 政權(12372) 的(16029838) 重要(154863) 課題(6724) 就(1737544) 是(4642407) 不同(159432) 種族(8942) 間(115638) 的(16029838) 和諧(8994) 相處(14573),"{'High': 24, 'Low': 2}","{'第1級': 7, '第2級': 2, '第4級': 1, '第3*級': 1, 'Unknown': 9, '第7級': 1, '第6級': 1, '第3級': 1, '第5級': 2, '第4*級': 1}",1,Y,N,N,Y
他認為自康熙以降，清朝前期歷代君王在承德避暑山莊展現了成功的多種族問題處理方案，也穩定了清朝前期的局勢。,他 認為 自 康熙 以降 清朝 前期 歷代 君王 在 承德 避暑 山莊 展現 了 成功 的 多 種族 問題 處理 方案 也 穩定 了 清朝 前期 的 局勢,29,他(2487930) 認為(192030) 自(59676) 康熙(26617) 以降(1107) 清朝(9222) 前期(1409) 歷代(4542) 君王(5778) 在(3284238) 承德(406) 避暑(1237) 山莊(2023) 展現(15289) 了(3199291) 成功(80266) 的(16029838) 多(318992) 種族(8942) 問題(280782) 處理(61797) 方案(14354) 也(1590760) 穩定(19878) 了(3199291) 清朝(9222) 前期(1409) 的(16029838) 局勢(4418),{'High': 29},"{'第1級': 6, '第2級': 1, '第5級': 2, 'Unknown': 8, '第7級': 2, '第6級': 6, '第1*級': 1, '第3*級': 1, '第4*級': 2}",0,Y,N,N,N
前清的多種族問題背景始於康熙年間的吳三桂在南方叛亂。,前 清 的 多 種族 問題 背景 始於 康熙 年間 的 吳三桂 在 南方 叛亂,15,前(272709) 清(31773) 的(16029838) 多(318992) 種族(8942) 問題(280782) 背景(23264) 始於(2611) 康熙(26617) 年間(3925) 的(16029838) 吳三桂(2575) 在(3284238) 南方(9043) 叛亂(3000),{'High': 15},"{'第1級': 5, '第4*級': 2, '第5級': 1, 'Unknown': 4, '第6級': 2, '第1*級': 1}",1,Y,N,N,Y
當時清朝正是「刀槍入庫」的安逸時期，在長江平亂的部隊不能戰，有自傷而退者，有一人倒臥十餘人抬著簇擁而回者。,當時 清朝 正 是 刀槍 入庫 的 安逸 時期 在 長江 平亂 的 部隊 不能 戰 有 自傷 而 退 者 有 一 人 倒臥 十餘 人 抬 著 簇擁 而 回 者,33,當時(126214) 清朝(9222) 正(179334) 是(4642407) 刀槍(800) 入庫(96) 的(16029838) 安逸(1304) 時期(47839) 在(3284238) 長江(5118) 平亂(344) 的(16029838) 部隊(17772) 不能(162852) 戰(19521) 有(2217079) 自傷(233) 而(937923) 退(11673) 者(423504) 有(2217079) 一(3701681) 人(1550512) 倒臥(261) 十餘(3177) 人(1550512) 抬(6956) 著(1004687) 簇擁(1072) 而(937923) 回(92620) 者(423504),"{'High': 32, 'Low': 1}","{'第3*級': 2, '第7級': 3, '第1級': 8, 'Unknown': 11, '第4*級': 3, '第1*級': 1, '第6級': 2, '第5級': 2, '第2級': 1}",0,Y,Y,N,N
此時內蒙亦傳亂事，西邊的準噶爾也不平靜，康熙亟思振作之際開始一連串的多種族問題處理方案，收服蒙古民族以便盡全力對付南方的吳三桂。,此時 內蒙 亦 傳 亂事 西邊 的 準噶爾 也 不 平靜 康熙 亟 思 振作 之 際 開始 一連串 的 多 種族 問題 處理 方案 收服 蒙古 民族 以便 盡 全力 對付 南方 的 吳三桂,35,此時(34278) 內蒙(234) 亦(68507) 傳(17862) 亂事(168) 西邊(2495) 的(16029838) 準噶爾(352) 也(1590760) 不(2282521) 平靜(13986) 康熙(26617) 亟(627) 思(9444) 振作(2776) 之(875481) 際(14344) 開始(245562) 一連串(8700) 的(16029838) 多(318992) 種族(8942) 問題(280782) 處理(61797) 方案(14354) 收服(420) 蒙古(7309) 民族(25724) 以便(13160) 盡(22391) 全力(4329) 對付(8469) 南方(9043) 的(16029838) 吳三桂(2575),{'High': 35},"{'Unknown': 13, '第6級': 4, '第3*級': 1, '第1級': 7, '第4*級': 3, '第5級': 6, '第2級': 1}",3,Y,Y,N,Y
承德的避暑山莊及附近廟宇就是多種族問題處理方案的具體例證。,承德 的 避暑 山莊 及 附近 廟宇 就 是 多 種族 問題 處理 方案 的 具體 例證,17,承德(406) 的(16029838) 避暑(1237) 山莊(2023) 及(304586) 附近(32204) 廟宇(2147) 就(1737544) 是(4642407) 多(318992) 種族(8942) 問題(280782) 處理(61797) 方案(14354) 的(16029838) 具體(20349) 例證(1837),{'High': 17},"{'Unknown': 1, '第1級': 6, '第6級': 4, '第5級': 2, '第1*級': 1, '第4*級': 2, '第7級': 1}",0,Y,Y,N,N
杜江表示，康熙十六年先在承德建立行宮，後來漸次擴充成避暑山莊。,杜江 表示 康熙 十六年 先 在 承德 建立 行宮 後來 漸次 擴充成 避暑 山莊,14,杜江(Unknown) 表示(74452) 康熙(26617) 十六年(1935) 先(136649) 在(3284238) 承德(406) 建立(52946) 行宮(1154) 後來(95618) 漸次(900) 擴充成(23) 避暑(1237) 山莊(2023),"{'Low': 2, 'High': 12}","{'Unknown': 6, '第4*級': 1, '第1*級': 2, '第5級': 1, '第2級': 1, '第7級': 1, '第6級': 2}",2,Y,N,N,Y
行宮建立後附近還有「木蘭圍場」，也就是打獵的地方，與內蒙的各王爺一起在狩獵中建立關係，白天一起射箭打獵，晚上就來個清朝版的大地遊戲如烤肉摔跤唱歌等，讓草原民族一起樂融融。,行宮 建立 後 附近 還 有 木蘭 圍場 也 就 是 打獵 的 地方 與 內蒙 的 各 王爺 一起 在 狩獵 中 建立 關係 白天 一起 射箭 打獵 晚上 就 來 個 清朝版 的 大地 遊戲 如 烤肉 摔跤 唱歌 等 讓 草原 民族 一起 樂 融融,48,行宮(1154) 建立(52946) 後(422857) 附近(32204) 還(625086) 有(2217079) 木蘭(751) 圍場(305) 也(1590760) 就(1737544) 是(4642407) 打獵(3402) 的(16029838) 地方(139164) 與(968432) 內蒙(234) 的(16029838) 各(243023) 王爺(2819) 一起(79297) 在(3284238) 狩獵(2902) 中(1011729) 建立(52946) 關係(162883) 白天(9386) 一起(79297) 射箭(1496) 打獵(3402) 晚上(42206) 就(1737544) 來(742183) 個(2296574) 清朝版(Unknown) 的(16029838) 大地(10023) 遊戲(31463) 如(195069) 烤肉(189) 摔跤(739) 唱歌(5901) 等(327380) 讓(526314) 草原(5281) 民族(25724) 一起(79297) 樂(12194) 融融(135),"{'High': 47, 'Low': 1}","{'Unknown': 12, '第5級': 7, '第1級': 15, '第1*級': 4, '第4*級': 2, '第2級': 2, '第7級': 2, '第3級': 2, '第2*級': 1, '第3*級': 1}",1,Y,Y,N,Y
其次運用宗教，在避暑山莊附近興建多座藏傳佛教院寺，迎接六世班禪，使得大量蒙古男丁都當了喇嘛。,其次 運用 宗教 在 避暑 山莊 附近 興建 多 座 藏 傳 佛教 院寺 迎接 六 世 班禪 使得 大量 蒙古 男丁 都 當 了 喇嘛,26,其次(8985) 運用(35916) 宗教(31336) 在(3284238) 避暑(1237) 山莊(2023) 附近(32204) 興建(5688) 多(318992) 座(49959) 藏(19307) 傳(17862) 佛教(12456) 院寺(Unknown) 迎接(8917) 六(77936) 世(13336) 班禪(15) 使得(30960) 大量(28414) 蒙古(7309) 男丁(239) 都(1125846) 當(294625) 了(3199291) 喇嘛(3242),"{'High': 24, 'Low': 2}","{'第5級': 6, '第4級': 1, '第1*級': 2, '第6級': 2, '第1級': 3, '第3*級': 2, '第4*級': 2, 'Unknown': 8}",0,Y,Y,N,Y
杜江認為剽悍的蒙古民族為何最後在清朝手中變得毫無戰力，宗教是很重要的原因。,杜江 認為 剽悍 的 蒙古 民族 為何 最後 在 清朝 手 中 變 得 毫無 戰力 宗教 是 很 重要 的 原因,22,杜江(Unknown) 認為(192030) 剽悍(269) 的(16029838) 蒙古(7309) 民族(25724) 為何(25238) 最後(142102) 在(3284238) 清朝(9222) 手(146361) 中(1011729) 變(80345) 得(573721) 毫無(32086) 戰力(964) 宗教(31336) 是(4642407) 很(715675) 重要(154863) 的(16029838) 原因(67404),"{'Low': 1, 'High': 21}","{'Unknown': 7, '第2級': 4, '第1級': 4, '第4*級': 1, '第5級': 1, '第1*級': 2, '第7級': 1, '第4級': 1, '第3*級': 1}",0,Y,N,N,Y
他懷疑就算主觀上清朝皇帝沒有刻意運用宗教來瓦解蒙古，但客觀上的事實也確實如此。,他 懷疑 就算 主觀 上 清朝 皇帝 沒有 刻意 運用 宗教 來 瓦解 蒙古 但 客觀 上 的 事實 也 確實 如此,22,他(2487930) 懷疑(29705) 就算(28034) 主觀(6792) 上(1233218) 清朝(9222) 皇帝(74871) 沒有(594280) 刻意(11267) 運用(35916) 宗教(31336) 來(742183) 瓦解(3771) 蒙古(7309) 但(597124) 客觀(11309) 上(1233218) 的(16029838) 事實(84995) 也(1590760) 確實(36977) 如此(133083),{'High': 22},"{'第1級': 7, '第4*級': 2, '第5級': 6, '第7級': 1, '第6級': 2, '第4級': 2, 'Unknown': 1, '第2級': 1}",0,Y,Y,N,N
在行政上，清朝將蒙古各旗、縣分而治之，每個小地盤各有自己的王爺或貝勒，這裡的王爺不能跑到別的王爺地盤稱王，如此一來蒙古的鐵騎就無法聯合了。,在 行政 上 清朝 將 蒙古 各 旗 縣 分 而 治 之 每 個 小 地盤 各 有 自己 的 王爺 或 貝勒 這裡 的 王爺 不能 跑到 別的 王爺 地盤 稱王 如此一來 蒙古 的 鐵騎 就 無法 聯合 了,41,在(3284238) 行政(15666) 上(1233218) 清朝(9222) 將(448374) 蒙古(7309) 各(243023) 旗(11800) 縣(9693) 分(62224) 而(937923) 治(15440) 之(875481) 每(333357) 個(2296574) 小(318835) 地盤(3040) 各(243023) 有(2217079) 自己(744739) 的(16029838) 王爺(2819) 或(478077) 貝勒(1119) 這裡(100385) 的(16029838) 王爺(2819) 不能(162852) 跑到(12489) 別的(13116) 王爺(2819) 地盤(3040) 稱王(809) 如此一來(6554) 蒙古(7309) 的(16029838) 鐵騎(293) 就(1737544) 無法(150606) 聯合(10911) 了(3199291),{'High': 41},"{'第1*級': 3, '第5級': 7, '第1級': 10, '第7級': 4, 'Unknown': 11, '第2級': 2, '第6級': 2, '第3級': 1, '第2*級': 1}",1,Y,Y,N,N
當然，清朝給予蒙古人等同滿人的待遇，也是高明之處。,當然 清朝 給予 蒙古人 等同 滿人 的 待遇 也 是 高明 之 處,13,當然(113971) 清朝(9222) 給予(18824) 蒙古人(1457) 等同(3117) 滿人(Unknown) 的(16029838) 待遇(5311) 也(1590760) 是(4642407) 高明(5411) 之(875481) 處(84410),"{'High': 12, 'Low': 1}","{'第2級': 1, '第7級': 1, '第6級': 2, 'Unknown': 3, '第1級': 3, '第5級': 3}",1,Y,N,N,N
清蒙間的政治性聯姻更扮演重要角色，杜江形容嫁到蒙古的公主「都不是乾吃飯的」，還負有傳遞情報的責任。,清 蒙 間 的 政治性 聯姻 更 扮演 重要 角色 杜江 形容 嫁到 蒙古 的 公主 都 不 是 乾 吃飯 的 還 負有 傳遞 情報 的 責任,28,清(31773) 蒙(7513) 間(115638) 的(16029838) 政治性(1194) 聯姻(860) 更(361676) 扮演(20021) 重要(154863) 角色(52422) 杜江(Unknown) 形容(25604) 嫁到(723) 蒙古(7309) 的(16029838) 公主(21250) 都(1125846) 不(2282521) 是(4642407) 乾(12463) 吃飯(14281) 的(16029838) 還(625086) 負有(1002) 傳遞(6590) 情報(8228) 的(16029838) 責任(29747),"{'High': 27, 'Low': 1}","{'第4*級': 4, '第7級': 2, 'Unknown': 9, '第1級': 8, '第2級': 1, '第5級': 2, '第6級': 1, '第4級': 1}",1,Y,N,N,Y
滿清還讓蒙古的王爺輪番到北京朝覲，擔任皇帝的貼身侍衛。,滿清 還 讓 蒙古 的 王爺 輪番 到 北京 朝覲 擔任 皇帝 的 貼身 侍衛,15,滿清(1845) 還(625086) 讓(526314) 蒙古(7309) 的(16029838) 王爺(2819) 輪番(653) 到(546906) 北京(36363) 朝覲(287) 擔任(34825) 皇帝(74871) 的(16029838) 貼身(1789) 侍衛(4970),{'High': 15},"{'Unknown': 5, '第2級': 1, '第1級': 3, '第7級': 3, '第5級': 2, '第6級': 1}",0,Y,N,N,Y
由於路途遙遠，蒙古的王爺不是在進京路上，就是在宮裡當侍衛，要不然就是下了衛哨回老家休息，大家根本湊不在一起，無法謀反。,由於 路途 遙遠 蒙古 的 王爺 不 是 在 進京 路 上 就是 在 宮 裡 當 侍衛 要不然 就是 下 了 衛哨 回 老家 休息 大家 根本 湊 不 在一起 無法 謀反,33,由於(88111) 路途(2021) 遙遠(7541) 蒙古(7309) 的(16029838) 王爺(2819) 不(2282521) 是(4642407) 在(3284238) 進京(1680) 路(74635) 上(1233218) 就是(2943) 在(3284238) 宮(16012) 裡(520435) 當(294625) 侍衛(4970) 要不然(3062) 就是(2943) 下(329549) 了(3199291) 衛哨(7) 回(92620) 老家(4000) 休息(20958) 大家(109692) 根本(66330) 湊(2221) 不(2282521) 在一起(45658) 無法(150606) 謀反(1761),"{'High': 32, 'Low': 1}","{'第4*級': 2, '第6級': 2, '第5級': 3, 'Unknown': 10, '第1級': 7, '第7級': 2, '第1*級': 5, '第4級': 1, '第2級': 1}",2,Y,Y,N,N
杜江表示，清朝的恩威剛柔並施收到效果，對後代的影響則是留下珍貴的文化遺產：避暑山莊及周圍十二座寺廟。,杜江 表示 清朝 的 恩威 剛柔 並 施 收到 效果 對 後代 的 影響 則 是 留下 珍貴 的 文化 遺產 避暑 山莊 及 周圍 十二 座 寺廟,28,杜江(Unknown) 表示(74452) 清朝(9222) 的(16029838) 恩威(242) 剛柔(242) 並(442790) 施(4287) 收到(12466) 效果(38188) 對(897964) 後代(5727) 的(16029838) 影響(95840) 則(254096) 是(4642407) 留下(29992) 珍貴(7380) 的(16029838) 文化(115697) 遺產(4520) 避暑(1237) 山莊(2023) 及(304586) 周圍(15078) 十二(22310) 座(49959) 寺廟(3393),"{'Low': 1, 'High': 27}","{'Unknown': 6, '第4*級': 4, '第7級': 1, '第1級': 5, '第5級': 6, '第3級': 1, '第3*級': 2, '第2級': 1, '第6級': 2}",0,Y,Y,N,Y
他說康熙苦心經營的避暑山莊及寺廟，因此有「修喇嘛廟一座勝抵十萬兵」的心得。,他 說 康熙 苦心 經營 的 避暑 山莊 及 寺廟 因此 有 修 喇嘛 廟一座勝 抵 十萬 兵 的 心得,20,他(2487930) 說(1285247) 康熙(26617) 苦心(1752) 經營(39913) 的(16029838) 避暑(1237) 山莊(2023) 及(304586) 寺廟(3393) 因此(184606) 有(2217079) 修(13968) 喇嘛(3242) 廟一座勝(Unknown) 抵(6753) 十萬(5508) 兵(17780) 的(16029838) 心得(3837),"{'High': 19, 'Low': 1}","{'第1級': 5, 'Unknown': 4, '第6級': 4, '第5級': 5, '第4*級': 1, '第4級': 1}",1,Y,Y,N,Y
七月份開始，國內主要印刷電路板(PCB)廠商的接單情況已較上半年改善許多，不僅有多家公司單月營收創新高，生產線趨於滿載，且交貨前置期()也逐漸恢復到四週左右，下半年景氣可望隨著電腦用板的需求回升而好轉，不過業界的擴廠效應值得觀察。,七月份 開始 國內 主要 印刷 電路板 PCB 廠商 的 接單 情況 已 較 上 半 年 改善 許多 不僅 有 多 家 公司 單月 營收 創新 高 生產線 趨於 滿載 且 交貨 前置 期 也 逐漸 恢復到 四週 左右 下 半 年 景氣 可望 隨著 電腦 用板 的 需求 回升 而 好轉 不過 業界 的 擴廠 效應 值得 觀察,59,七月份(116) 開始(245562) 國內(17537) 主要(78757) 印刷(5209) 電路板(162) PCB(31) 廠商(8879) 的(16029838) 接單(Unknown) 情況(92301) 已(215610) 較(78424) 上(1233218) 半(80813) 年(514736) 改善(21559) 許多(159791) 不僅(43138) 有(2217079) 多(318992) 家(236822) 公司(168500) 單月(48) 營收(1572) 創新(20456) 高(128858) 生產線(1584) 趨於(1445) 滿載(773) 且(67015) 交貨(727) 前置(527) 期(14058) 也(1590760) 逐漸(38705) 恢復到(481) 四週(157) 左右(33714) 下(329549) 半(80813) 年(514736) 景氣(1794) 可望(1149) 隨著(32948) 電腦(38528) 用板(9) 的(16029838) 需求(29061) 回升(512) 而(937923) 好轉(2875) 不過(186226) 業界(2575) 的(16029838) 擴廠(91) 效應(8027) 值得(34362) 觀察(44358),"{'High': 54, 'Low': 5}","{'Unknown': 17, '第2級': 4, '第4級': 4, '第6級': 2, '第5級': 9, '第1級': 13, '第3級': 2, '第4*級': 2, '第3*級': 2, '第7級': 2, '第1*級': 2}",5,Y,Y,N,N
國內PCB產業高達七成集中於生產電腦用板，因此隨著資訊市場景氣的波動而起伏。,國內 PCB 產業 高達 七成 集中 於 生產 電腦 用板 因此 隨著 資訊 市場 景氣 的 波動 而 起伏,19,國內(17537) PCB(31) 產業(29756) 高達(7931) 七成(577) 集中(18277) 於(327210) 生產(36079) 電腦(38528) 用板(9) 因此(184606) 隨著(32948) 資訊(37848) 市場(65023) 景氣(1794) 的(16029838) 波動(2865) 而(937923) 起伏(5179),"{'High': 17, 'Low': 2}","{'第4級': 2, 'Unknown': 4, '第5級': 5, '第4*級': 3, '第1*級': 1, '第2級': 1, '第1級': 1, '第6級': 2}",1,Y,Y,N,N
上半年碰到全球性的資訊業不景氣，加上近年來國內廠商擴廠腳步迅速，使得市場供需嚴重失調，PCB價格也大幅滑落。,上 半 年 碰到 全球性 的 資訊業 不景氣 加上 近年 來 國內 廠商 擴廠 腳步 迅速 使得 市場 供需 嚴重 失調 PCB 價格 也 大幅 滑落,26,上(1233218) 半(80813) 年(514736) 碰到(15360) 全球性(1225) 的(16029838) 資訊業(111) 不景氣(1650) 加上(38121) 近年(7929) 來(742183) 國內(17537) 廠商(8879) 擴廠(91) 腳步(12300) 迅速(19888) 使得(30960) 市場(65023) 供需(803) 嚴重(39284) 失調(2743) PCB(31) 價格(21121) 也(1590760) 大幅(6731) 滑落(1519),"{'High': 24, 'Low': 2}","{'第1級': 6, '第4級': 4, 'Unknown': 6, '第3級': 1, '第5級': 2, '第4*級': 2, '第2級': 1, '第3*級': 1, '第6級': 3}",4,Y,Y,N,N
隨著電腦市場景氣逐漸復甦，系統大廠庫存也逐漸出盡，電腦用板的需求自谷底彈升。,隨著 電腦 市場 景氣 逐漸 復甦 系統 大廠 庫存 也 逐漸 出盡 電腦 用板 的 需求 自 谷底 彈升,19,隨著(32948) 電腦(38528) 市場(65023) 景氣(1794) 逐漸(38705) 復甦(1406) 系統(67366) 大廠(142) 庫存(1649) 也(1590760) 逐漸(38705) 出盡(197) 電腦(38528) 用板(9) 的(16029838) 需求(29061) 自(59676) 谷底(1490) 彈升(31),"{'High': 17, 'Low': 2}","{'第5級': 7, '第1*級': 2, '第2級': 1, '第6級': 2, 'Unknown': 5, '第1級': 2}",0,Y,N,N,N
華通副總經理童家慶表示，電腦用板需求的增加，可望使業界迅速擴廠產生的排擠效應趨於和緩。,華通 副總經理 童家慶 表示 電腦 用板 需求 的 增加 可望 使 業界 迅速 擴廠 產生 的 排擠 效應 趨於 和緩,20,華通(5) 副總經理(810) 童家慶(Unknown) 表示(74452) 電腦(38528) 用板(9) 需求(29061) 的(16029838) 增加(48296) 可望(1149) 使(197544) 業界(2575) 迅速(19888) 擴廠(91) 產生(82753) 的(16029838) 排擠(1738) 效應(8027) 趨於(1445) 和緩(681),"{'Low': 4, 'High': 16}","{'Unknown': 6, '第4*級': 3, '第1*級': 1, '第5級': 3, '第1級': 2, '第4級': 1, '第7級': 2, '第6級': 2}",2,Y,N,N,Y
佳鼎總經理朱弘興則認為，景氣的復甦將從大廠開始，但仍有不確定性。,佳鼎 總經理 朱弘興 則 認為 景氣 的 復甦 將 從 大廠 開始 但 仍 有 不確定性,16,佳鼎(Unknown) 總經理(6256) 朱弘興(Unknown) 則(254096) 認為(192030) 景氣(1794) 的(16029838) 復甦(1406) 將(448374) 從(496546) 大廠(142) 開始(245562) 但(597124) 仍(92056) 有(2217079) 不確定性(Unknown),"{'Low': 3, 'High': 13}","{'Unknown': 5, '第5級': 3, '第2級': 3, '第1級': 2, '第6級': 1, '第1*級': 1, '第4級': 1}",3,Y,Y,N,Y
在通訊用板方面，國內重要訂單來源摩托羅拉()的新型雙頻手機規格已經確定，並開始向國內廠商大量投單，直接助長景氣的復甦。,在 通訊 用板 方面 國內 重要 訂單 來源 摩托羅拉 的 新型 雙 頻 手機 規格 已經 確定 並 開始 向 國內 廠商 大量 投 單 直接 助長 景氣 的 復甦,30,在(3284238) 通訊(5667) 用板(9) 方面(75079) 國內(17537) 重要(154863) 訂單(2471) 來源(18177) 摩托羅拉(731) 的(16029838) 新型(1557) 雙(19548) 頻(1480) 手機(9126) 規格(2385) 已經(245160) 確定(40181) 並(442790) 開始(245562) 向(231672) 國內(17537) 廠商(8879) 大量(28414) 投(6092) 單(10648) 直接(54798) 助長(1506) 景氣(1794) 的(16029838) 復甦(1406),"{'High': 29, 'Low': 1}","{'第1*級': 1, '第5級': 5, 'Unknown': 4, '第3*級': 1, '第4級': 4, '第2級': 5, '第4*級': 3, '第1級': 3, '第6級': 3, '第3級': 1}",1,Y,Y,N,Y
展望下半年景氣，國內廠商的擴廠效應值得特別觀察。,展望 下 半 年 景氣 國內 廠商 的 擴廠 效應 值得 特別 觀察,13,展望(1306) 下(329549) 半(80813) 年(514736) 景氣(1794) 國內(17537) 廠商(8879) 的(16029838) 擴廠(91) 效應(8027) 值得(34362) 特別(91212) 觀察(44358),"{'High': 12, 'Low': 1}","{'第7級': 1, '第1*級': 1, '第1級': 3, '第5級': 4, '第4級': 2, 'Unknown': 1, '第2級': 1}",0,Y,N,N,N
朱弘興表示，國內主機板廠的PCB需求，只能填飽某幾家廠商。,朱弘興 表示 國內 主機板廠 的 PCB 需求 只 能 填飽 某 幾 家 廠商,14,朱弘興(Unknown) 表示(74452) 國內(17537) 主機板廠(Unknown) 的(16029838) PCB(31) 需求(29061) 只(436725) 能(582260) 填飽(518) 某(119862) 幾(229415) 家(236822) 廠商(8879),"{'Low': 3, 'High': 11}","{'Unknown': 4, '第4*級': 1, '第4級': 1, '第1級': 3, '第5級': 3, '第1*級': 2}",3,Y,N,N,Y
他認為，國內PCB廠產能提升後，有助於爭取國外訂單，因此，拓展外銷市場應是國內廠商的努力方向。,他 認為 國內 PCB 廠 產能 提升 後 有助於 爭取 國外 訂單 因此 拓展 外銷 市場 應 是 國內 廠商 的 努力 方向,23,他(2487930) 認為(192030) 國內(17537) PCB(31) 廠(4599) 產能(1444) 提升(17122) 後(422857) 有助於(9351) 爭取(9666) 國外(8646) 訂單(2471) 因此(184606) 拓展(2949) 外銷(1409) 市場(65023) 應(82417) 是(4642407) 國內(17537) 廠商(8879) 的(16029838) 努力(62566) 方向(39560),"{'High': 22, 'Low': 1}","{'第1級': 4, '第2級': 3, '第4級': 3, 'Unknown': 5, '第6級': 2, '第5級': 4, '第4*級': 1, '第3*級': 1}",2,Y,Y,N,N
此外，拓展通訊用板與汽車工業用板也是重點。,此外 拓展 通訊 用板 與 汽車 工業 用板 也 是 重點,11,此外(30247) 拓展(2949) 通訊(5667) 用板(9) 與(968432) 汽車(21028) 工業(20144) 用板(9) 也(1590760) 是(4642407) 重點(22761),"{'High': 9, 'Low': 2}","{'第5級': 2, '第6級': 1, 'Unknown': 3, '第4*級': 1, '第2級': 1, '第1級': 2, '第4級': 1}",0,Y,Y,N,N
燿華協理廖志明表示，全球PCB需求量，電腦用板只佔三%左右，國內卻將七成的產能投注於此，未來應積極搶占通訊與汽車用板的市場，才能有更大的發揮空間。,燿華 協理 廖志明 表示 全球 PCB 需求量 電腦 用板 只 佔 三 左右 國內 卻 將 七成 的 產能 投注 於 此 未來 應 積極 搶占 通訊 與 汽車 用板 的 市場 才能 有 更 大 的 發揮 空間,39,燿華(Unknown) 協理(348) 廖志明(Unknown) 表示(74452) 全球(21104) PCB(31) 需求量(754) 電腦(38528) 用板(9) 只(436725) 佔(11252) 三(313861) 左右(33714) 國內(17537) 卻(333007) 將(448374) 七成(577) 的(16029838) 產能(1444) 投注(2393) 於(327210) 此(288458) 未來(54445) 應(82417) 積極(24247) 搶占(222) 通訊(5667) 與(968432) 汽車(21028) 用板(9) 的(16029838) 市場(65023) 才能(4391) 有(2217079) 更(361676) 大(525780) 的(16029838) 發揮(23985) 空間(52519),"{'Low': 5, 'High': 34}","{'Unknown': 12, '第4*級': 3, '第4級': 5, '第1*級': 2, '第5級': 7, '第1級': 6, '第3*級': 1, '第6級': 1, '第2級': 2}",3,Y,Y,N,Y
台灣省碼頭裝卸搬運職業工會聯合會代表，昨日赴經濟部工業局抗議台塑麥寮工業專用港違法使用，經由工業局長汪雅康出面協調，達成三項具體決議，一、麥寮港供應雲林離島工業區內廠商原物料進出，不作其他用途；二、麥寮港公司應具文表示四十五萬噸已進口煤炭用途，工業局與台中港務局將嚴格把關；三、爭取促產條例展延十年，續保工業港不得供專用目的以外使用。,台灣省 碼頭 裝卸 搬運 職業 工會 聯合會 代表 昨日 赴 經濟部 工業局 抗議 台塑 麥寮 工業 專用港 違法 使用 經由 工業 局長 汪雅康 出面 協調 達成 三 項 具體 決議 一 麥寮港 供應 雲林 離島 工業區 內 廠商 原物料 進出 不 作 其他 用途 二 麥寮港 公司 應 具文 表示 四十五萬 噸 已 進口 煤炭 用途 工業局 與 台中 港務局 將 嚴格 把關 三 爭取 促 產 條例 展延 十 年 續 保 工業港 不得 供 專用 目的 以外 使用,80,台灣省(1450) 碼頭(4901) 裝卸(191) 搬運(1731) 職業(14439) 工會(3243) 聯合會(693) 代表(58333) 昨日(2036) 赴(12878) 經濟部(1640) 工業局(282) 抗議(8382) 台塑(3456) 麥寮(141) 工業(20144) 專用港(2) 違法(2775) 使用(99640) 經由(14759) 工業(20144) 局長(3442) 汪雅康(Unknown) 出面(4199) 協調(8656) 達成(19667) 三(313861) 項(88887) 具體(20349) 決議(2452) 一(3701681) 麥寮港(10) 供應(8826) 雲林(859) 離島(514) 工業區(999) 內(183051) 廠商(8879) 原物料(97) 進出(3148) 不(2282521) 作(78184) 其他(189445) 用途(4572) 二(152494) 麥寮港(10) 公司(168500) 應(82417) 具文(84) 表示(74452) 四十五萬(184) 噸(4971) 已(215610) 進口(5751) 煤炭(899) 用途(4572) 工業局(282) 與(968432) 台中(3661) 港務局(109) 將(448374) 嚴格(13417) 把關(812) 三(313861) 爭取(9666) 促(749) 產(8102) 條例(3394) 展延(96) 十(77415) 年(514736) 續(3732) 保(5376) 工業港(20) 不得(14941) 供(17109) 專用(2795) 目的(45226) 以外(13444) 使用(99640),"{'High': 72, 'Low': 8}","{'Unknown': 37, '第6級': 10, '第5級': 11, '第4級': 6, '第1級': 7, '第4*級': 3, '第3級': 2, '第2級': 2, '第7級': 1, '第3*級': 1}",14,Y,Y,N,Y
碼頭工會以台塑從麥寮港進口煤炭，卻違反促進產業升級條例三十條規定，供離島工業區外的台塑集團台化彰化廠、嘉義新港台塑及南亞廠使用，台中港首當其衝，其他國際港也將受影響；另工會也反對經濟部擬將麥寮工業港改為工商綜合港，並質疑政府有意放寬促產條例第三十條第七款，將工業港用途改為工商綜合港，批評此做法將是「台塑條款」。,碼頭 工會 以 台塑 從 麥寮港 進口 煤炭 卻 違反 促進 產業 升級 條例 三十 條 規定 供 離島 工業區 外 的 台塑 集團 台化 彰化廠 嘉義 新港 台塑 及 南亞廠 使用 台中港 首當其衝 其他 國際 港 也 將 受 影響 另 工會 也 反對 經濟部 擬 將 麥寮 工業港 改為 工商 綜合 港 並 質疑 政府 有意 放寬 促 產 條例 第三十 條 第七 款 將 工業港 用途 改為 工商 綜合 港 批評 此 做法 將 是 台塑 條款,80,碼頭(4901) 工會(3243) 以(547785) 台塑(3456) 從(496546) 麥寮港(10) 進口(5751) 煤炭(899) 卻(333007) 違反(6717) 促進(10265) 產業(29756) 升級(1962) 條例(3394) 三十(24336) 條(115362) 規定(24592) 供(17109) 離島(514) 工業區(999) 外(109310) 的(16029838) 台塑(3456) 集團(20609) 台化(127) 彰化廠(Unknown) 嘉義(2515) 新港(486) 台塑(3456) 及(304586) 南亞廠(Unknown) 使用(99640) 台中港(43) 首當其衝(444) 其他(189445) 國際(40846) 港(8553) 也(1590760) 將(448374) 受(109982) 影響(95840) 另(138369) 工會(3243) 也(1590760) 反對(26810) 經濟部(1640) 擬(5629) 將(448374) 麥寮(141) 工業港(20) 改為(6294) 工商(1898) 綜合(8011) 港(8553) 並(442790) 質疑(9842) 政府(92663) 有意(7824) 放寬(939) 促(749) 產(8102) 條例(3394) 第三十(341) 條(115362) 第七(7322) 款(5067) 將(448374) 工業港(20) 用途(4572) 改為(6294) 工商(1898) 綜合(8011) 港(8553) 批評(24490) 此(288458) 做法(16990) 將(448374) 是(4642407) 台塑(3456) 條款(2198),"{'High': 74, 'Low': 6}","{'第6級': 10, 'Unknown': 29, '第5級': 16, '第1*級': 1, '第4級': 8, '第7級': 2, '第4*級': 3, '第2級': 3, '第1級': 5, '第3級': 3}",10,Y,Y,N,N
昨日協商獲得明確結論，麥寮港營運範圍仍僅限在該工業區內，工業局與台中港務局共同審查台塑進口煤炭用途；另促產條例明年底屆滿，工業局決定爭取展延，而有關工業港用途條款則將不修訂。,昨日 協商 獲得 明確 結論 麥寮港 營運 範圍 仍 僅 限 在 該 工業區 內 工業局 與 台中 港務局 共同 審查 台塑 進口 煤炭 用途 另 促 產 條例 明年 底 屆滿 工業局 決定 爭取 展延 而 有關 工業港 用途 條款 則 將 不 修訂,45,昨日(2036) 協商(2919) 獲得(54809) 明確(17292) 結論(15145) 麥寮港(10) 營運(5641) 範圍(24784) 仍(92056) 僅(30739) 限(2841) 在(3284238) 該(148369) 工業區(999) 內(183051) 工業局(282) 與(968432) 台中(3661) 港務局(109) 共同(36636) 審查(4808) 台塑(3456) 進口(5751) 煤炭(899) 用途(4572) 另(138369) 促(749) 產(8102) 條例(3394) 明年(3059) 底(37174) 屆滿(422) 工業局(282) 決定(101837) 爭取(9666) 展延(96) 而(937923) 有關(69607) 工業港(20) 用途(4572) 條款(2198) 則(254096) 將(448374) 不(2282521) 修訂(2313),"{'High': 42, 'Low': 3}","{'第5級': 10, '第6級': 6, '第4*級': 5, 'Unknown': 12, '第4級': 4, '第1*級': 2, '第3級': 2, '第7級': 1, '第3*級': 1, '第2級': 1, '第1級': 1}",6,Y,Y,N,N
依麥寮港今年四月初至六月下旬進口煤炭統計，由貨主台塑石化公司進口煤炭五次，全部進口量達四十五萬六千多噸；而依碼頭工會統計，台塑一年進口煤炭約一百四十八萬噸，以上半年進口約七十四萬噸計，如今約六%從台塑集團自行經營的麥寮港進口，已對其他港口營運造成衝擊。,依 麥寮港 今年 四月 初 至 六月 下旬 進口 煤炭 統計 由 貨主 台塑 石化 公司 進口 煤炭 五 次 全部 進口量 達 四十五萬六千多 噸 而 依 碼頭 工會 統計 台塑 一 年 進口 煤炭 約 一百四十八萬 噸 以上 半 年 進口 約 七十四萬 噸 計 如今 約 六 從 台塑 集團 自行 經營 的 麥寮港 進口 已 對 其他 港口 營運 造成 衝擊,64,依(37519) 麥寮港(10) 今年(10836) 四月(14996) 初(42087) 至(101530) 六月(14880) 下旬(1231) 進口(5751) 煤炭(899) 統計(9580) 由(208604) 貨主(218) 台塑(3456) 石化(1309) 公司(168500) 進口(5751) 煤炭(899) 五(112649) 次(331701) 全部(34039) 進口量(59) 達(25383) 四十五萬六千多(Unknown) 噸(4971) 而(937923) 依(37519) 碼頭(4901) 工會(3243) 統計(9580) 台塑(3456) 一(3701681) 年(514736) 進口(5751) 煤炭(899) 約(47731) 一百四十八萬(4) 噸(4971) 以上(36569) 半(80813) 年(514736) 進口(5751) 約(47731) 七十四萬(9) 噸(4971) 計(12194) 如今(29812) 約(47731) 六(77936) 從(496546) 台塑(3456) 集團(20609) 自行(9833) 經營(39913) 的(16029838) 麥寮港(10) 進口(5751) 已(215610) 對(897964) 其他(189445) 港口(3933) 營運(5641) 造成(63141) 衝擊(8508),"{'High': 58, 'Low': 6}","{'Unknown': 18, '第1級': 9, '第4級': 6, '第5級': 9, '第7級': 3, '第4*級': 3, '第2級': 4, '第6級': 6, '第3*級': 4, '第1*級': 1, '第3級': 1}",6,Y,Y,N,N
在最近傳出經濟部有意修法放寬麥寮港營運範圍後，台中縣碼頭倉儲裝卸工會曾就此事行文台塑集團麥寮港公司，而該公司董事長王永慶在回函指出，並無欲變更為工商綜合港情事，若欲變更使用，也會依政府相關法令提出申請。,在 最近 傳出 經濟部 有意 修法 放寬 麥寮港 營運 範圍 後 台中縣 碼頭 倉儲 裝卸 工會 曾 就 此 事 行文 台塑 集團 麥寮港 公司 而 該 公司 董事長 王永慶 在 回函 指出 並 無 欲 變更為 工商 綜合 港 情事 若 欲 變更 使用 也 會 依 政府 相關 法令 提出 申請,53,在(3284238) 最近(30174) 傳出(4421) 經濟部(1640) 有意(7824) 修法(336) 放寬(939) 麥寮港(10) 營運(5641) 範圍(24784) 後(422857) 台中縣(376) 碼頭(4901) 倉儲(489) 裝卸(191) 工會(3243) 曾(132981) 就(1737544) 此(288458) 事(385949) 行文(792) 台塑(3456) 集團(20609) 麥寮港(10) 公司(168500) 而(937923) 該(148369) 公司(168500) 董事長(8106) 王永慶(4731) 在(3284238) 回函(259) 指出(38456) 並(442790) 無(157858) 欲(27451) 變更為(165) 工商(1898) 綜合(8011) 港(8553) 情事(1210) 若(92766) 欲(27451) 變更(2885) 使用(99640) 也(1590760) 會(1014977) 依(37519) 政府(92663) 相關(41599) 法令(3996) 提出(63073) 申請(10489),"{'High': 51, 'Low': 2}","{'第1*級': 4, '第2級': 3, 'Unknown': 19, '第5級': 7, '第6級': 7, '第4*級': 4, '第1級': 3, '第4級': 4, '第7級': 2}",7,Y,Y,N,Y
在台灣省碼頭工會聯合會理事長施永林率領下，結合台中港、高雄港、花蓮港、蘇澳港及基隆港碼頭工會代表約一百五十人，昨日下午赴工業局抗議，過程尚平和。,在 台灣省 碼頭 工會 聯合會 理事長 施永林 率領 下 結合 台中港 高雄港 花蓮港 蘇澳港 及 基隆港 碼頭 工會 代表 約 一百五十 人 昨日 下午 赴 工業局 抗議 過程 尚 平和,30,在(3284238) 台灣省(1450) 碼頭(4901) 工會(3243) 聯合會(693) 理事長(1443) 施永林(Unknown) 率領(10329) 下(329549) 結合(22408) 台中港(43) 高雄港(205) 花蓮港(477) 蘇澳港(37) 及(304586) 基隆港(286) 碼頭(4901) 工會(3243) 代表(58333) 約(47731) 一百五十(2110) 人(1550512) 昨日(2036) 下午(20045) 赴(12878) 工業局(282) 抗議(8382) 過程(87889) 尚(26113) 平和(2933),"{'High': 27, 'Low': 3}","{'第1*級': 2, 'Unknown': 13, '第6級': 5, '第5級': 5, '第4*級': 1, '第4級': 1, '第3*級': 1, '第1級': 2}",11,Y,Y,N,Y
行政院院會昨日通過海關進口稅則修正草案，計降低七百九十四項進口商品關稅稅率。,行政院 院會 昨日 通過 海關 進口 稅則 修正 草案 計 降低 七百九十四 項 進口 商品 關稅 稅率,17,行政院(4347) 院會(184) 昨日(2036) 通過(29652) 海關(1974) 進口(5751) 稅則(28) 修正(8173) 草案(1195) 計(12194) 降低(15638) 七百九十四(4) 項(88887) 進口(5751) 商品(19582) 關稅(1443) 稅率(706),"{'High': 15, 'Low': 2}","{'Unknown': 6, '第5級': 5, '第4級': 3, '第6級': 1, '第4*級': 1, '第7級': 1}",2,Y,N,N,N
其中最重要修正內容，係簡化稅率數字，凡是具有小數點兩位的稅率，其小數點後第二位數字一律抹去；此外，小數點後第一位數字，如果為五、六、七、八、九，則一律降低為五，如果為四、三、二、一、零，則一律降為零。,其中 最 重要 修正 內容 係 簡化 稅率 數字 凡是 具有 小數點 兩 位 的 稅率 其 小數點 後 第二 位 數字 一律 抹去 此外 小數點 後 第一 位 數字 如果 為 五 六 七 八 九 則 一律 降低為 五 如果 為 四 三 二 一 零 則 一律 降為 零,52,其中(95627) 最(421680) 重要(154863) 修正(8173) 內容(55074) 係(9477) 簡化(3808) 稅率(706) 數字(19781) 凡是(5571) 具有(60702) 小數點(1) 兩(526190) 位(284809) 的(16029838) 稅率(706) 其(307905) 小數點(1) 後(422857) 第二(98741) 位(284809) 數字(19781) 一律(4178) 抹去(1065) 此外(30247) 小數點(1) 後(422857) 第一(172544) 位(284809) 數字(19781) 如果(322121) 為(761341) 五(112649) 六(77936) 七(59385) 八(54961) 九(34506) 則(254096) 一律(4178) 降低為(39) 五(112649) 如果(322121) 為(761341) 四(141667) 三(313861) 二(152494) 一(3701681) 零(5847) 則(254096) 一律(4178) 降為(779) 零(5847),"{'High': 48, 'Low': 4}","{'第3*級': 1, '第1*級': 1, '第2級': 4, '第5級': 4, '第4級': 4, '第6級': 8, 'Unknown': 11, '第1級': 17, '第2*級': 2}",4,Y,Y,N,N
此後，我國海關進口稅則所載逾萬項商品關稅稅率，最多只有小數點後一位數，並且，此一尾數不是五，就是零。,此後 我國 海關 進口 稅則 所 載 逾 萬 項 商品 關稅 稅率 最多 只 有 小數點 後 一 位數 並且 此 一 尾數 不 是 五 就是 零,29,此後(6678) 我國(7225) 海關(1974) 進口(5751) 稅則(28) 所(527327) 載(16322) 逾(2531) 萬(13178) 項(88887) 商品(19582) 關稅(1443) 稅率(706) 最多(11485) 只(436725) 有(2217079) 小數點(1) 後(422857) 一(3701681) 位數(1507) 並且(60996) 此(288458) 一(3701681) 尾數(55) 不(2282521) 是(4642407) 五(112649) 就是(2943) 零(5847),"{'High': 26, 'Low': 3}","{'第5級': 4, 'Unknown': 10, '第4級': 2, '第2級': 1, '第6級': 1, '第1*級': 2, '第7級': 1, '第1級': 7, '第2*級': 1}",1,Y,Y,N,N
此外，行政院也已核定，每批進口貨務完稅價格如果沒有超過三千元，則一概免徵關稅、營業稅、貨物稅。,此外 行政院 也 已 核定 每 批 進口 貨務 完稅 價格 如果 沒有 超過 三千 元 則 一概 免 徵 關稅 營業稅 貨物稅,23,此外(30247) 行政院(4347) 也(1590760) 已(215610) 核定(551) 每(333357) 批(22121) 進口(5751) 貨務(4) 完稅(48) 價格(21121) 如果(322121) 沒有(594280) 超過(30507) 三千(5525) 元(60807) 則(254096) 一概(2124) 免(7314) 徵(4178) 關稅(1443) 營業稅(145) 貨物稅(90),"{'High': 20, 'Low': 3}","{'第5級': 4, 'Unknown': 7, '第1級': 3, '第3級': 1, '第7級': 2, '第1*級': 1, '第4級': 3, '第2級': 1, '第6級': 1}",3,Y,Y,N,N
財政部表示，為執行賦稅革新小組建議、促使稅率結構合理化、簡化稅率級距、執行我國加入世界貿易組織對美加等國談判頭期款，財政部擬具海關進口稅則修正草案，並經行政院院會昨天核定，預定於近日內轉送立法院，請立法院於下個會期審議。,財政部 表示 為 執行 賦稅 革新 小組 建議 促使 稅率 結構 合理化 簡化 稅率 級距 執行 我國 加入 世界 貿易 組織 對 美加 等 國 談判 頭期款 財政部 擬具 海關 進口 稅則 修正 草案 並 經 行政院 院會 昨天 核定 預定 於 近日 內 轉送 立法院 請 立法院 於 下 個 會期 審議,53,財政部(1822) 表示(74452) 為(761341) 執行(25364) 賦稅(1457) 革新(2719) 小組(12825) 建議(45709) 促使(7306) 稅率(706) 結構(43294) 合理化(2374) 簡化(3808) 稅率(706) 級距(14) 執行(25364) 我國(7225) 加入(28847) 世界(165235) 貿易(16952) 組織(69485) 對(897964) 美加(153) 等(327380) 國(73377) 談判(6935) 頭期款(143) 財政部(1822) 擬具(54) 海關(1974) 進口(5751) 稅則(28) 修正(8173) 草案(1195) 並(442790) 經(38471) 行政院(4347) 院會(184) 昨天(12735) 核定(551) 預定(3218) 於(327210) 近日(1497) 內(183051) 轉送(224) 立法院(1934) 請(120629) 立法院(1934) 於(327210) 下(329549) 個(2296574) 會期(217) 審議(1267),"{'High': 50, 'Low': 3}","{'Unknown': 20, '第4*級': 3, '第5級': 11, '第7級': 3, '第6級': 4, '第3*級': 2, '第4級': 2, '第2級': 1, '第1級': 5, '第3級': 1, '第1*級': 1}",7,Y,Y,N,N
本次稅則共計修正七百九十四項，其中，促使原料、半成品、成品稅率級距合理化方面，調整包括寶石、油品等兩百二十七項；為簡化稅率級距，刪除稅率小數點後第二位數字，將小數點後第一位數字簡化為零或五，共修正黃豆油等兩百七十六項；針對其他單位建議修正項目，計調整天然氣、口蹄疫苗等兩百四十八項貨品稅率。,本 次 稅則 共計 修正 七百九十四 項 其中 促使 原料 半成品 成品 稅率 級距 合理化 方面 調整 包括 寶石 油品 等 兩百二十七 項 為 簡化 稅率 級距 刪除 稅率 小數點 後 第二 位 數字 將 小數點 後 第一 位 數字 簡化為 零 或 五 共 修正 黃豆油 等 兩百七十六 項 針對 其他 單位 建議 修正 項目 計 調整 天然氣 口蹄疫苗 等 兩百四十八 項 貨品 稅率,65,本(197156) 次(331701) 稅則(28) 共計(185) 修正(8173) 七百九十四(4) 項(88887) 其中(95627) 促使(7306) 原料(4385) 半成品(231) 成品(1767) 稅率(706) 級距(14) 合理化(2374) 方面(75079) 調整(18900) 包括(74410) 寶石(3827) 油品(200) 等(327380) 兩百二十七(2) 項(88887) 為(761341) 簡化(3808) 稅率(706) 級距(14) 刪除(1983) 稅率(706) 小數點(1) 後(422857) 第二(98741) 位(284809) 數字(19781) 將(448374) 小數點(1) 後(422857) 第一(172544) 位(284809) 數字(19781) 簡化為(306) 零(5847) 或(478077) 五(112649) 共(32138) 修正(8173) 黃豆油(14) 等(327380) 兩百七十六(5) 項(88887) 針對(23174) 其他(189445) 單位(23148) 建議(45709) 修正(8173) 項目(12387) 計(12194) 調整(18900) 天然氣(730) 口蹄疫苗(Unknown) 等(327380) 兩百四十八(6) 項(88887) 貨品(1235) 稅率(706),"{'High': 54, 'Low': 11}","{'第1級': 6, '第2級': 3, 'Unknown': 25, '第5級': 13, '第3*級': 7, '第4*級': 2, '第6級': 4, '第4級': 2, '第2*級': 1, '第3級': 1, '第1*級': 1}",12,Y,Y,N,N
此外，配合加入國際組織者，有四十三項。,此外 配合 加入 國際 組織 者 有 四十三 項,9,此外(30247) 配合(17173) 加入(28847) 國際(40846) 組織(69485) 者(423504) 有(2217079) 四十三(1068) 項(88887),{'High': 9},"{'第5級': 3, '第4*級': 1, '第4級': 2, 'Unknown': 2, '第1級': 1}",1,Y,Y,N,N
其中，計有為加入世界半導體委員會，而提前降稅二十五項半導體產品稅率，以及配合我國加入世界貿易組織對美加談判頭期款，計有鮮葡萄、馬鈴薯等十八項。,其中 計有 為 加入 世界 半導體 委員會 而 提前 降 稅 二十五 項 半導體 產品 稅率 以及 配合 我國 加入 世界 貿易 組織 對 美加 談判 頭期款 計有 鮮 葡萄 馬鈴薯 等 十八 項,34,其中(95627) 計有(799) 為(761341) 加入(28847) 世界(165235) 半導體(2346) 委員會(19419) 而(937923) 提前(3167) 降(9397) 稅(2840) 二十五(7894) 項(88887) 半導體(2346) 產品(51029) 稅率(706) 以及(155624) 配合(17173) 我國(7225) 加入(28847) 世界(165235) 貿易(16952) 組織(69485) 對(897964) 美加(153) 談判(6935) 頭期款(143) 計有(799) 鮮(2637) 葡萄(2643) 馬鈴薯(3274) 等(327380) 十八(13604) 項(88887),{'High': 34},"{'第3*級': 2, 'Unknown': 14, '第4級': 2, '第2級': 2, '第5級': 8, '第4*級': 2, '第1級': 1, '第6級': 2, '第3級': 1}",6,Y,Y,N,N
總計，調整七百九十四項商品關稅稅率，但是由於同一樣商品可能同時因為數種原因，而降低稅率，因此，上述統計的單項數目超過七百九十四項。,總計 調整 七百九十四 項 商品 關稅 稅率 但是 由於 同 一 樣 商品 可能 同時 因為 數 種 原因 而 降低 稅率 因此 上述 統計 的 單項 數目 超過 七百九十四 項,31,總計(1784) 調整(18900) 七百九十四(4) 項(88887) 商品(19582) 關稅(1443) 稅率(706) 但是(247988) 由於(88111) 同(102917) 一(3701681) 樣(31330) 商品(19582) 可能(271025) 同時(115305) 因為(425061) 數(38654) 種(701563) 原因(67404) 而(937923) 降低(15638) 稅率(706) 因此(184606) 上述(18640) 統計(9580) 的(16029838) 單項(169) 數目(6493) 超過(30507) 七百九十四(4) 項(88887),"{'High': 29, 'Low': 2}","{'Unknown': 10, '第4*級': 4, '第5級': 6, '第7級': 1, '第2級': 1, '第1級': 3, '第3級': 1, '第3*級': 3, '第1*級': 1, '第4級': 1}",2,Y,Y,N,N
整體而言，這次降稅方案中，降稅幅度最大者為寶石及半導體，降幅為百分之百。,整體 而言 這 次 降 稅 方案 中 降 稅 幅度 最 大 者 為 寶石 及 半導體 降幅 為 百分之百,21,整體(19788) 而言(Unknown) 這(2114032) 次(331701) 降(9397) 稅(2840) 方案(14354) 中(1011729) 降(9397) 稅(2840) 幅度(1908) 最(421680) 大(525780) 者(423504) 為(761341) 寶石(3827) 及(304586) 半導體(2346) 降幅(49) 為(761341) 百分之百(2998),"{'High': 19, 'Low': 2}","{'第4*級': 1, 'Unknown': 10, '第1級': 2, '第2級': 1, '第5級': 3, '第6級': 3, '第1*級': 1}",2,Y,Y,N,N
其次，為冷凍樹薯、甜玉米等植物產品，降幅為四一‧二二%。,其次 為 冷凍 樹薯 甜玉米 等 植物 產品 降幅 為 四一二二,11,其次(8985) 為(761341) 冷凍(1708) 樹薯(43) 甜玉米(Unknown) 等(327380) 植物(19121) 產品(51029) 降幅(49) 為(761341) 四一二二(Unknown),"{'High': 7, 'Low': 4}","{'第5級': 2, 'Unknown': 8, '第3*級': 1}",2,Y,Y,N,N
上述方案如經立法院審議通過，則修正後農產品平均稅率將由目前之二‧○二%，降為一九‧一八%，工業產品稅率則將由目前的六‧三四%，降為六‧○八%，全部產品平均稅率則由目前之八‧二五%降為八‧一四%。,上述 方案 如 經 立法院 審議 通過 則 修正 後 農產品 平均 稅率 將 由 目前 之 二二 降為 一九一八 工業 產品 稅率 則 將 由 目前 的 六三四 降為 六八 全部 產品 平均 稅率 則 由 目前 之 八二五 降為 八一四,42,上述(18640) 方案(14354) 如(195069) 經(38471) 立法院(1934) 審議(1267) 通過(29652) 則(254096) 修正(8173) 後(422857) 農產品(1182) 平均(13871) 稅率(706) 將(448374) 由(208604) 目前(48695) 之(875481) 二二(342) 降為(779) 一九一八(113) 工業(20144) 產品(51029) 稅率(706) 則(254096) 將(448374) 由(208604) 目前(48695) 的(16029838) 六三四(5) 降為(779) 六八(110) 全部(34039) 產品(51029) 平均(13871) 稅率(706) 則(254096) 由(208604) 目前(48695) 之(875481) 八二五(5) 降為(779) 八一四(22),"{'High': 39, 'Low': 3}","{'第5級': 9, '第6級': 1, 'Unknown': 19, '第7級': 1, '第4級': 6, '第1級': 2, '第4*級': 3, '第2級': 1}",6,Y,Y,N,N
財政部昨日表示，為簡化通關程序，行政院也核定通過「進口貨物低價免稅制度」，對進口完稅價格在新台幣三千元以下者，免徵關稅，免徵由海關代徵的營業稅與貨物稅。,財政部 昨日 表示 為 簡化 通關 程序 行政院 也 核定 通過 進口 貨物 低價 免稅 制度 對 進口 完稅 價格 在 新台幣 三千 元 以下 者 免 徵 關稅 免 徵 由 海關 代 徵 的 營業稅 與 貨物稅,39,財政部(1822) 昨日(2036) 表示(74452) 為(761341) 簡化(3808) 通關(462) 程序(11299) 行政院(4347) 也(1590760) 核定(551) 通過(29652) 進口(5751) 貨物(3996) 低價(1244) 免稅(531) 制度(37973) 對(897964) 進口(5751) 完稅(48) 價格(21121) 在(3284238) 新台幣(1741) 三千(5525) 元(60807) 以下(29388) 者(423504) 免(7314) 徵(4178) 關稅(1443) 免(7314) 徵(4178) 由(208604) 海關(1974) 代(39507) 徵(4178) 的(16029838) 營業稅(145) 與(968432) 貨物稅(90),"{'High': 37, 'Low': 2}","{'Unknown': 15, '第5級': 4, '第4*級': 3, '第6級': 2, '第1級': 4, '第7級': 2, '第4級': 7, '第1*級': 1, '第3*級': 1}",5,Y,Y,N,N
不過，同批貨物完稅價格合併計算超過三千元，或者進口貨誤為違禁品、管製品、菸酒產品，則無法適用此一免稅制度。,不過 同 批 貨物 完稅 價格 合併 計算 超過 三千 元 或者 進口貨 誤為 違禁品 管製品 菸酒 產品 則 無法 適用 此 一 免稅 制度,25,不過(186226) 同(102917) 批(22121) 貨物(3996) 完稅(48) 價格(21121) 合併(4520) 計算(14712) 超過(30507) 三千(5525) 元(60807) 或者(63631) 進口貨(86) 誤為(162) 違禁品(116) 管製品(Unknown) 菸酒(290) 產品(51029) 則(254096) 無法(150606) 適用(9454) 此(288458) 一(3701681) 免稅(531) 制度(37973),"{'High': 22, 'Low': 3}","{'第2級': 1, 'Unknown': 11, '第5級': 5, '第4級': 4, '第6級': 1, '第1級': 2, '第3級': 1}",3,Y,Y,N,N
國際先驅論壇報(IHT)週四報導，在亞洲金融風暴災區國家，小公司倒閉成千上萬，但各國政府卻不知如何因應，或者他們正忙著處理規模比較大、政商關係比較好的企業。,國際 先驅 論壇報 IHT 週四 報導 在 亞洲 金融 風暴 災區 國家 小 公司 倒閉 成千上萬 但 各 國 政府 卻 不 知 如何 因應 或者 他們 正 忙著 處理 規模 比較 大 政商 關係 比較 好 的 企業,39,國際(40846) 先驅(2743) 論壇報(276) IHT(1) 週四(412) 報導(27311) 在(3284238) 亞洲(13256) 金融(15237) 風暴(4066) 災區(696) 國家(109166) 小(318835) 公司(168500) 倒閉(1511) 成千上萬(1887) 但(597124) 各(243023) 國(73377) 政府(92663) 卻(333007) 不(2282521) 知(108500) 如何(148068) 因應(6201) 或者(63631) 他們(716752) 正(179334) 忙著(7283) 處理(61797) 規模(17762) 比較(112212) 大(525780) 政商(564) 關係(162883) 比較(112212) 好(448428) 的(16029838) 企業(65457),"{'High': 38, 'Low': 1}","{'第4級': 3, '第6級': 5, 'Unknown': 8, '第5級': 3, '第1*級': 2, '第3*級': 2, '第1級': 6, '第2級': 5, '第3級': 2, '第4*級': 3}",3,Y,Y,N,N
然而，小型企業的命運絕對不應受到這樣的待遇，因為在泰國、馬來西亞，雇用勞工人數最多的是小公司，再讓小公司繼續倒下去，失業問題會像定時炸彈一樣引爆。,然而 小型 企業 的 命運 絕對 不 應 受到 這樣 的 待遇 因為 在 泰國 馬來西亞 雇用 勞工 人數 最多 的 是 小 公司 再 讓 小 公司 繼續 倒下去 失業 問題 會 像 定時 炸彈 一樣 引爆,38,然而(94482) 小型(6080) 企業(65457) 的(16029838) 命運(20184) 絕對(42446) 不(2282521) 應(82417) 受到(66513) 這樣(288344) 的(16029838) 待遇(5311) 因為(425061) 在(3284238) 泰國(2285) 馬來西亞(2504) 雇用(3780) 勞工(4872) 人數(11834) 最多(11485) 的(16029838) 是(4642407) 小(318835) 公司(168500) 再(326207) 讓(526314) 小(318835) 公司(168500) 繼續(80649) 倒下去(502) 失業(3729) 問題(280782) 會(1014977) 像(289494) 定時(1866) 炸彈(3887) 一樣(188109) 引爆(1328),{'High': 38},"{'第5級': 7, 'Unknown': 4, '第4*級': 3, '第1級': 8, '第4級': 3, '第3級': 1, '第1*級': 6, '第6級': 3, '第2級': 3}",2,Y,Y,N,N
亞洲各國政府實在不應坐視亞洲小型企業倒閉成風。,亞洲 各 國 政府 實在 不 應 坐視 亞洲 小型 企業 倒閉成 風,13,亞洲(13256) 各(243023) 國(73377) 政府(92663) 實在(51634) 不(2282521) 應(82417) 坐視(739) 亞洲(13256) 小型(6080) 企業(65457) 倒閉成(Unknown) 風(30613),"{'High': 12, 'Low': 1}","{'第3*級': 2, '第2級': 1, '第1級': 2, '第4級': 1, '第5級': 1, 'Unknown': 3, '第7級': 1, '第4*級': 1, '第1*級': 1}",1,Y,N,N,N
經濟學者指出，首先，小型企業是雇用勞動人口的大宗。,經濟 學者 指出 首先 小型 企業 是 雇用 勞動 人口 的 大 宗,13,經濟(83046) 學者(28981) 指出(38456) 首先(31260) 小型(6080) 企業(65457) 是(4642407) 雇用(3780) 勞動(10802) 人口(17562) 的(16029838) 大(525780) 宗(5046),{'High': 13},"{'第4級': 3, '第4*級': 2, 'Unknown': 2, '第1級': 3, '第6級': 2, '第5級': 1}",0,Y,N,N,N
在馬來西亞，製造業超過二%的就業人口隸屬於小公司，在泰國更是超過一半以上。,在 馬來西亞 製造業 超過 二 的 就業 人口 隸屬於 小 公司 在 泰國 更 是 超過 一半 以上,18,在(3284238) 馬來西亞(2504) 製造業(2014) 超過(30507) 二(152494) 的(16029838) 就業(3846) 人口(17562) 隸屬於(1047) 小(318835) 公司(168500) 在(3284238) 泰國(2285) 更(361676) 是(4642407) 超過(30507) 一半(21409) 以上(36569),{'High': 18},"{'第1*級': 2, '第5級': 3, 'Unknown': 3, '第4級': 3, '第1級': 4, '第2級': 2, '第3*級': 1}",3,Y,N,N,N
其實，泰國和馬國政府也希望小企業能夠在惡劣情勢下生存下去，至少能夠紓解一部分的失業壓力，但情勢卻是越來越不利於小公司。,其實 泰國 和 馬國 政府 也 希望 小 企業 能夠 在 惡劣 情勢 下 生存 下去 至少 能夠 紓解 一 部分 的 失業 壓力 但 情勢 卻 是 越來越 不利 於 小 公司,33,其實(109290) 泰國(2285) 和(1338337) 馬國(73) 政府(92663) 也(1590760) 希望(119975) 小(318835) 企業(65457) 能夠(96422) 在(3284238) 惡劣(4340) 情勢(7256) 下(329549) 生存(17765) 下去(37843) 至少(41964) 能夠(96422) 紓解(1786) 一(3701681) 部分(82518) 的(16029838) 失業(3729) 壓力(40408) 但(597124) 情勢(7256) 卻(333007) 是(4642407) 越來越(27239) 不利(8888) 於(327210) 小(318835) 公司(168500),"{'High': 32, 'Low': 1}","{'第3*級': 1, '第5級': 8, 'Unknown': 6, '第4級': 4, '第1級': 6, '第2級': 4, '第4*級': 1, '第1*級': 2, '第6級': 1}",1,Y,Y,N,N
國際先驅論壇報指出，更要緊的是小型企業一向是這些亞洲國家成推動經濟成長的中堅，如今這些企業卻是面臨存亡絕續的關頭。,國際 先驅 論壇報 指出 更 要緊 的 是 小型 企業 一向 是 這些 亞洲 國家 成 推動 經濟 成長 的 中堅 如今 這些 企業 卻 是 面臨 存亡絕續 的 關頭,30,國際(40846) 先驅(2743) 論壇報(276) 指出(38456) 更(361676) 要緊(4155) 的(16029838) 是(4642407) 小型(6080) 企業(65457) 一向(14985) 是(4642407) 這些(315113) 亞洲(13256) 國家(109166) 成(76470) 推動(14867) 經濟(83046) 成長(42450) 的(16029838) 中堅(421) 如今(29812) 這些(315113) 企業(65457) 卻(333007) 是(4642407) 面臨(16531) 存亡絕續(Unknown) 的(16029838) 關頭(2348),"{'High': 29, 'Low': 1}","{'第4級': 5, '第6級': 2, 'Unknown': 8, '第1級': 6, '第4*級': 6, '第3*級': 1, '第1*級': 1, '第5級': 1}",2,Y,N,N,N
所羅門美邦證券(香港)亞太經濟研究部門便指出，亞洲的小型企業雖然不起眼，但雇用了大批的勞動人口，若沒有這些企業，亞洲要產生有意義、且持久的經濟復甦就非常困難。,所羅門 美邦 證券 香港 亞太 經濟 研究 部門 便 指出 亞洲 的 小型 企業 雖然 不起眼 但 雇用 了 大 批 的 勞動 人口 若 沒有 這些 企業 亞洲 要 產生 有 意義 且 持久 的 經濟 復甦 就 非常 困難,41,所羅門(21) 美邦(33) 證券(5757) 香港(46937) 亞太(1426) 經濟(83046) 研究(182500) 部門(21166) 便(220860) 指出(38456) 亞洲(13256) 的(16029838) 小型(6080) 企業(65457) 雖然(152988) 不起眼(1201) 但(597124) 雇用(3780) 了(3199291) 大(525780) 批(22121) 的(16029838) 勞動(10802) 人口(17562) 若(92766) 沒有(594280) 這些(315113) 企業(65457) 亞洲(13256) 要(851264) 產生(82753) 有(2217079) 意義(71714) 且(67015) 持久(2708) 的(16029838) 經濟(83046) 復甦(1406) 就(1737544) 非常(152032) 困難(37504),"{'Low': 2, 'High': 39}","{'Unknown': 10, '第6級': 5, '第4級': 3, '第3級': 2, '第4*級': 4, '第3*級': 3, '第1級': 8, '第2級': 2, '第5級': 3, '第1*級': 1}",2,Y,Y,N,Y
雖然目前為止，亞洲的小型企業倒閉災情如何仍不明確，但從各國報紙企業倒閉告示佔據的篇幅，以及用電量突然大幅減少，就可以窺見一二。,雖然 目前 為止 亞洲 的 小型 企業 倒閉 災情 如何 仍 不 明確 但 從 各 國 報紙 企業 倒閉 告示 佔據 的 篇幅 以及 用電量 突然 大幅 減少 就 可以 窺見 一二,33,雖然(152988) 目前(48695) 為止(17781) 亞洲(13256) 的(16029838) 小型(6080) 企業(65457) 倒閉(1511) 災情(664) 如何(148068) 仍(92056) 不(2282521) 明確(17292) 但(597124) 從(496546) 各(243023) 國(73377) 報紙(22331) 企業(65457) 倒閉(1511) 告示(1011) 佔據(3153) 的(16029838) 篇幅(3208) 以及(155624) 用電量(78) 突然(69636) 大幅(6731) 減少(22815) 就(1737544) 可以(560531) 窺見(785) 一二(1246),"{'High': 32, 'Low': 1}","{'第2級': 3, '第4級': 4, '第5級': 4, '第3*級': 1, '第1級': 6, 'Unknown': 4, '第4*級': 2, '第6級': 5, '第7級': 2, '第1*級': 1, '第2*級': 1}",1,Y,Y,N,N
馬來西亞最大的英文報紙「星報」在七月的首週刊登了一百二十一個付不出欠款的名單，但在二月份的首週，只登出了六十六個。,馬來西亞 最 大 的 英文 報紙 星報 在 七月 的 首 週 刊登 了 一百二十一 個 付 不 出 欠款 的 名單 但 在 二月份 的 首 週 只 登出 了 六十六 個,33,馬來西亞(2504) 最(421680) 大(525780) 的(16029838) 英文(15308) 報紙(22331) 星報(92) 在(3284238) 七月(15511) 的(16029838) 首(44848) 週(20879) 刊登(4464) 了(3199291) 一百二十一(57) 個(2296574) 付(9964) 不(2282521) 出(84457) 欠款(180) 的(16029838) 名單(6552) 但(597124) 在(3284238) 二月份(143) 的(16029838) 首(44848) 週(20879) 只(436725) 登出(380) 了(3199291) 六十六(573) 個(2296574),"{'High': 31, 'Low': 2}","{'第5級': 3, '第1*級': 5, '第1級': 9, '第2*級': 2, 'Unknown': 9, '第4*級': 2, '第3級': 2, '第2級': 1}",4,Y,Y,N,Y
這份名單是個人、企業兼有，而個人的身分通常是小公司借款的保人。,這 份 名單 是 個人 企業 兼有 而 個人 的 身分 通常 是 小 公司 借款 的 保人,18,這(2114032) 份(53198) 名單(6552) 是(4642407) 個人(76253) 企業(65457) 兼有(639) 而(937923) 個人(76253) 的(16029838) 身分(22196) 通常(56445) 是(4642407) 小(318835) 公司(168500) 借款(1326) 的(16029838) 保人(121),{'High': 18},"{'第1級': 6, '第2級': 2, '第5級': 2, '第4級': 3, '第4*級': 2, 'Unknown': 3}",0,Y,Y,N,N
馬來西亞和泰國政府都成立了優惠貸款，提供小公司渡過難關的資金，但是獲得貸款的還是少之又少。,馬來西亞 和 泰國 政府 都 成立 了 優惠 貸款 提供 小 公司 渡過 難關 的 資金 但是 獲得 貸款 的 還是 少之又少,22,馬來西亞(2504) 和(1338337) 泰國(2285) 政府(92663) 都(1125846) 成立(28506) 了(3199291) 優惠(1810) 貸款(6235) 提供(73097) 小(318835) 公司(168500) 渡過(2757) 難關(2237) 的(16029838) 資金(12844) 但是(247988) 獲得(54809) 貸款(6235) 的(16029838) 還是(155231) 少之又少(698),{'High': 22},"{'第5級': 6, 'Unknown': 2, '第4級': 1, '第1級': 4, '第4*級': 3, '第6級': 2, '第2級': 2, '第1*級': 1, '第7級': 1}",2,Y,Y,N,N
以馬來西亞為例，從去年十二月到現在，全部一萬二千家小公司只有一百三十四家獲得貸款。,以 馬來西亞 為 例 從 去年 十二月 到 現在 全部 一萬二千 家小 公司 只有 一百三十四 家 獲得 貸款,18,以(547785) 馬來西亞(2504) 為(761341) 例(56688) 從(496546) 去年(9462) 十二月(13715) 到(546906) 現在(218744) 全部(34039) 一萬二千(332) 家小(69) 公司(168500) 只有(43745) 一百三十四(57) 家(236822) 獲得(54809) 貸款(6235),"{'High': 16, 'Low': 2}","{'第5級': 4, 'Unknown': 6, '第3級': 1, '第1*級': 1, '第1級': 4, '第2級': 2}",4,Y,N,N,N
不過，也有學者主張，危機反而是轉機。,不過 也 有 學者 主張 危機 反而 是 轉機,9,不過(186226) 也(1590760) 有(2217079) 學者(28981) 主張(23147) 危機(20200) 反而(39627) 是(4642407) 轉機(1522),{'High': 9},"{'第2級': 1, '第1級': 3, '第4*級': 2, '第5級': 2, '第6級': 1}",0,Y,Y,N,N
小公司獲得的貸款管道少，不像大公司有很多銀行願意和他們談，小公司唯有靈活因應才有生存之道，改革的速度反而比大公司快，而且小公司只要一點錢就能夠做出顯著的成績來，翻身的速度相當快。,小 公司 獲得 的 貸款 管道 少 不 像 大 公司 有 很多 銀行 願意 和 他們 談 小 公司 唯有 靈活 因應 才 有 生存 之 道 改革 的 速度 反而 比 大 公司 快 而且 小 公司 只要 一點 錢 就 能夠 做出 顯著 的 成績 來 翻身 的 速度 相當 快,54,小(318835) 公司(168500) 獲得(54809) 的(16029838) 貸款(6235) 管道(7455) 少(50762) 不(2282521) 像(289494) 大(525780) 公司(168500) 有(2217079) 很多(113128) 銀行(33825) 願意(48894) 和(1338337) 他們(716752) 談(44043) 小(318835) 公司(168500) 唯有(10986) 靈活(4964) 因應(6201) 才(394539) 有(2217079) 生存(17765) 之(875481) 道(141723) 改革(21497) 的(16029838) 速度(26646) 反而(39627) 比(170486) 大(525780) 公司(168500) 快(116207) 而且(180402) 小(318835) 公司(168500) 只要(99140) 一點(90745) 錢(89883) 就(1737544) 能夠(96422) 做出(28140) 顯著(7255) 的(16029838) 成績(16851) 來(742183) 翻身(2664) 的(16029838) 速度(26646) 相當(66293) 快(116207),{'High': 54},"{'第1級': 17, '第2級': 9, '第5級': 9, '第1*級': 5, 'Unknown': 4, '第3*級': 3, '第6級': 3, '第3級': 3, '第4級': 1}",0,Y,Y,N,N
大陸計劃三年內改革銀行體系目標的執行現況，再遭國際信用評級機構質疑。,大陸 計劃 三 年 內 改革 銀行 體系 目標 的 執行 現況 再 遭 國際 信用 評 級 機構 質疑,20,大陸(27031) 計劃(22462) 三(313861) 年(514736) 內(183051) 改革(21497) 銀行(33825) 體系(17906) 目標(62638) 的(16029838) 執行(25364) 現況(2710) 再(326207) 遭(18764) 國際(40846) 信用(4062) 評(1240) 級(11106) 機構(24025) 質疑(9842),{'High': 20},"{'第3*級': 1, '第2級': 2, '第1級': 3, '第3級': 1, '第5級': 4, '第6級': 3, '第4級': 3, '第1*級': 1, '第7級': 1, 'Unknown': 1}",0,Y,N,N,N
國際評級機構穆迪二十九日宣佈將大陸九家銀行列入觀察名單，事隔一日，日本RA評級公司昨天也宣佈，調降大陸主權評級以及多家銀行長期外幣評級。,國際 評 級 機構 穆迪 二十九日 宣佈 將 大陸 九 家 銀行 列入 觀察 名單 事 隔 一 日 日本 RA 評 級 公司 昨天 也 宣佈 調降 大陸 主權 評級 以及 多 家 銀行 長期 外幣 評級,38,國際(40846) 評(1240) 級(11106) 機構(24025) 穆迪(93) 二十九日(2357) 宣佈(5454) 將(448374) 大陸(27031) 九(34506) 家(236822) 銀行(33825) 列入(3205) 觀察(44358) 名單(6552) 事(385949) 隔(10438) 一(3701681) 日(94041) 日本(105587) RA(267) 評(1240) 級(11106) 公司(168500) 昨天(12735) 也(1590760) 宣佈(5454) 調降(244) 大陸(27031) 主權(4544) 評級(165) 以及(155624) 多(318992) 家(236822) 銀行(33825) 長期(28592) 外幣(537) 評級(165),"{'High': 37, 'Low': 1}","{'第4級': 3, 'Unknown': 11, '第5級': 6, '第4*級': 2, '第3*級': 2, '第1級': 9, '第2級': 3, '第6級': 1, '第1*級': 1}",1,Y,Y,N,Y
穆迪首席分析員譚曉強指出，受大陸經濟惡化拖累，大陸銀行壞帳增加情況令人憂慮。,穆迪 首席 分析員 譚曉強 指出 受 大陸 經濟 惡化 拖累 大陸 銀行 壞 帳 增加 情況 令 人 憂慮,19,穆迪(93) 首席(2804) 分析員(70) 譚曉強(Unknown) 指出(38456) 受(109982) 大陸(27031) 經濟(83046) 惡化(5145) 拖累(739) 大陸(27031) 銀行(33825) 壞(24641) 帳(6885) 增加(48296) 情況(92301) 令(128742) 人(1550512) 憂慮(5987),"{'Low': 3, 'High': 16}","{'Unknown': 5, '第6級': 1, '第4級': 4, '第3*級': 2, '第5級': 3, '第7級': 1, '第2級': 1, '第2*級': 1, '第1級': 1}",2,Y,N,N,Y
不過，多家受評級的大陸銀行對此表示，「對方不了解大陸銀行體系」。,不過 多 家 受 評 級 的 大陸 銀行 對 此 表示 對方 不 了解 大陸 銀行 體系,18,不過(186226) 多(318992) 家(236822) 受(109982) 評(1240) 級(11106) 的(16029838) 大陸(27031) 銀行(33825) 對(897964) 此(288458) 表示(74452) 對方(62393) 不(2282521) 了解(82970) 大陸(27031) 銀行(33825) 體系(17906),{'High': 18},"{'第2級': 3, '第1級': 5, '第4級': 3, 'Unknown': 1, '第3*級': 3, '第5級': 1, '第4*級': 1, '第6級': 1}",0,Y,Y,N,N
繼本月十三日，標準普爾(SP)因大陸經濟成長放緩以及大陸銀行體系壞帳日趨嚴重，而宣佈將大陸評級長期外幣展望由平穩轉為負面之後，穆迪日前也宣佈，將四家大陸國有商業銀行及五家股份制商業銀行列入觀察名單，其財務實力評級可能被調降。,繼 本 月 十三日 標準 普爾 SP 因 大陸 經濟 成長 放 緩 以及 大陸 銀行 體系 壞 帳 日趨 嚴重 而 宣佈 將 大陸 評 級 長期 外幣 展望 由 平穩 轉為 負面 之後 穆迪 日前 也 宣佈 將 四 家 大陸 國有 商業 銀行 及 五 家 股份 制 商業 銀行 列入 觀察 名單 其 財務 實力 評級 可能 被 調降,63,繼(6145) 本(197156) 月(148997) 十三日(3195) 標準(31106) 普爾(438) SP(89) 因(119364) 大陸(27031) 經濟(83046) 成長(42450) 放(83587) 緩(2449) 以及(155624) 大陸(27031) 銀行(33825) 體系(17906) 壞(24641) 帳(6885) 日趨(1652) 嚴重(39284) 而(937923) 宣佈(5454) 將(448374) 大陸(27031) 評(1240) 級(11106) 長期(28592) 外幣(537) 展望(1306) 由(208604) 平穩(2352) 轉為(4539) 負面(15336) 之後(190467) 穆迪(93) 日前(1738) 也(1590760) 宣佈(5454) 將(448374) 四(141667) 家(236822) 大陸(27031) 國有(2381) 商業(19292) 銀行(33825) 及(304586) 五(112649) 家(236822) 股份(4551) 制(6066) 商業(19292) 銀行(33825) 列入(3205) 觀察(44358) 名單(6552) 其(307905) 財務(9196) 實力(9808) 評級(165) 可能(271025) 被(540683) 調降(244),"{'High': 61, 'Low': 2}","{'第6級': 7, '第1級': 8, 'Unknown': 17, '第3*級': 6, '第4級': 4, '第2級': 5, '第5級': 10, '第2*級': 1, '第4*級': 3, '第7級': 2}",1,Y,Y,N,Y
九家列入觀察名單的銀行有農業銀行、建設銀行、中國銀行、工商銀行、交通銀行、中國投資銀行、招商銀行、中信實業銀行以及廣東發展銀行。,九 家 列入 觀察 名單 的 銀行 有 農業 銀行 建設 銀行 中國 銀行 工商 銀行 交通 銀行 中國 投資 銀行 招商 銀行 中信 實業 銀行 以及 廣東 發展 銀行,30,九(34506) 家(236822) 列入(3205) 觀察(44358) 名單(6552) 的(16029838) 銀行(33825) 有(2217079) 農業(9412) 銀行(33825) 建設(11627) 銀行(33825) 中國(214840) 銀行(33825) 工商(1898) 銀行(33825) 交通(11639) 銀行(33825) 中國(214840) 投資(38191) 銀行(33825) 招商(352) 銀行(33825) 中信(1081) 實業(1071) 銀行(33825) 以及(155624) 廣東(7118) 發展(117494) 銀行(33825),{'High': 30},"{'第1級': 6, '第6級': 1, '第5級': 4, '第2級': 10, 'Unknown': 6, '第3級': 1, '第4*級': 1, '第4級': 1}",0,Y,Y,N,Y
穆迪的評級中，四大銀行中只有中國銀行的財務實力評級為D級，而農行、建行及工商銀行的財務實力評級，則僅次於最低的E級，如再降級，將跌至E級。,穆迪 的 評級 中 四 大 銀行 中 只 有 中國 銀行 的 財務 實力 評級 為 D 級 而 農行 建行 及 工商 銀行 的 財務 實力 評級 則 僅次於 最 低 的 E 級 如 再 降級 將 跌至 E 級,43,穆迪(93) 的(16029838) 評級(165) 中(1011729) 四(141667) 大(525780) 銀行(33825) 中(1011729) 只(436725) 有(2217079) 中國(214840) 銀行(33825) 的(16029838) 財務(9196) 實力(9808) 評級(165) 為(761341) D(20979) 級(11106) 而(937923) 農行(18) 建行(18) 及(304586) 工商(1898) 銀行(33825) 的(16029838) 財務(9196) 實力(9808) 評級(165) 則(254096) 僅次於(118) 最(421680) 低(32663) 的(16029838) E(Unknown) 級(11106) 如(195069) 再(326207) 降級(360) 將(448374) 跌至(163) E(Unknown) 級(11106),"{'Low': 5, 'High': 38}","{'Unknown': 17, '第1級': 8, '第2級': 3, '第1*級': 4, '第5級': 8, '第4級': 3}",1,Y,Y,N,Y
穆迪中國金融系統首席分析員譚曉強表示，如果大陸銀行體系持續惡化，恐將影響大陸主權評級。,穆迪 中國 金融 系統 首席 分析員 譚曉強 表示 如果 大陸 銀行 體系 持續 惡化 恐 將 影響 大陸 主權 評級,20,穆迪(93) 中國(214840) 金融(15237) 系統(67366) 首席(2804) 分析員(70) 譚曉強(Unknown) 表示(74452) 如果(322121) 大陸(27031) 銀行(33825) 體系(17906) 持續(33796) 惡化(5145) 恐(6031) 將(448374) 影響(95840) 大陸(27031) 主權(4544) 評級(165),"{'Low': 3, 'High': 17}","{'Unknown': 6, '第1級': 1, '第5級': 4, '第6級': 2, '第4*級': 2, '第2級': 2, '第3*級': 2, '第3級': 1}",2,Y,Y,N,Y
他說，中國大陸經濟增長放緩，國企獲利能力下滑，連帶使大陸銀行壞帳增加，尤其是中共中央已指示銀行根據商業原則借貸，但仍有銀行借款予虧損中的國營企業。,他 說 中國 大陸 經濟 增長 放 緩 國企 獲利 能力 下滑 連帶 使 大陸 銀行 壞 帳 增加 尤其 是 中共 中央 已 指示 銀行 根據 商業 原則 借貸 但 仍 有 銀行 借款 予 虧損 中 的 國營 企業,41,他(2487930) 說(1285247) 中國(214840) 大陸(27031) 經濟(83046) 增長(7514) 放(83587) 緩(2449) 國企(774) 獲利(5644) 能力(93399) 下滑(1435) 連帶(2640) 使(197544) 大陸(27031) 銀行(33825) 壞(24641) 帳(6885) 增加(48296) 尤其(50700) 是(4642407) 中共(19399) 中央(46180) 已(215610) 指示(10148) 銀行(33825) 根據(51908) 商業(19292) 原則(31148) 借貸(1345) 但(597124) 仍(92056) 有(2217079) 銀行(33825) 借款(1326) 予(6046) 虧損(2400) 中(1011729) 的(16029838) 國營(1825) 企業(65457),{'High': 41},"{'第1級': 6, '第3*級': 3, '第4級': 3, '第5級': 6, '第2級': 6, 'Unknown': 8, '第6級': 3, '第2*級': 1, '第3級': 1, '第4*級': 3, '第7級': 1}",0,Y,Y,N,Y
他說，大陸國有企業貸款目前佔銀行總貸款七成比重，經濟增長放緩後，將使壞帳攀高。,他 說 大陸 國有 企業 貸款 目前 佔 銀行 總貸款 七成 比重 經濟 增長 放 緩 後 將 使 壞 帳 攀高,22,他(2487930) 說(1285247) 大陸(27031) 國有(2381) 企業(65457) 貸款(6235) 目前(48695) 佔(11252) 銀行(33825) 總貸款(Unknown) 七成(577) 比重(1525) 經濟(83046) 增長(7514) 放(83587) 緩(2449) 後(422857) 將(448374) 使(197544) 壞(24641) 帳(6885) 攀高(124),"{'High': 21, 'Low': 1}","{'第1級': 3, '第3*級': 1, 'Unknown': 6, '第4*級': 1, '第5級': 5, '第4級': 2, '第2級': 2, '第6級': 1, '第2*級': 1}",1,Y,N,N,N
他認為，大陸銀行體系現狀，與中共總理朱鎔基三年內改革大陸銀行體系的目標，顯然不一致。,他 認為 大陸 銀行 體系 現狀 與 中共 總理 朱鎔基 三 年 內 改革 大陸 銀行 體系 的 目標 顯然 不 一致,22,他(2487930) 認為(192030) 大陸(27031) 銀行(33825) 體系(17906) 現狀(4478) 與(968432) 中共(19399) 總理(6056) 朱鎔基(667) 三(313861) 年(514736) 內(183051) 改革(21497) 大陸(27031) 銀行(33825) 體系(17906) 的(16029838) 目標(62638) 顯然(34133) 不(2282521) 一致(17053),{'High': 22},"{'第1級': 5, '第2級': 3, '第3*級': 2, '第6級': 3, '第4*級': 1, 'Unknown': 2, '第5級': 4, '第3級': 1, '第4級': 1}",1,Y,N,N,Y
另一家評級機構，日本RA昨日也宣佈，將大陸主權長期外幣評級AA降級為A，同時調降中國銀行等五家大陸銀行長期外幣評級。,另 一 家 評 級 機構 日本 RA 昨日 也 宣佈 將 大陸 主權 長期 外幣 評級 AA 降級 為 A 同時 調降 中國 銀行 等 五 家 大陸 銀行 長期 外幣 評級,33,另(138369) 一(3701681) 家(236822) 評(1240) 級(11106) 機構(24025) 日本(105587) RA(267) 昨日(2036) 也(1590760) 宣佈(5454) 將(448374) 大陸(27031) 主權(4544) 長期(28592) 外幣(537) 評級(165) AA(Unknown) 降級(360) 為(761341) A(Unknown) 同時(115305) 調降(244) 中國(214840) 銀行(33825) 等(327380) 五(112649) 家(236822) 大陸(27031) 銀行(33825) 長期(28592) 外幣(537) 評級(165),"{'High': 31, 'Low': 2}","{'第3級': 1, '第1級': 7, 'Unknown': 14, '第4級': 1, '第5級': 3, '第4*級': 1, '第3*級': 4, '第2級': 2}",0,Y,Y,N,N
對於遭國際評級機構調降財務實力與債信評級，建行、中國投資銀行以及中國銀行昨日異口同聲指出，這是因為國外評級單位不了解大陸金融體系的緣故。,對於 遭 國際 評級 機構 調降 財務 實力 與 債信 評級 建行 中國 投資 銀行 以及 中國 銀行 昨日 異口同聲 指出 這 是 因為 國外 評級 單位 不 了解 大陸 金融 體系 的 緣故,34,對於(99570) 遭(18764) 國際(40846) 評級(165) 機構(24025) 調降(244) 財務(9196) 實力(9808) 與(968432) 債信(45) 評級(165) 建行(18) 中國(214840) 投資(38191) 銀行(33825) 以及(155624) 中國(214840) 銀行(33825) 昨日(2036) 異口同聲(1373) 指出(38456) 這(2114032) 是(4642407) 因為(425061) 國外(8646) 評級(165) 單位(23148) 不(2282521) 了解(82970) 大陸(27031) 金融(15237) 體系(17906) 的(16029838) 緣故(7005),"{'High': 32, 'Low': 2}","{'第5級': 9, '第7級': 1, '第4級': 2, 'Unknown': 7, '第4*級': 2, '第1級': 6, '第2級': 2, '第6級': 2, '第1*級': 1, '第3*級': 2}",1,Y,Y,N,N
交通部長林豐正三十日下午宣佈，現任航政司長謝明輝即將調任基隆港務局局長，經行政院長蕭萬長同意，向教育部商調海洋大學教授吳榮貴出任航政司長。,交通部長 林豐正 三十日 下午 宣佈 現 任 航政司長 謝明輝 即將 調任 基隆 港務局 局長 經 行政院長 蕭萬長 同意 向 教育部 商調 海洋 大學 教授 吳榮貴 出任 航政司長,27,交通部長(153) 林豐正(5) 三十日(2134) 下午(20045) 宣佈(5454) 現(9910) 任(37811) 航政司長(Unknown) 謝明輝(Unknown) 即將(16780) 調任(1338) 基隆(2063) 港務局(109) 局長(3442) 經(38471) 行政院長(698) 蕭萬長(116) 同意(30620) 向(231672) 教育部(3240) 商調(10) 海洋(8653) 大學(83893) 教授(39068) 吳榮貴(Unknown) 出任(5389) 航政司長(Unknown),"{'High': 21, 'Low': 6}","{'Unknown': 16, '第1級': 2, '第4*級': 1, '第5級': 2, '第6級': 2, '第3級': 1, '第2級': 1, '第4級': 1, '第3*級': 1}",11,Y,N,N,Y
林豐正指出，吳榮貴曾經擔任海大航運管理系主任與海運學院院長，到任後對於引水人與航港改革等問題會更加強處理。,林豐正 指出 吳榮貴 曾經 擔任 海大 航運 管理 系主任 與 海運 學院 院長 到任 後 對於 引水人 與 航 港 改革 等 問題 會 更 加強 處理,27,林豐正(5) 指出(38456) 吳榮貴(Unknown) 曾經(52970) 擔任(34825) 海大(73) 航運(636) 管理(54484) 系主任(1209) 與(968432) 海運(1158) 學院(18658) 院長(5857) 到任(772) 後(422857) 對於(99570) 引水人(2) 與(968432) 航(421) 港(8553) 改革(21497) 等(327380) 問題(280782) 會(1014977) 更(361676) 加強(13098) 處理(61797),"{'Low': 4, 'High': 23}","{'Unknown': 11, '第4級': 1, '第5級': 5, '第4*級': 6, '第1級': 2, '第3*級': 1, '第1*級': 1}",4,Y,Y,N,Y
林豐正指出，他認識吳榮貴已久，本月十七日行會」時，他主持其中一個議題，吳榮貴正好擔任講評人，吳榮貴講評內容頗有見地，他當時就詢問吳榮貴轉任航政司長的意願，吳榮貴表示他個人可能有任用資格問題，同時也要求要給他考慮時間。,林豐正 指出 他 認識 吳榮貴 已 久 本 月 十七日 行會 時 他 主持 其中 一 個 議題 吳榮貴 正好 擔任 講評人 吳榮貴 講評 內容 頗 有 見地 他 當時 就 詢問 吳榮貴 轉任 航政司長 的 意願 吳榮貴 表示 他 個人 可能 有 任用 資格 問題 同時 也 要求 要 給 他 考慮 時間,54,林豐正(5) 指出(38456) 他(2487930) 認識(51425) 吳榮貴(Unknown) 已(215610) 久(68086) 本(197156) 月(148997) 十七日(2909) 行會(641) 時(623734) 他(2487930) 主持(9827) 其中(95627) 一(3701681) 個(2296574) 議題(15856) 吳榮貴(Unknown) 正好(17036) 擔任(34825) 講評人(26) 吳榮貴(Unknown) 講評(193) 內容(55074) 頗(22266) 有(2217079) 見地(491) 他(2487930) 當時(126214) 就(1737544) 詢問(12467) 吳榮貴(Unknown) 轉任(855) 航政司長(Unknown) 的(16029838) 意願(6427) 吳榮貴(Unknown) 表示(74452) 他(2487930) 個人(76253) 可能(271025) 有(2217079) 任用(1946) 資格(8486) 問題(280782) 同時(115305) 也(1590760) 要求(71192) 要(851264) 給(240485) 他(2487930) 考慮(28774) 時間(213595),"{'Low': 8, 'High': 46}","{'Unknown': 13, '第1級': 20, '第2級': 1, '第3級': 1, '第3*級': 6, '第5級': 5, '第6級': 3, '第4級': 3, '第7級': 1, '第4*級': 1}",9,Y,N,N,Y
林豐正表示，人事單位研究新的任用辦法後認為，公立大學教授資歷可視同公務人員，吳榮貴有經過公務人員高等考試海運管理人員及格，且擔任過系主任與院長等職，相當於簡任級公務人員，因此任用沒有問題，預計八月中可以正式上任。,林豐正 表示 人事 單位 研究 新 的 任用 辦法 後 認為 公立 大學 教授 資歷 可 視同 公務人員 吳榮貴 有 經過 公務人員 高等 考試 海運 管理 人員 及格 且 擔任 過 系主任 與 院長 等 職 相當於 簡任級 公務人員 因此 任用 沒有 問題 預計 八月 中 可以 正式 上任,49,林豐正(5) 表示(74452) 人事(6842) 單位(23148) 研究(182500) 新(212453) 的(16029838) 任用(1946) 辦法(43280) 後(422857) 認為(192030) 公立(1828) 大學(83893) 教授(39068) 資歷(1487) 可(307359) 視同(464) 公務人員(505) 吳榮貴(Unknown) 有(2217079) 經過(64617) 公務人員(505) 高等(4352) 考試(12696) 海運(1158) 管理(54484) 人員(49261) 及格(1442) 且(67015) 擔任(34825) 過(412878) 系主任(1209) 與(968432) 院長(5857) 等(327380) 職(7196) 相當於(6270) 簡任級(1) 公務人員(505) 因此(184606) 任用(1946) 沒有(594280) 問題(280782) 預計(2295) 八月(15534) 中(1011729) 可以(560531) 正式(23229) 上任(2918),"{'Low': 3, 'High': 46}","{'Unknown': 13, '第4*級': 6, '第5級': 8, '第3級': 2, '第1級': 8, '第6級': 4, '第2級': 3, '第3*級': 3, '第1*級': 2}",8,Y,Y,N,Y
吳榮貴是台灣省高雄縣人，生於民國三十九年十一月，具有海洋學院管理學士、文化大學經濟碩士、夏威夷大學經濟博士學位，唸研究所期間曾經在基業海運任職一年多，六十九年赴夏威夷攻讀博士學位，七十二年返國任海大航管系副教授，七十三年擔任系主任，任期長達六年，期間一度兼任訓導長，八十三年擔任海運學院院長，任期三年，目前是海大教授、交通部航業發展委員會委員，交通部高雄港管理委員會委員、交通部運輸研究所「運輸計畫季刊」審查委員。,吳榮貴 是 台灣省 高雄縣人 生於 民國 三十九年 十一月 具有 海洋 學院 管理 學士 文化 大學 經濟 碩士 夏威夷 大學 經濟 博士 學位 唸 研究所 期間 曾經 在 基業 海運 任職 一 年 多 六十九年 赴 夏威夷 攻讀 博士 學位 七十二年 返國 任 海大 航管系 副教授 七十三年 擔任 系主任 任期 長達 六 年 期間 一 度 兼任 訓導長 八十三年 擔任 海運 學院 院長 任期 三 年 目前 是 海大 教授 交通部 航業 發展 委員會 委員 交通部 高雄港 管理 委員會 委員 交通部 運輸 研究所 運輸 計畫 季刊 審查 委員,87,吳榮貴(Unknown) 是(4642407) 台灣省(1450) 高雄縣人(Unknown) 生於(344) 民國(16130) 三十九年(724) 十一月(12863) 具有(60702) 海洋(8653) 學院(18658) 管理(54484) 學士(3064) 文化(115697) 大學(83893) 經濟(83046) 碩士(4129) 夏威夷(1617) 大學(83893) 經濟(83046) 博士(24647) 學位(5741) 唸(10071) 研究所(12287) 期間(32981) 曾經(52970) 在(3284238) 基業(679) 海運(1158) 任職(4951) 一(3701681) 年(514736) 多(318992) 六十九年(174) 赴(12878) 夏威夷(1617) 攻讀(1211) 博士(24647) 學位(5741) 七十二年(125) 返國(1214) 任(37811) 海大(73) 航管系(Unknown) 副教授(953) 七十三年(155) 擔任(34825) 系主任(1209) 任期(1791) 長達(6188) 六(77936) 年(514736) 期間(32981) 一(3701681) 度(25018) 兼任(2593) 訓導長(49) 八十三年(223) 擔任(34825) 海運(1158) 學院(18658) 院長(5857) 任期(1791) 三(313861) 年(514736) 目前(48695) 是(4642407) 海大(73) 教授(39068) 交通部(506) 航業(50) 發展(117494) 委員會(19419) 委員(10662) 交通部(506) 高雄港(205) 管理(54484) 委員會(19419) 委員(10662) 交通部(506) 運輸(4226) 研究所(12287) 運輸(4226) 計畫(54820) 季刊(621) 審查(4808) 委員(10662),"{'Low': 7, 'High': 80}","{'Unknown': 30, '第1級': 12, '第6級': 11, '第4級': 10, '第4*級': 8, '第5級': 10, '第2級': 2, '第1*級': 2, '第3級': 1, '第3*級': 1}",23,Y,N,N,Y
華盛頓州長駱家輝率領龐大貿易訪問團來台洽尋商機，昨天該州的農業廳長特別代表州長拜會外貿協會祕書長高一心，他透露華盛頓州目前正在推動一個科技聯盟的計畫，未來可以與貿協合作，促成雙邊業者共同成為夥伴。,華盛頓 州長 駱家輝 率領 龐大 貿易 訪問團 來 台 洽尋 商機 昨天 該 州 的 農業 廳長 特別 代表 州長 拜會 外貿 協會 祕書長 高一心 他 透露 華盛頓州 目前 正在 推動 一 個 科技 聯盟 的 計畫 未來 可以 與 貿協 合作 促成 雙邊 業者 共同 成為 夥伴,48,華盛頓(6683) 州長(6013) 駱家輝(49) 率領(10329) 龐大(10804) 貿易(16952) 訪問團(177) 來(742183) 台(29325) 洽尋(1) 商機(1472) 昨天(12735) 該(148369) 州(10227) 的(16029838) 農業(9412) 廳長(492) 特別(91212) 代表(58333) 州長(6013) 拜會(626) 外貿(523) 協會(13492) 祕書長(590) 高一心(Unknown) 他(2487930) 透露(7366) 華盛頓州(362) 目前(48695) 正在(54336) 推動(14867) 一(3701681) 個(2296574) 科技(30630) 聯盟(7935) 的(16029838) 計畫(54820) 未來(54445) 可以(560531) 與(968432) 貿協(15) 合作(35908) 促成(4737) 雙邊(806) 業者(6857) 共同(36636) 成為(143834) 夥伴(9434),"{'High': 44, 'Low': 4}","{'Unknown': 16, '第5級': 7, '第6級': 3, '第4*級': 4, '第1級': 8, '第2級': 3, '第4級': 5, '第7級': 1, '第3*級': 1}",6,Y,N,N,Y
雖然此次拜訪貿協的是華盛頓州政府農業廳長，然而根據側面了解，雙方會談的重點，並不限於農業方面，對高科技著墨不少。,雖然 此 次 拜訪 貿協 的 是 華盛頓 州政府 農業 廳長 然而 根據 側面 了解 雙方 會談 的 重點 並 不 限於 農業 方面 對 高科技 著墨 不少,28,雖然(152988) 此(288458) 次(331701) 拜訪(9919) 貿協(15) 的(16029838) 是(4642407) 華盛頓(6683) 州政府(3691) 農業(9412) 廳長(492) 然而(94482) 根據(51908) 側面(2459) 了解(82970) 雙方(22984) 會談(3062) 的(16029838) 重點(22761) 並(442790) 不(2282521) 限於(4579) 農業(9412) 方面(75079) 對(897964) 高科技(3243) 著墨(243) 不少(35256),"{'High': 27, 'Low': 1}","{'第2級': 2, '第5級': 2, '第4*級': 4, 'Unknown': 10, '第1級': 5, '第3*級': 2, '第6級': 2, '第4級': 1}",3,Y,Y,N,N
目前華盛頓州是美國波音公司與微軟公司等重量級企業的大本營，在高科技方面的成就，並不輸於華盛頓州出產的蘋果等農產品。,目前 華盛頓州 是 美國 波音 公司 與 微軟 公司 等 重量級 企業 的 大本營 在 高科技 方面 的 成就 並 不 輸 於 華盛頓州 出產 的 蘋果 等 農產品,29,目前(48695) 華盛頓州(362) 是(4642407) 美國(148299) 波音(647) 公司(168500) 與(968432) 微軟(5735) 公司(168500) 等(327380) 重量級(744) 企業(65457) 的(16029838) 大本營(1424) 在(3284238) 高科技(3243) 方面(75079) 的(16029838) 成就(25263) 並(442790) 不(2282521) 輸(8071) 於(327210) 華盛頓州(362) 出產(1059) 的(16029838) 蘋果(8774) 等(327380) 農產品(1182),{'High': 29},"{'第4級': 2, 'Unknown': 7, '第1級': 6, '第2級': 2, '第4*級': 5, '第3*級': 3, '第7級': 1, '第1*級': 1, '第5級': 1, '第2*級': 1}",6,Y,Y,N,Y
華盛頓州農業廳長向貿協祕書長高一心透露一個重要訊息，該州州長曾表明，此次來訪不僅要推銷該州的產品，同時也要與台灣業者有雙向互動的機會，因此也會考慮從台灣進行採購。,華盛頓州 農業 廳長 向 貿協 祕書長 高一心 透露 一 個 重要 訊息 該 州 州長 曾 表明 此 次 來訪 不僅 要 推銷 該 州 的 產品 同時 也 要 與 台灣 業者 有 雙向 互動 的 機會 因此 也 會 考慮 從 台灣 進行 採購,46,華盛頓州(362) 農業(9412) 廳長(492) 向(231672) 貿協(15) 祕書長(590) 高一心(Unknown) 透露(7366) 一(3701681) 個(2296574) 重要(154863) 訊息(33515) 該(148369) 州(10227) 州長(6013) 曾(132981) 表明(7686) 此(288458) 次(331701) 來訪(3642) 不僅(43138) 要(851264) 推銷(5357) 該(148369) 州(10227) 的(16029838) 產品(51029) 同時(115305) 也(1590760) 要(851264) 與(968432) 台灣(130718) 業者(6857) 有(2217079) 雙向(1083) 互動(21463) 的(16029838) 機會(81244) 因此(184606) 也(1590760) 會(1014977) 考慮(28774) 從(496546) 台灣(130718) 進行(100298) 採購(3679),"{'High': 44, 'Low': 2}","{'Unknown': 12, '第2級': 4, '第5級': 9, '第1級': 11, '第4*級': 5, '第4級': 2, '第3*級': 1, '第1*級': 2}",3,Y,Y,N,Y
貿協祕書長高一心對華盛頓州州長的這項看法，甚表讚佩與支持。,貿協 祕書長 高一心 對 華盛頓州 州長 的 這 項 看法 甚 表 讚佩 與 支持,15,貿協(15) 祕書長(590) 高一心(Unknown) 對(897964) 華盛頓州(362) 州長(6013) 的(16029838) 這(2114032) 項(88887) 看法(30115) 甚(21590) 表(16457) 讚佩(145) 與(968432) 支持(42489),"{'Low': 2, 'High': 13}","{'Unknown': 7, '第1級': 3, '第5級': 1, '第3*級': 1, '第6級': 1, '第4*級': 1, '第4級': 1}",3,Y,Y,N,Y
同時透露，目前該州也正在推動一項重要計畫，即由三、四十家科技業者聯合策動一個科技聯盟，未來台商也可以共同參與這項聯盟的計畫。,同時 透露 目前 該 州 也 正在 推動 一 項 重要 計畫 即 由 三 四十 家 科技 業者 聯合 策動 一 個 科技 聯盟 未來 台商 也 可以 共同 參與 這 項 聯盟 的 計畫,36,同時(115305) 透露(7366) 目前(48695) 該(148369) 州(10227) 也(1590760) 正在(54336) 推動(14867) 一(3701681) 項(88887) 重要(154863) 計畫(54820) 即(110826) 由(208604) 三(313861) 四十(15256) 家(236822) 科技(30630) 業者(6857) 聯合(10911) 策動(659) 一(3701681) 個(2296574) 科技(30630) 聯盟(7935) 未來(54445) 台商(903) 也(1590760) 可以(560531) 共同(36636) 參與(40595) 這(2114032) 項(88887) 聯盟(7935) 的(16029838) 計畫(54820),{'High': 36},"{'第3*級': 1, '第5級': 8, '第4級': 5, '第4*級': 3, '第1級': 10, 'Unknown': 4, '第2級': 3, '第6級': 1, '第7級': 1}",0,Y,N,N,N
高一心也立刻指示派駐溫哥華辦事處主任朱康明，擇期前往華盛頓州實地考察這項科技聯盟的計畫，並將訊息傳回貿協總部，作為未來評估參與這項計畫的重要參考依據。,高一心 也 立刻 指示 派駐 溫哥華 辦事處 主任 朱康明 擇期 前往 華盛頓州 實地 考察 這 項 科技 聯盟 的 計畫 並 將 訊息 傳回 貿協 總部 作為 未來 評估 參與 這 項 計畫 的 重要 參考 依據,37,高一心(Unknown) 也(1590760) 立刻(46255) 指示(10148) 派駐(826) 溫哥華(586) 辦事處(1515) 主任(13859) 朱康明(Unknown) 擇期(67) 前往(27321) 華盛頓州(362) 實地(2450) 考察(5256) 這(2114032) 項(88887) 科技(30630) 聯盟(7935) 的(16029838) 計畫(54820) 並(442790) 將(448374) 訊息(33515) 傳回(543) 貿協(15) 總部(11556) 作為(58009) 未來(54445) 評估(16292) 參與(40595) 這(2114032) 項(88887) 計畫(54820) 的(16029838) 重要(154863) 參考(24401) 依據(12089),"{'Low': 4, 'High': 33}","{'Unknown': 8, '第1級': 5, '第3級': 1, '第5級': 11, '第7級': 1, '第4*級': 3, '第4級': 3, '第6級': 2, '第2級': 3}",5,Y,Y,N,Y
目前貿協已將科技的焦點對準美國矽谷，不過，如果華盛頓州的這項科技產業的聯盟計畫具有市場潛力，高一心強調，也可以考慮促成台商前往當地進行技術合作或洽尋合作夥伴。,目前 貿協 已 將 科技 的 焦點 對準 美國 矽谷 不過 如果 華盛頓州 的 這 項 科技 產業 的 聯盟 計畫 具有 市場 潛力 高一心 強調 也 可以 考慮 促成 台商 前往 當地 進行 技術合作 或 洽尋 合作 夥伴,39,目前(48695) 貿協(15) 已(215610) 將(448374) 科技(30630) 的(16029838) 焦點(10000) 對準(2444) 美國(148299) 矽谷(1105) 不過(186226) 如果(322121) 華盛頓州(362) 的(16029838) 這(2114032) 項(88887) 科技(30630) 產業(29756) 的(16029838) 聯盟(7935) 計畫(54820) 具有(60702) 市場(65023) 潛力(5300) 高一心(Unknown) 強調(36095) 也(1590760) 可以(560531) 考慮(28774) 促成(4737) 台商(903) 前往(27321) 當地(23011) 進行(100298) 技術合作(96) 或(478077) 洽尋(1) 合作(35908) 夥伴(9434),"{'High': 35, 'Low': 4}","{'第4級': 4, 'Unknown': 7, '第3級': 2, '第5級': 10, '第1級': 7, '第6級': 3, '第2級': 4, '第4*級': 1, '第3*級': 1}",3,Y,Y,N,Y
高一心並且遊說華盛頓州農業廳長，來台參加貿協為美國產品舉辦的型錄展，以及食品展。,高一心 並且 遊說 華盛頓州 農業 廳長 來 台 參加 貿協 為 美國 產品 舉辦 的 型錄展 以及 食品展,18,高一心(Unknown) 並且(60996) 遊說(1907) 華盛頓州(362) 農業(9412) 廳長(492) 來(742183) 台(29325) 參加(42962) 貿協(15) 為(761341) 美國(148299) 產品(51029) 舉辦(12070) 的(16029838) 型錄展(Unknown) 以及(155624) 食品展(17),"{'Low': 4, 'High': 14}","{'Unknown': 9, '第4級': 2, '第6級': 1, '第1級': 3, '第2級': 2, '第5級': 1}",4,Y,Y,N,Y
由於該州在去年並未參與這項重要活動，相當可惜，雖然華盛頓州出產的蘋果在本地已享有高知名度，惟對該州的特色產業與其他農產品，還是很陌生，未來雙方業者可藉由參與這些展覽，共創雙贏。,由於 該 州 在 去年 並 未 參與 這 項 重要 活動 相當 可惜 雖然 華盛頓州 出產 的 蘋果 在 本地 已 享有 高 知名度 惟 對 該 州 的 特色 產業 與 其他 農產品 還是 很 陌生 未來 雙方 業者 可 藉由 參與 這些 展覽 共創 雙贏,48,由於(88111) 該(148369) 州(10227) 在(3284238) 去年(9462) 並(442790) 未(101927) 參與(40595) 這(2114032) 項(88887) 重要(154863) 活動(85743) 相當(66293) 可惜(16141) 雖然(152988) 華盛頓州(362) 出產(1059) 的(16029838) 蘋果(8774) 在(3284238) 本地(Unknown) 已(215610) 享有(5799) 高(128858) 知名度(2300) 惟(5714) 對(897964) 該(148369) 州(10227) 的(16029838) 特色(16060) 產業(29756) 與(968432) 其他(189445) 農產品(1182) 還是(155231) 很(715675) 陌生(7928) 未來(54445) 雙方(22984) 業者(6857) 可(307359) 藉由(15664) 參與(40595) 這些(315113) 展覽(6450) 共創(391) 雙贏(817),"{'High': 47, 'Low': 1}","{'第4*級': 8, '第5級': 8, '第1*級': 3, '第1級': 7, '第2級': 4, '第3級': 2, '第3*級': 1, 'Unknown': 8, '第2*級': 1, '第6級': 3, '第4級': 3}",3,Y,Y,N,N
共創雙贏。,共創 雙贏,2,共創(391) 雙贏(817),{'High': 2},{'Unknown': 2},0,Y,N,N,N
換匯換利，係一種管理匯率與利率風險的金融工具。,換 匯 換 利 係 一 種 管理 匯率 與 利率 風險 的 金融 工具,15,換(25907) 匯(435) 換(25907) 利(10140) 係(9477) 一(3701681) 種(701563) 管理(54484) 匯率(3618) 與(968432) 利率(4315) 風險(19287) 的(16029838) 金融(15237) 工具(26319),{'High': 15},"{'第3級': 2, '第6級': 2, '第5級': 3, '第1級': 2, 'Unknown': 3, '第4*級': 2, '第4級': 1}",0,Y,Y,N,N
換匯換利的交易流程如下：一、期初本金交換()，係指交易雙方以即期匯率，交換兩種通貨的本金金額，二、期間利息交換，交易雙方在約定的契約期間內，交換兩種不同通貨的利息流量，三、期末交換()，交易雙方在契約到期日，以交易起始日約定的匯率，交換本金金額。,換 匯 換 利 的 交易 流程 如下 一 期初 本金 交換 係指 交易 雙方 以 即期 匯率 交換 兩 種 通貨 的 本金 金額 二 期間 利息 交換 交易 雙方 在 約定 的 契約 期間 內 交換 兩 種 不同 通貨 的 利息 流量 三 期末 交換 交易 雙方 在 契約 到期日 以 交易 起始日 約定 的 匯率 交換 本金 金額,62,換(25907) 匯(435) 換(25907) 利(10140) 的(16029838) 交易(16930) 流程(6227) 如下(2340) 一(3701681) 期初(8) 本金(249) 交換(11543) 係指(610) 交易(16930) 雙方(22984) 以(547785) 即期(73) 匯率(3618) 交換(11543) 兩(526190) 種(701563) 通貨(747) 的(16029838) 本金(249) 金額(5087) 二(152494) 期間(32981) 利息(2737) 交換(11543) 交易(16930) 雙方(22984) 在(3284238) 約定(5108) 的(16029838) 契約(5477) 期間(32981) 內(183051) 交換(11543) 兩(526190) 種(701563) 不同(159432) 通貨(747) 的(16029838) 利息(2737) 流量(1498) 三(313861) 期末(384) 交換(11543) 交易(16930) 雙方(22984) 在(3284238) 契約(5477) 到期日(5) 以(547785) 交易(16930) 起始日(4) 約定(5108) 的(16029838) 匯率(3618) 交換(11543) 本金(249) 金額(5087),"{'High': 58, 'Low': 4}","{'第3級': 4, '第6級': 5, '第5級': 13, '第1級': 10, 'Unknown': 17, '第4級': 6, '第4*級': 5, '第1*級': 2}",2,Y,N,N,N
因此，換匯換利交易不僅牽涉到利息的交換，也有本金的交換。,因此 換 匯 換 利 交易 不僅 牽涉到 利息 的 交換 也 有 本金 的 交換,16,因此(184606) 換(25907) 匯(435) 換(25907) 利(10140) 交易(16930) 不僅(43138) 牽涉到(3410) 利息(2737) 的(16029838) 交換(11543) 也(1590760) 有(2217079) 本金(249) 的(16029838) 交換(11543),{'High': 16},"{'第4*級': 1, '第3級': 2, '第6級': 1, '第5級': 3, 'Unknown': 3, '第1級': 4, '第4級': 2}",1,Y,Y,N,N
換匯換利可用來管理企業資產負債部位的匯率、利率風險。,換 匯 換 利 可 用來 管理 企業 資產 負債 部位 的 匯率 利率 風險,15,換(25907) 匯(435) 換(25907) 利(10140) 可(307359) 用來(29356) 管理(54484) 企業(65457) 資產(14148) 負債(2396) 部位(8692) 的(16029838) 匯率(3618) 利率(4315) 風險(19287),{'High': 15},"{'第3級': 2, '第6級': 2, '第5級': 5, '第4*級': 3, '第1級': 1, 'Unknown': 2}",0,Y,N,N,N
企業是否要承做換匯換利，端視企業對未來利率與匯率的預期；但因換匯換利契約牽涉到本金的交換，且有較多的信用風險，市場流動性亦不佳，因此，較不適合投機操作。,企業 是否 要 承 做 換 匯 換 利 端視 企業 對 未來 利率 與 匯率 的 預期 但 因 換 匯 換 利 契約 牽涉到 本金 的 交換 且 有 較多 的 信用 風險 市場 流動性 亦 不佳 因此 較 不 適合 投機 操作,45,企業(65457) 是否(78907) 要(851264) 承(1732) 做(411649) 換(25907) 匯(435) 換(25907) 利(10140) 端視(691) 企業(65457) 對(897964) 未來(54445) 利率(4315) 與(968432) 匯率(3618) 的(16029838) 預期(11499) 但(597124) 因(119364) 換(25907) 匯(435) 換(25907) 利(10140) 契約(5477) 牽涉到(3410) 本金(249) 的(16029838) 交換(11543) 且(67015) 有(2217079) 較多(4872) 的(16029838) 信用(4062) 風險(19287) 市場(65023) 流動性(1047) 亦(68507) 不佳(4940) 因此(184606) 較(78424) 不(2282521) 適合(25592) 投機(2569) 操作(10980),{'High': 45},"{'第4*級': 5, '第5級': 6, '第1級': 8, 'Unknown': 9, '第3級': 6, '第6級': 5, '第7級': 1, '第4級': 2, '第2級': 3}",2,Y,Y,N,N
國內鋼鐵業排名第三的安鋒集團，傳出子公司安鋒公司跳票事件，中華信用評等公司認為，安鋒跳票事件只是冰山一角而已，未來鋼鐵業前途多舛，財務勢必受到影響。,國內 鋼鐵業 排名 第三 的 安鋒 集團 傳出 子公司 安鋒 公司 跳票 事件 中華 信用 評等 公司 認為 安鋒 跳票 事件 只 是 冰山一角 而已 未來 鋼鐵業 前途 多舛 財務 勢必 受到 影響,33,國內(17537) 鋼鐵業(173) 排名(3190) 第三(50320) 的(16029838) 安鋒(26) 集團(20609) 傳出(4421) 子公司(1190) 安鋒(26) 公司(168500) 跳票(98) 事件(59059) 中華(8450) 信用(4062) 評等(133) 公司(168500) 認為(192030) 安鋒(26) 跳票(98) 事件(59059) 只(436725) 是(4642407) 冰山一角(55) 而已(43005) 未來(54445) 鋼鐵業(173) 前途(6267) 多舛(269) 財務(9196) 勢必(5212) 受到(66513) 影響(95840),"{'High': 27, 'Low': 6}","{'第4級': 4, 'Unknown': 13, '第6級': 2, '第1級': 2, '第5級': 6, '第2級': 3, '第1*級': 1, '第7級': 1, '第3級': 1}",4,Y,N,N,Y
中華信評昨日公佈一份對鋼鐵業的研究報告報告中指出，目前全球鋼鐵業者的資本密集程度過高，加上產業深受國際景氣影響，競爭相當激烈。,中華 信評 昨日 公佈 一 份 對 鋼鐵業 的 研究 報告 報告 中 指出 目前 全球 鋼鐵 業者 的 資本 密集 程度 過 高 加上 產業 深受 國際 景氣 影響 競爭 相當 激烈,33,中華(8450) 信評(52) 昨日(2036) 公佈(1798) 一(3701681) 份(53198) 對(897964) 鋼鐵業(173) 的(16029838) 研究(182500) 報告(37237) 報告(37237) 中(1011729) 指出(38456) 目前(48695) 全球(21104) 鋼鐵(2695) 業者(6857) 的(16029838) 資本(11888) 密集(3163) 程度(43988) 過(412878) 高(128858) 加上(38121) 產業(29756) 深受(5274) 國際(40846) 景氣(1794) 影響(95840) 競爭(30766) 相當(66293) 激烈(11890),"{'High': 32, 'Low': 1}","{'Unknown': 8, '第5級': 4, '第1級': 5, '第2級': 1, '第3級': 6, '第4級': 5, '第4*級': 1, '第6級': 1, '第3*級': 1, '第1*級': 1}",1,Y,Y,N,N
而國內部份鋼鐵廠的舉債規模太大，以安鋒鋼鐵為例，該公司負債比率高達六八‧二%，是國內鋼鐵業負債比最高的公司；此外，該公司營運現金流量佔總負債比率只有一二‧七%，利息保障倍數也只有二倍，顯示財務狀況並不堅實。,而 國內 部份 鋼鐵廠 的 舉債 規模 太 大 以 安鋒 鋼鐵 為 例 該 公司 負債 比率 高達 六八二 是 國內 鋼鐵業 負債比 最 高 的 公司 此外 該 公司 營運 現金 流量 佔 總 負債 比率 只有 一二七 利息 保障 倍數 也 只 有 二 倍 顯示 財務 狀況 並 不 堅實,54,而(937923) 國內(17537) 部份(11022) 鋼鐵廠(314) 的(16029838) 舉債(249) 規模(17762) 太(181732) 大(525780) 以(547785) 安鋒(26) 鋼鐵(2695) 為(761341) 例(56688) 該(148369) 公司(168500) 負債(2396) 比率(3447) 高達(7931) 六八二(2) 是(4642407) 國內(17537) 鋼鐵業(173) 負債比(Unknown) 最(421680) 高(128858) 的(16029838) 公司(168500) 此外(30247) 該(148369) 公司(168500) 營運(5641) 現金(5112) 流量(1498) 佔(11252) 總(46750) 負債(2396) 比率(3447) 只有(43745) 一二七(35) 利息(2737) 保障(7072) 倍數(748) 也(1590760) 只(436725) 有(2217079) 二(152494) 倍(22818) 顯示(32718) 財務(9196) 狀況(44199) 並(442790) 不(2282521) 堅實(1821),"{'High': 50, 'Low': 4}","{'第5級': 11, '第4級': 3, '第2級': 5, 'Unknown': 13, '第1級': 10, '第4*級': 4, '第3級': 1, '第6級': 3, '第1*級': 2, '第3*級': 1, '第7級': 1}",5,Y,Y,N,Y
整體來說，國內鋼鐵業的「利息前、稅前、折舊前及攤提前之盈餘對利息之保障倍數(EBITDA)」稍嫌薄弱。,整體 來 說 國內 鋼鐵業 的 利息 前 稅 前 折舊 前 及 攤提 前 之 盈餘 對 利息 之 保障 倍數 EBITDA 稍嫌 薄弱,25,整體(19788) 來(742183) 說(1285247) 國內(17537) 鋼鐵業(173) 的(16029838) 利息(2737) 前(272709) 稅(2840) 前(272709) 折舊(364) 前(272709) 及(304586) 攤提(4) 前(272709) 之(875481) 盈餘(1662) 對(897964) 利息(2737) 之(875481) 保障(7072) 倍數(748) EBITDA(6) 稍嫌(402) 薄弱(2281),"{'High': 23, 'Low': 2}","{'第4*級': 1, '第1級': 8, '第4級': 1, 'Unknown': 7, '第5級': 7, '第6級': 1}",2,Y,Y,N,N
只有三家業者(中鋼、燁興、盛餘)的EBITDA值在三以上(三倍以上的保障)，表示鋼鐵業債務融資的情形相當普遍。,只有 三 家 業者 中鋼 燁興 盛餘 的 EBITDA值 在 三 以上 三 倍 以上 的 保障 表示 鋼鐵業 債務 融資 的 情形 相當 普遍,25,只有(43745) 三(313861) 家(236822) 業者(6857) 中鋼(602) 燁興(14) 盛餘(30) 的(16029838) EBITDA值(Unknown) 在(3284238) 三(313861) 以上(36569) 三(313861) 倍(22818) 以上(36569) 的(16029838) 保障(7072) 表示(74452) 鋼鐵業(173) 債務(3824) 融資(2070) 的(16029838) 情形(35199) 相當(66293) 普遍(16221),"{'High': 22, 'Low': 3}","{'Unknown': 8, '第1級': 7, '第1*級': 1, '第3*級': 4, '第5級': 1, '第4*級': 1, '第6級': 1, '第3級': 1, '第4級': 1}",2,Y,Y,N,Y
此外，分析鋼鐵業的現金流量，可以揭示企業償債能力與帳列盈餘的差距。,此外 分析 鋼鐵業 的 現金 流量 可以 揭示 企業 償債 能力 與 帳 列 盈餘 的 差距,17,此外(30247) 分析(59250) 鋼鐵業(173) 的(16029838) 現金(5112) 流量(1498) 可以(560531) 揭示(2260) 企業(65457) 償債(192) 能力(93399) 與(968432) 帳(6885) 列(10857) 盈餘(1662) 的(16029838) 差距(5164),{'High': 17},"{'第5級': 3, 'Unknown': 5, '第1級': 3, '第4級': 1, '第7級': 1, '第4*級': 2, '第2級': 1, '第6級': 1}",1,Y,Y,N,N
比較常用的分析工具是「現金流量對總負債之比」以及「現金流量對資本支出之比」，後者必須評估企業的資本需求，這對資本密集鋼鐵業特別重要。,比較 常用 的 分析 工具 是 現金 流量 對 總 負債 之 比 以及 現金 流量 對 資本 支出 之 比 後者 必須 評估 企業 的 資本 需求 這 對 資本 密集 鋼鐵業 特別 重要,35,比較(112212) 常用(2130) 的(16029838) 分析(59250) 工具(26319) 是(4642407) 現金(5112) 流量(1498) 對(897964) 總(46750) 負債(2396) 之(875481) 比(170486) 以及(155624) 現金(5112) 流量(1498) 對(897964) 資本(11888) 支出(3988) 之(875481) 比(170486) 後者(11764) 必須(170592) 評估(16292) 企業(65457) 的(16029838) 資本(11888) 需求(29061) 這(2114032) 對(897964) 資本(11888) 密集(3163) 鋼鐵業(173) 特別(91212) 重要(154863),{'High': 35},"{'第2級': 4, 'Unknown': 4, '第1級': 7, '第5級': 8, '第4級': 3, '第6級': 2, '第1*級': 2, '第4*級': 4, '第3級': 1}",1,Y,Y,N,N
鋼鐵業者若要引進並維護現代化的高效率設備，以便能在市場上有效地競爭，就必須有巨幅的資本支出。,鋼鐵 業者 若要 引進 並 維護 現代化 的 高效率 設備 以便 能 在 市場 上 有效 地 競爭 就 必須 有 巨幅 的 資本 支出,25,鋼鐵(2695) 業者(6857) 若要(4553) 引進(6742) 並(442790) 維護(8695) 現代化(6049) 的(16029838) 高效率(533) 設備(12866) 以便(13160) 能(582260) 在(3284238) 市場(65023) 上(1233218) 有效(30667) 地(754998) 競爭(30766) 就(1737544) 必須(170592) 有(2217079) 巨幅(569) 的(16029838) 資本(11888) 支出(3988),{'High': 25},"{'Unknown': 7, '第6級': 2, '第4*級': 2, '第5級': 3, '第1級': 5, '第4級': 2, '第1*級': 2, '第2級': 1, '第3級': 1}",2,Y,Y,N,N
不過資本密集的程度則依投資之不同而有差距；電爐廠與中游鋼鐵加工業者所需的資金，比一貫作業的鋼廠小；當然，中游業者的進入障礙亦較低。,不過 資本 密集 的 程度 則 依 投資 之 不同 而 有 差距 電爐廠 與 中游 鋼鐵 加工 業者 所 需 的 資金 比 一貫 作業 的 鋼廠 小 當然 中游 業者 的 進入 障礙 亦 較 低,38,不過(186226) 資本(11888) 密集(3163) 的(16029838) 程度(43988) 則(254096) 依(37519) 投資(38191) 之(875481) 不同(159432) 而(937923) 有(2217079) 差距(5164) 電爐廠(Unknown) 與(968432) 中游(440) 鋼鐵(2695) 加工(4720) 業者(6857) 所(527327) 需(27999) 的(16029838) 資金(12844) 比(170486) 一貫(4809) 作業(16954) 的(16029838) 鋼廠(161) 小(318835) 當然(113971) 中游(440) 業者(6857) 的(16029838) 進入(66885) 障礙(17905) 亦(68507) 較(78424) 低(32663),"{'High': 37, 'Low': 1}","{'第2級': 6, '第4*級': 3, '第6級': 3, '第1級': 6, '第3*級': 1, '第5級': 7, 'Unknown': 8, '第3級': 1, '第1*級': 2, '第4級': 1}",1,Y,Y,N,N
不過無論規模如何小，若想保持生產線做有效率的生產，且在必要時可以擴充產能，就必須維持一定程度的資本支出。,不過 無論 規模 如何 小 若 想 保持 生產線 做 有 效率 的 生產 且 在 必要 時 可以 擴充 產能 就 必須 維持 一定 程度 的 資本 支出,29,不過(186226) 無論(37021) 規模(17762) 如何(148068) 小(318835) 若(92766) 想(449884) 保持(39415) 生產線(1584) 做(411649) 有(2217079) 效率(12802) 的(16029838) 生產(36079) 且(67015) 在(3284238) 必要(29889) 時(623734) 可以(560531) 擴充(2401) 產能(1444) 就(1737544) 必須(170592) 維持(31284) 一定(138695) 程度(43988) 的(16029838) 資本(11888) 支出(3988),{'High': 29},"{'第2級': 1, '第4級': 2, '第4*級': 5, '第5級': 3, '第1級': 8, 'Unknown': 3, '第3級': 2, '第1*級': 2, '第3*級': 2, '第6級': 1}",1,Y,Y,N,N
中華信用評等公司也認為，安鋒鋼鐵只是鋼鐵業危機的冰山一角，在產業嚴峻的情勢沒變之下，對於鋼鐵業者的財務，改善的機會不大。,中華 信用 評等 公司 也 認為 安鋒 鋼鐵 只 是 鋼鐵業 危機 的 冰山一角 在 產業 嚴峻 的 情勢 沒 變 之下 對於 鋼鐵 業者 的 財務 改善 的 機會 不 大,32,中華(8450) 信用(4062) 評等(133) 公司(168500) 也(1590760) 認為(192030) 安鋒(26) 鋼鐵(2695) 只(436725) 是(4642407) 鋼鐵業(173) 危機(20200) 的(16029838) 冰山一角(55) 在(3284238) 產業(29756) 嚴峻(1767) 的(16029838) 情勢(7256) 沒(306167) 變(80345) 之下(34606) 對於(99570) 鋼鐵(2695) 業者(6857) 的(16029838) 財務(9196) 改善(21559) 的(16029838) 機會(81244) 不(2282521) 大(525780),"{'High': 30, 'Low': 2}","{'Unknown': 8, '第5級': 5, '第2級': 4, '第1級': 9, '第1*級': 2, '第4*級': 2, '第7級': 2}",2,Y,N,N,Y
中華開發昨日除權，爆出五個多月來的最大量，早盤更一度攻上漲停，最後以上漲二.五元作收。,中華 開發 昨日 除權 爆出 五 個 多 月 來 的 最 大 量 早盤 更 一 度 攻上 漲停 最後 以 上漲 二五 元 作收,26,中華(8450) 開發(19196) 昨日(2036) 除權(107) 爆出(1043) 五(112649) 個(2296574) 多(318992) 月(148997) 來(742183) 的(16029838) 最(421680) 大(525780) 量(9581) 早盤(2) 更(361676) 一(3701681) 度(25018) 攻上(147) 漲停(45) 最後(142102) 以(547785) 上漲(3154) 二五(445) 元(60807) 作收(78),"{'High': 23, 'Low': 3}","{'Unknown': 10, '第5級': 3, '第1級': 9, '第1*級': 1, '第3級': 1, '第2級': 1, '第7級': 1}",0,Y,N,N,N
不過，同樣在昨日除權的華信銀行則處於貼權狀態，而三商銀股價則再度破底，彰銀更跌破現金增資承銷價。,不過 同樣 在 昨日 除權 的 華信 銀行 則 處於 貼權 狀態 而 三商銀 股價 則 再度 破底 彰銀 更 跌破 現金 增資 承銷價,24,不過(186226) 同樣(63568) 在(3284238) 昨日(2036) 除權(107) 的(16029838) 華信(60) 銀行(33825) 則(254096) 處於(15647) 貼權(8) 狀態(39557) 而(937923) 三商銀(5) 股價(5495) 則(254096) 再度(22234) 破底(13) 彰銀(17) 更(361676) 跌破(608) 現金(5112) 增資(398) 承銷價(18),"{'High': 18, 'Low': 6}","{'第2級': 2, '第3*級': 1, '第1*級': 1, '第5級': 6, 'Unknown': 11, '第1級': 1, '第6級': 1, '第4級': 1}",2,Y,Y,N,Y
證券專家表示，中華開發上檔壓力不輕，三商銀又跌破或逼近現金增資溢價，使金融股情況頗為危急，但以基本面來看，金融股已有超跌之嫌，中長期投資價值逐漸浮現。,證券 專家 表示 中華 開發 上檔 壓力 不 輕 三商銀 又 跌破 或 逼近 現金 增資 溢價 使 金融股 情況 頗為 危急 但 以 基本面 來 看 金融股 已 有 超跌 之 嫌 中長期 投資 價值 逐漸 浮現,38,證券(5757) 專家(26090) 表示(74452) 中華(8450) 開發(19196) 上檔(135) 壓力(40408) 不(2282521) 輕(18944) 三商銀(5) 又(535555) 跌破(608) 或(478077) 逼近(3085) 現金(5112) 增資(398) 溢價(193) 使(197544) 金融股(28) 情況(92301) 頗為(6100) 危急(2035) 但(597124) 以(547785) 基本面(387) 來(742183) 看(444691) 金融股(28) 已(215610) 有(2217079) 超跌(17) 之(875481) 嫌(7613) 中長期(213) 投資(38191) 價值(58784) 逐漸(38705) 浮現(6931),"{'High': 34, 'Low': 4}","{'第6級': 3, '第4級': 4, '第4*級': 3, 'Unknown': 13, '第5級': 7, '第1級': 3, '第2*級': 1, '第1*級': 1, '第3級': 2, '第2級': 1}",5,Y,Y,N,N
中華開發昨日除權，除權參考價為六三.三一元，除權參考報價為六三.五元，該股在開盤後不久即攻上漲停，最後以上漲二.五元作收，小幅填權，成交量亦再度放大至五萬多張，創下二月十三日以來的最大量。,中華 開發 昨日 除權 除權 參考價 為 六三三一 元 除權 參考 報價 為 六三五 元 該 股 在 開盤 後 不久 即 攻上 漲停 最後 以 上漲 二五 元 作收 小幅 填權 成交量 亦 再度 放大 至 五萬多 張 創下 二月 十三日 以來 的 最 大 量,47,中華(8450) 開發(19196) 昨日(2036) 除權(107) 除權(107) 參考價(35) 為(761341) 六三三一(Unknown) 元(60807) 除權(107) 參考(24401) 報價(521) 為(761341) 六三五(6) 元(60807) 該(148369) 股(29263) 在(3284238) 開盤(139) 後(422857) 不久(34049) 即(110826) 攻上(147) 漲停(45) 最後(142102) 以(547785) 上漲(3154) 二五(445) 元(60807) 作收(78) 小幅(235) 填權(8) 成交量(874) 亦(68507) 再度(22234) 放大(3383) 至(101530) 五萬多(96) 張(99414) 創下(1422) 二月(12791) 十三日(3195) 以來(26654) 的(16029838) 最(421680) 大(525780) 量(9581),"{'High': 40, 'Low': 7}","{'Unknown': 23, '第5級': 5, '第1級': 6, '第4*級': 3, '第6級': 5, '第1*級': 3, '第2級': 1, '第7級': 1}",6,Y,N,N,N
證券專家表示，中華開發在除權前不斷喊話，並舉辦法人說明會，顯示公司派作多心態濃厚，雖然有部份法人及股東的棄權賣壓出籠，使中華開發除權前爆量下跌，而昨日除權亦出現大量賣盤，但買盤承接意願亦十分強勁，使其開高走高並上漲二.五元。,證券 專家 表示 中華 開發 在 除權 前 不斷 喊話 並 舉辦 法人 說明會 顯示 公司派 作多 心態 濃厚 雖然 有 部份 法人 及 股東 的 棄權 賣壓 出籠 使 中華 開發 除權 前 爆量 下跌 而 昨日 除權 亦 出現 大量 賣盤 但 買盤 承接 意願 亦 十分 強勁 使 其 開高走高 並 上漲 二五 元,57,證券(5757) 專家(26090) 表示(74452) 中華(8450) 開發(19196) 在(3284238) 除權(107) 前(272709) 不斷(68526) 喊話(490) 並(442790) 舉辦(12070) 法人(2764) 說明會(324) 顯示(32718) 公司派(48) 作多(75) 心態(12966) 濃厚(3668) 雖然(152988) 有(2217079) 部份(11022) 法人(2764) 及(304586) 股東(6692) 的(16029838) 棄權(205) 賣壓(137) 出籠(567) 使(197544) 中華(8450) 開發(19196) 除權(107) 前(272709) 爆量(13) 下跌(2217) 而(937923) 昨日(2036) 除權(107) 亦(68507) 出現(124694) 大量(28414) 賣盤(54) 但(597124) 買盤(90) 承接(1121) 意願(6427) 亦(68507) 十分(63196) 強勁(1501) 使(197544) 其(307905) 開高走高(Unknown) 並(442790) 上漲(3154) 二五(445) 元(60807),"{'High': 51, 'Low': 6}","{'第6級': 10, '第4級': 5, '第4*級': 4, 'Unknown': 14, '第5級': 10, '第1*級': 1, '第1級': 5, '第7級': 5, '第2級': 3}",3,Y,Y,N,N
不過，中華開發昨日雖創下五個多月來的最大量，但該股二月份的股價在一百元上下及一百多元時，多日成交量達八、九萬張，三、四萬張也是常見，隨後因股市下跌盤整，使中華開發的股價亦一路向下修正至八十多元，成交量亦萎縮至幾千張至一萬多張，在二月份進場的投資人大多尚未出場，處於套牢情況者眾，使中華開發的上檔壓力十分沉重，昨日雖小幅填權，但未來走勢仍待觀察。,不過 中華 開發 昨日 雖 創下 五 個 多 月 來 的 最 大量 但 該 股 二月份 的 股價 在 一百 元 上下 及 一百多 元 時 多 日 成交量 達 八 九萬 張 三 四萬 張 也 是 常見 隨後 因 股市 下跌 盤整 使 中華 開發 的 股價 亦 一路 向 下 修正 至 八十 多元 成交量 亦 萎縮 至 幾千 張 至 一萬多 張 在 二月份 進場 的 投資人 大多 尚未 出場 處於 套牢 情況 者 眾 使 中華 開發 的 上檔 壓力 十分 沉重 昨日 雖 小幅 填權 但 未來 走勢 仍 待 觀察,99,不過(186226) 中華(8450) 開發(19196) 昨日(2036) 雖(48164) 創下(1422) 五(112649) 個(2296574) 多(318992) 月(148997) 來(742183) 的(16029838) 最(421680) 大量(28414) 但(597124) 該(148369) 股(29263) 二月份(143) 的(16029838) 股價(5495) 在(3284238) 一百(17093) 元(60807) 上下(11503) 及(304586) 一百多(3148) 元(60807) 時(623734) 多(318992) 日(94041) 成交量(874) 達(25383) 八(54961) 九萬(372) 張(99414) 三(313861) 四萬(1414) 張(99414) 也(1590760) 是(4642407) 常見(13705) 隨後(11299) 因(119364) 股市(5507) 下跌(2217) 盤整(113) 使(197544) 中華(8450) 開發(19196) 的(16029838) 股價(5495) 亦(68507) 一路(14840) 向(231672) 下(329549) 修正(8173) 至(101530) 八十(5124) 多元(10941) 成交量(874) 亦(68507) 萎縮(2240) 至(101530) 幾千(3973) 張(99414) 至(101530) 一萬多(631) 張(99414) 在(3284238) 二月份(143) 進場(1071) 的(16029838) 投資人(4395) 大多(12946) 尚未(16593) 出場(2428) 處於(15647) 套牢(359) 情況(92301) 者(423504) 眾(21237) 使(197544) 中華(8450) 開發(19196) 的(16029838) 上檔(135) 壓力(40408) 十分(63196) 沉重(8644) 昨日(2036) 雖(48164) 小幅(235) 填權(8) 但(597124) 未來(54445) 走勢(844) 仍(92056) 待(32599) 觀察(44358),"{'High': 98, 'Low': 1}","{'第2級': 6, 'Unknown': 30, '第5級': 19, '第1級': 18, '第1*級': 8, '第4*級': 2, '第6級': 8, '第3*級': 1, '第4級': 6, '第7級': 1}",7,Y,Y,N,N
同樣於昨日除權的華信銀行，除權參考價為一六.七一元，除權參考報價為一七元，但昨日盤中最高價僅至一六.七元，終場以最低價一六.三元作收，處於貼權狀態，與中華開發的除權走勢大異其趣。,同樣 於 昨日 除權 的 華信 銀行 除權 參考價 為 一六七一 元 除權 參考 報價 為 一七 元 但 昨日 盤中 最 高價 僅 至 一六七 元 終場 以 最低價 一六三 元 作收 處於 貼權 狀態 與 中華 開發 的 除權 走勢 大異其趣,43,同樣(63568) 於(327210) 昨日(2036) 除權(107) 的(16029838) 華信(60) 銀行(33825) 除權(107) 參考價(35) 為(761341) 一六七一(5) 元(60807) 除權(107) 參考(24401) 報價(521) 為(761341) 一七(457) 元(60807) 但(597124) 昨日(2036) 盤中(347) 最(421680) 高價(1430) 僅(30739) 至(101530) 一六七(49) 元(60807) 終場(135) 以(547785) 最低價(Unknown) 一六三(41) 元(60807) 作收(78) 處於(15647) 貼權(8) 狀態(39557) 與(968432) 中華(8450) 開發(19196) 的(16029838) 除權(107) 走勢(844) 大異其趣(450),"{'High': 35, 'Low': 8}","{'第3*級': 1, '第5級': 8, 'Unknown': 21, '第1級': 6, '第2級': 2, '第4*級': 2, '第1*級': 1, '第6級': 2}",6,Y,Y,N,Y
事實上，昨日金融股除了少數個股外幾乎全面下跌，三商銀更再度破底，創下近期新低價，其中彰銀更跌破現金增資溢價六二.七元，以六二.五元作收，而一銀及華銀昨日收盤價與現金增資溢價的差距分別只有一元及一.五元。,事實 上 昨日 金融股 除了 少數 個股 外 幾乎 全面 下跌 三商銀 更 再度 破底 創下 近期 新 低價 其中 彰銀 更 跌破 現金 增資 溢價 六二七 元 以 六二五 元 作收 而 一銀 及 華銀 昨日 收盤價 與 現金 增資 溢價 的 差距 分別 只 有 一 元 及 一五 元,52,事實(84995) 上(1233218) 昨日(2036) 金融股(28) 除了(75964) 少數(17629) 個股(161) 外(109310) 幾乎(74298) 全面(10364) 下跌(2217) 三商銀(5) 更(361676) 再度(22234) 破底(13) 創下(1422) 近期(1640) 新(212453) 低價(1244) 其中(95627) 彰銀(17) 更(361676) 跌破(608) 現金(5112) 增資(398) 溢價(193) 六二七(9) 元(60807) 以(547785) 六二五(21) 元(60807) 作收(78) 而(937923) 一銀(14) 及(304586) 華銀(18) 昨日(2036) 收盤價(150) 與(968432) 現金(5112) 增資(398) 溢價(193) 的(16029838) 差距(5164) 分別(25566) 只(436725) 有(2217079) 一(3701681) 元(60807) 及(304586) 一五(691) 元(60807),"{'High': 43, 'Low': 9}","{'第4級': 5, '第1級': 10, '第5級': 10, 'Unknown': 22, '第3*級': 2, '第4*級': 2, '第1*級': 1}",5,Y,Y,N,N
證券專家指出，雖然中華開發小幅填權，但該股在除權前已下跌不少，高檔套牢賣壓不輕，是否能帶動金融股走揚還待觀察。,證券 專家 指出 雖然 中華 開發 小幅 填權 但 該 股 在 除權 前 已 下跌 不少 高檔 套牢 賣壓 不 輕 是否 能 帶動 金融股 走揚 還 待 觀察,30,證券(5757) 專家(26090) 指出(38456) 雖然(152988) 中華(8450) 開發(19196) 小幅(235) 填權(8) 但(597124) 該(148369) 股(29263) 在(3284238) 除權(107) 前(272709) 已(215610) 下跌(2217) 不少(35256) 高檔(720) 套牢(359) 賣壓(137) 不(2282521) 輕(18944) 是否(78907) 能(582260) 帶動(3810) 金融股(28) 走揚(4) 還(625086) 待(32599) 觀察(44358),"{'High': 27, 'Low': 3}","{'第6級': 3, '第4級': 1, 'Unknown': 11, '第2級': 2, '第5級': 5, '第4*級': 1, '第1*級': 2, '第1級': 2, '第3級': 1, '第7級': 1, '第2*級': 1}",1,Y,Y,N,N
不過，三商銀、北銀、中銀、三壽、中信銀等大型或績優股的股價已跌到歷史低檔區，以基本面來看，已有超跌之嫌，雖然短期內可能沒有利多消息得以帶動股價，但再跌的空間有限，中長期投資價值已逐漸浮現。,不過 三商銀 北銀 中銀 三壽 中信銀 等 大型 或 績優股 的 股價 已 跌到 歷史 低檔區 以 基本面 來 看 已 有 超跌 之 嫌 雖然 短期 內 可能 沒有 利多 消息 得以 帶動 股價 但 再 跌 的 空間 有限 中長期 投資 價值 已 逐漸 浮現,47,不過(186226) 三商銀(5) 北銀(4) 中銀(219) 三壽(Unknown) 中信銀(15) 等(327380) 大型(12588) 或(478077) 績優股(164) 的(16029838) 股價(5495) 已(215610) 跌到(930) 歷史(96060) 低檔區(12) 以(547785) 基本面(387) 來(742183) 看(444691) 已(215610) 有(2217079) 超跌(17) 之(875481) 嫌(7613) 雖然(152988) 短期(5507) 內(183051) 可能(271025) 沒有(594280) 利多(357) 消息(37528) 得以(20774) 帶動(3810) 股價(5495) 但(597124) 再(326207) 跌(3347) 的(16029838) 空間(52519) 有限(17290) 中長期(213) 投資(38191) 價值(58784) 已(215610) 逐漸(38705) 浮現(6931),"{'High': 41, 'Low': 6}","{'第2級': 3, 'Unknown': 17, '第3*級': 1, '第3級': 7, '第1級': 6, '第5級': 6, '第6級': 3, '第1*級': 1, '第4級': 1, '第4*級': 2}",6,Y,Y,N,N
行政院教改會日前開會確定，自明年(八十八年)九月起公、私立大學學雜費將不再由政府統一規定收費標準，改由各校依實際成本自定。,行政院 教改會 日前 開會 確定 自 明年 八十八年 九月 起 公 私立 大學 學雜費 將 不再 由 政府 統一 規定 收費 標準 改由 各 校 依 實際 成本 自定,29,行政院(4347) 教改會(73) 日前(1738) 開會(6368) 確定(40181) 自(59676) 明年(3059) 八十八年(208) 九月(15070) 起(96746) 公(6869) 私立(1789) 大學(83893) 學雜費(103) 將(448374) 不再(51754) 由(208604) 政府(92663) 統一(14407) 規定(24592) 收費(1810) 標準(31106) 改由(783) 各(243023) 校(14484) 依(37519) 實際(52755) 成本(20612) 自定(132),"{'High': 28, 'Low': 1}","{'Unknown': 10, '第7級': 1, '第3*級': 3, '第4級': 3, '第5級': 4, '第1*級': 1, '第6級': 1, '第1級': 1, '第4*級': 4, '第2級': 1}",4,Y,N,N,N
同時教育部亦隨即公布今年的學雜費收費標準，總計公立大學調漲了十一%，而私立大學則調漲了五‧五%，再加上專科學校的學雜費亦比照調漲，可以說，一個貨真價實的高學費時代，已正式來臨了。,同時 教育部 亦 隨即 公布 今年 的 學雜費 收費 標準 總計 公立 大學 調漲 了 十一 而 私立 大學 則 調漲 了 五五 再 加上 專科 學校 的 學雜費 亦 比照 調漲 可以 說 一 個 貨真價實 的 高 學費 時代 已 正式 來臨 了,45,同時(115305) 教育部(3240) 亦(68507) 隨即(10199) 公布(3670) 今年(10836) 的(16029838) 學雜費(103) 收費(1810) 標準(31106) 總計(1784) 公立(1828) 大學(83893) 調漲(146) 了(3199291) 十一(9141) 而(937923) 私立(1789) 大學(83893) 則(254096) 調漲(146) 了(3199291) 五五(192) 再(326207) 加上(38121) 專科(1724) 學校(74782) 的(16029838) 學雜費(103) 亦(68507) 比照(839) 調漲(146) 可以(560531) 說(1285247) 一(3701681) 個(2296574) 貨真價實(601) 的(16029838) 高(128858) 學費(1990) 時代(74034) 已(215610) 正式(23229) 來臨(6978) 了(3199291),{'High': 45},"{'第3*級': 3, '第5級': 7, '第6級': 5, '第1級': 12, 'Unknown': 11, '第4*級': 2, '第1*級': 1, '第3級': 2, '第7級': 1, '第4級': 1}",4,Y,Y,N,N
從高等教育體制發展的角度觀之，學雜費收費的自由化，原本就是教育改革的重要環節之一。,從 高等 教育 體制 發展 的 角度 觀 之 學雜費 收費 的 自由化 原本 就 是 教育 改革 的 重要 環節 之 一,23,從(496546) 高等(4352) 教育(71554) 體制(11517) 發展(117494) 的(16029838) 角度(26690) 觀(12845) 之(875481) 學雜費(103) 收費(1810) 的(16029838) 自由化(1457) 原本(35765) 就(1737544) 是(4642407) 教育(71554) 改革(21497) 的(16029838) 重要(154863) 環節(2338) 之(875481) 一(3701681),{'High': 23},"{'第1*級': 1, '第5級': 5, '第3級': 2, '第6級': 3, '第4級': 1, '第1級': 6, 'Unknown': 2, '第4*級': 2, '第2級': 1}",2,Y,N,N,N
它意味大學的財政收支，將逐漸擺脫政府的控制，而邁向自主化的趨勢，從教育自由化乃至學術自主觀點言，這個趨勢是台灣民間社會邁向更民主化的必要。,它 意味 大學 的 財政 收支 將 逐漸 擺脫 政府 的 控制 而 邁向 自主化 的 趨勢 從 教育 自由化 乃至 學術 自主 觀點 言 這 個 趨勢 是 台灣 民間 社會 邁向 更 民主化 的 必要,37,它(316854) 意味(16636) 大學(83893) 的(16029838) 財政(5462) 收支(1112) 將(448374) 逐漸(38705) 擺脫(8440) 政府(92663) 的(16029838) 控制(47642) 而(937923) 邁向(3701) 自主化(23) 的(16029838) 趨勢(9872) 從(496546) 教育(71554) 自由化(1457) 乃至(5410) 學術(15150) 自主(6552) 觀點(38495) 言(97691) 這(2114032) 個(2296574) 趨勢(9872) 是(4642407) 台灣(130718) 民間(16236) 社會(176660) 邁向(3701) 更(361676) 民主化(1439) 的(16029838) 必要(29889),"{'High': 36, 'Low': 1}","{'第1*級': 2, '第6級': 5, '第1級': 9, '第7級': 1, '第5級': 8, '第4級': 2, 'Unknown': 7, '第3級': 1, '第4*級': 1, '第3*級': 1}",3,Y,Y,N,N
畢竟以往由政府統一訂出收費標準，再根據軍公教待遇調幅及物價指數統一訂定調整幅度的方式，已出現諸多不符時宜的弊端。,畢竟 以往 由 政府 統一 訂出 收費 標準 再 根據 軍公教 待遇 調幅 及 物價 指數 統一 訂定 調整 幅度 的 方式 已 出現 諸多 不符 時宜 的 弊端,29,畢竟(21919) 以往(9935) 由(208604) 政府(92663) 統一(14407) 訂出(700) 收費(1810) 標準(31106) 再(326207) 根據(51908) 軍公教(96) 待遇(5311) 調幅(63) 及(304586) 物價(3507) 指數(5228) 統一(14407) 訂定(2929) 調整(18900) 幅度(1908) 的(16029838) 方式(133407) 已(215610) 出現(124694) 諸多(6374) 不符(1678) 時宜(172) 的(16029838) 弊端(1129),"{'High': 27, 'Low': 2}","{'第5級': 5, '第4*級': 7, '第4級': 2, 'Unknown': 5, '第3*級': 1, '第1*級': 1, '第6級': 4, '第1級': 2, '第3級': 1, '第7級': 1}",1,Y,Y,N,N
其中最主要者是其造成了教育成本的扭曲，特別是私校，過分壓低的收費完全不敷其遞增的成本，結果仍得依賴政府大量補助，導致不少私校在經營與管理上多以努力爭取教育部補助為要務。,其中 最 主要 者 是 其 造成 了 教育 成本 的 扭曲 特別 是 私校 過分 壓低 的 收費 完全 不敷 其 遞增 的 成本 結果 仍 得 依賴 政府 大量 補助 導致 不少 私校 在 經營 與 管理 上 多 以 努力 爭取 教育部 補助 為 要務,48,其中(95627) 最(421680) 主要(78757) 者(423504) 是(4642407) 其(307905) 造成(63141) 了(3199291) 教育(71554) 成本(20612) 的(16029838) 扭曲(7541) 特別(91212) 是(4642407) 私校(108) 過分(6968) 壓低(2540) 的(16029838) 收費(1810) 完全(115744) 不敷(497) 其(307905) 遞增(297) 的(16029838) 成本(20612) 結果(114008) 仍(92056) 得(573721) 依賴(13548) 政府(92663) 大量(28414) 補助(2843) 導致(30222) 不少(35256) 私校(108) 在(3284238) 經營(39913) 與(968432) 管理(54484) 上(1233218) 多(318992) 以(547785) 努力(62566) 爭取(9666) 教育部(3240) 補助(2843) 為(761341) 要務(906),{'High': 48},"{'第3*級': 3, '第1*級': 2, '第4級': 3, 'Unknown': 10, '第1級': 7, '第6級': 7, '第4*級': 6, '第3級': 1, '第5級': 7, '第2級': 2}",1,Y,Y,N,N
而教育部也樂得透過補助撥給的職權，支配私校的發展，造成私校缺乏特色的齊頭式。,而 教育部 也 樂 得 透過 補助 撥給 的 職權 支配 私校 的 發展 造成 私校 缺乏 特色 的 齊頭式,20,而(937923) 教育部(3240) 也(1590760) 樂(12194) 得(573721) 透過(63117) 補助(2843) 撥給(473) 的(16029838) 職權(1564) 支配(8741) 私校(108) 的(16029838) 發展(117494) 造成(63141) 私校(108) 缺乏(27750) 特色(16060) 的(16029838) 齊頭式(44),"{'High': 19, 'Low': 1}","{'第5級': 4, '第1級': 4, 'Unknown': 7, '第6級': 2, '第4級': 2, '第4*級': 1}",2,Y,Y,N,N
因而伴隨著教育體制各層面的鬆綁與自由化，大學學雜費的自由化，確有其必要。,因而 伴隨 著 教育 體制 各 層面 的 鬆綁 與 自由化 大學 學雜費 的 自由化 確 有 其 必要,19,因而(29060) 伴隨(5952) 著(1004687) 教育(71554) 體制(11517) 各(243023) 層面(14492) 的(16029838) 鬆綁(624) 與(968432) 自由化(1457) 大學(83893) 學雜費(103) 的(16029838) 自由化(1457) 確(6567) 有(2217079) 其(307905) 必要(29889),{'High': 19},"{'第5級': 2, 'Unknown': 5, '第3級': 1, '第6級': 3, '第2級': 1, '第1級': 4, '第7級': 1, '第4*級': 1, '第4級': 1}",3,Y,Y,N,N
然而，大學學雜費的自由化，雖是趨勢，但卻非不存在爭議，特別是月前由部分大學師生所組成的「反高學費聯盟」之動員訴求，顯示此一政策所引發的負面憂慮，尚多於正面的肯定。,然而 大學 學雜費 的 自由化 雖 是 趨勢 但 卻 非 不 存在 爭議 特別 是 月 前 由 部分 大學 師生 所 組成 的 反 高 學費 聯盟 之 動員 訴求 顯示 此 一 政策 所 引發 的 負面 憂慮 尚 多於 正面 的 肯定,46,然而(94482) 大學(83893) 學雜費(103) 的(16029838) 自由化(1457) 雖(48164) 是(4642407) 趨勢(9872) 但(597124) 卻(333007) 非(112415) 不(2282521) 存在(75197) 爭議(7127) 特別(91212) 是(4642407) 月(148997) 前(272709) 由(208604) 部分(82518) 大學(83893) 師生(3253) 所(527327) 組成(20095) 的(16029838) 反(44292) 高(128858) 學費(1990) 聯盟(7935) 之(875481) 動員(3827) 訴求(3497) 顯示(32718) 此(288458) 一(3701681) 政策(30965) 所(527327) 引發(17487) 的(16029838) 負面(15336) 憂慮(5987) 尚(26113) 多於(2070) 正面(16915) 的(16029838) 肯定(34303),{'High': 46},"{'第5級': 12, '第1級': 13, 'Unknown': 5, '第2級': 6, '第6級': 4, '第4級': 2, '第4*級': 4}",2,Y,Y,N,N
換言之，學費自由化的另一面，意味著以往由政府統一訂定的低學費時代已一去不返，同樣的以往低收入戶學生所享有的平等就學權利也同樣受到影響，不少人過去是考不上大學，如今是念不起大學。,換言之 學費 自由化 的 另 一 面 意味 著 以往 由 政府 統一 訂定 的 低 學費 時代 已 一 去 不 返 同樣 的 以往 低收入戶 學生 所 享有 的 平等 就學 權利 也 同樣 受到 影響 不少 人 過去 是 考 不 上 大學 如今 是 念 不 起 大學,52,換言之(5326) 學費(1990) 自由化(1457) 的(16029838) 另(138369) 一(3701681) 面(39563) 意味(16636) 著(1004687) 以往(9935) 由(208604) 政府(92663) 統一(14407) 訂定(2929) 的(16029838) 低(32663) 學費(1990) 時代(74034) 已(215610) 一(3701681) 去(479993) 不(2282521) 返(7712) 同樣(63568) 的(16029838) 以往(9935) 低收入戶(123) 學生(115846) 所(527327) 享有(5799) 的(16029838) 平等(10989) 就學(1018) 權利(15625) 也(1590760) 同樣(63568) 受到(66513) 影響(95840) 不少(35256) 人(1550512) 過去(88758) 是(4642407) 考(10056) 不(2282521) 上(1233218) 大學(83893) 如今(29812) 是(4642407) 念(18198) 不(2282521) 起(96746) 大學(83893),{'High': 52},"{'第6級': 4, '第4級': 7, 'Unknown': 5, '第1級': 18, '第3級': 3, '第4*級': 5, '第5級': 3, '第1*級': 2, '第3*級': 3, '第2級': 1, '第2*級': 1}",3,Y,N,N,N
特別是就目前尚在統一訂定的大學學費，已經令不少低收入家庭大感吃不消，甚至迫使大學生必須以超時工讀或兼差來支付。,特別 是 就 目前 尚 在 統一 訂定 的 大學 學費 已經 令 不少 低 收入 家庭 大 感 吃不消 甚至 迫使 大學生 必須 以 超時 工讀 或 兼差 來 支付,31,特別(91212) 是(4642407) 就(1737544) 目前(48695) 尚(26113) 在(3284238) 統一(14407) 訂定(2929) 的(16029838) 大學(83893) 學費(1990) 已經(245160) 令(128742) 不少(35256) 低(32663) 收入(15636) 家庭(60608) 大(525780) 感(10485) 吃不消(529) 甚至(122502) 迫使(4454) 大學生(5007) 必須(170592) 以(547785) 超時(214) 工讀(169) 或(478077) 兼差(498) 來(742183) 支付(6156),{'High': 31},"{'第2級': 3, '第1級': 6, '第4級': 3, '第6級': 4, '第1*級': 2, '第4*級': 2, '第5級': 3, 'Unknown': 4, '第3級': 3, '第7級': 1}",2,Y,Y,N,N
如果一旦學費再全面自由化，其所造成的衝擊可想而知，贏得了自由卻犧牲了平等，相信非決策者所樂見。,如果 一旦 學費 再 全面 自由化 其 所 造成 的 衝擊 可 想 而 知 贏得 了 自由 卻 犧牲 了 平等 相信 非 決策者 所 樂見,27,如果(322121) 一旦(37557) 學費(1990) 再(326207) 全面(10364) 自由化(1457) 其(307905) 所(527327) 造成(63141) 的(16029838) 衝擊(8508) 可(307359) 想(449884) 而(937923) 知(108500) 贏得(9783) 了(3199291) 自由(56360) 卻(333007) 犧牲(13057) 了(3199291) 平等(10989) 相信(82200) 非(112415) 決策者(Unknown) 所(527327) 樂見(654),"{'High': 26, 'Low': 1}","{'第2級': 4, '第5級': 5, '第4級': 3, '第1*級': 1, 'Unknown': 6, '第6級': 3, '第4*級': 2, '第1級': 2, '第3*級': 1}",2,Y,Y,N,N
針對此，教育部所提出的因應措施是一方面提高獎助學金的比率，一方面大幅放寬助學貸款的條件。,針對 此 教育部 所 提出 的 因應 措施 是 一方面 提高 獎助學金 的 比率 一方面 大幅 放寬 助學 貸款 的 條件,21,針對(23174) 此(288458) 教育部(3240) 所(527327) 提出(63073) 的(16029838) 因應(6201) 措施(10317) 是(4642407) 一方面(15897) 提高(19797) 獎助學金(56) 的(16029838) 比率(3447) 一方面(15897) 大幅(6731) 放寬(939) 助學(114) 貸款(6235) 的(16029838) 條件(36308),"{'High': 20, 'Low': 1}","{'第6級': 5, '第5級': 4, '第2級': 1, 'Unknown': 3, '第1級': 4, '第4*級': 3, '第4級': 1}",4,Y,Y,N,N
對經濟有困難的學生而言，獎助學金固然能發揮作用，但比率就算提高還是會面臨粥少僧多的困境；因而比較關鍵的，倒是助學貸款條件如何放寬。,對 經濟 有 困難 的 學生 而言 獎助學金 固然 能 發揮 作用 但 比率 就算 提高 還是 會 面臨 粥少僧多 的 困境 因而 比較 關鍵 的 倒是 助學 貸款 條件 如何 放寬,32,對(897964) 經濟(83046) 有(2217079) 困難(37504) 的(16029838) 學生(115846) 而言(Unknown) 獎助學金(56) 固然(8462) 能(582260) 發揮(23985) 作用(37837) 但(597124) 比率(3447) 就算(28034) 提高(19797) 還是(155231) 會(1014977) 面臨(16531) 粥少僧多(18) 的(16029838) 困境(10774) 因而(29060) 比較(112212) 關鍵(25952) 的(16029838) 倒是(12415) 助學(114) 貸款(6235) 條件(36308) 如何(148068) 放寬(939),"{'High': 29, 'Low': 3}","{'第1級': 6, '第4級': 2, '第3*級': 1, 'Unknown': 4, '第6級': 2, '第1*級': 3, '第5級': 9, '第2級': 2, '第4*級': 3}",2,Y,Y,N,N
我們還不知道教育部的政策為何，倒是確切的知道，目前以家戶收入作為申請助學貸款的條件，並未使得多數低收入戶的子弟受惠，不少急需助學貸款的學子，仍以條件不符遭到拒絕。,我們 還 不 知道 教育部 的 政策 為 何 倒是 確切 的 知道 目前 以 家戶 收入 作為 申請 助學 貸款 的 條件 並 未 使得 多數 低收入戶 的 子弟 受惠 不少 急需 助學 貸款 的 學子 仍 以 條件 不符 遭到 拒絕,43,我們(979260) 還(625086) 不(2282521) 知道(343214) 教育部(3240) 的(16029838) 政策(30965) 為(761341) 何(46992) 倒是(12415) 確切(4747) 的(16029838) 知道(343214) 目前(48695) 以(547785) 家戶(239) 收入(15636) 作為(58009) 申請(10489) 助學(114) 貸款(6235) 的(16029838) 條件(36308) 並(442790) 未(101927) 使得(30960) 多數(13621) 低收入戶(123) 的(16029838) 子弟(5188) 受惠(1051) 不少(35256) 急需(863) 助學(114) 貸款(6235) 的(16029838) 學子(1193) 仍(92056) 以(547785) 條件(36308) 不符(1678) 遭到(16228) 拒絕(29445),{'High': 43},"{'第1級': 9, 'Unknown': 11, '第5級': 8, '第4*級': 3, '第6級': 3, '第4級': 8, '第7級': 1}",2,Y,N,N,N
因而為因應學費自由化時代的來臨，我們認為低利助學貸款勢必要讓它發揮應有的功能，至少要讓有需求的學子都能申請得到，如此才不致令部分低收入的學子，因高學費政策而喪失了受教權。,因而 為 因應 學費 自由化 時代 的 來臨 我們 認為 低 利 助學 貸款 勢必 要 讓 它 發揮 應 有 的 功能 至少 要 讓 有 需求 的 學子 都 能 申請 得到 如此 才 不致 令 部分 低 收入 的 學子 因 高 學費 政策 而 喪失 了 受教權,51,因而(29060) 為(761341) 因應(6201) 學費(1990) 自由化(1457) 時代(74034) 的(16029838) 來臨(6978) 我們(979260) 認為(192030) 低(32663) 利(10140) 助學(114) 貸款(6235) 勢必(5212) 要(851264) 讓(526314) 它(316854) 發揮(23985) 應(82417) 有(2217079) 的(16029838) 功能(38600) 至少(41964) 要(851264) 讓(526314) 有(2217079) 需求(29061) 的(16029838) 學子(1193) 都(1125846) 能(582260) 申請(10489) 得到(84614) 如此(133083) 才(394539) 不致(3748) 令(128742) 部分(82518) 低(32663) 收入(15636) 的(16029838) 學子(1193) 因(119364) 高(128858) 學費(1990) 政策(30965) 而(937923) 喪失(8774) 了(3199291) 受教權(57),"{'High': 50, 'Low': 1}","{'第5級': 9, 'Unknown': 7, '第6級': 6, '第4級': 6, '第4*級': 2, '第1級': 11, '第2級': 5, '第1*級': 4, '第3*級': 1}",2,Y,Y,N,N
我們另外要提的一點是，學雜費的自由化只是教育改革諸多層中的一環，它確是促進大學逐步邁向自主的必要條件之一。,我們 另外 要 提 的 一 點 是 學雜費 的 自由化 只 是 教育 改革 諸多 層 中 的 一 環 它 確是 促進 大學 逐步 邁向 自主 的 必要 條件 之 一,33,我們(979260) 另外(48233) 要(851264) 提(33635) 的(16029838) 一(3701681) 點(118735) 是(4642407) 學雜費(103) 的(16029838) 自由化(1457) 只(436725) 是(4642407) 教育(71554) 改革(21497) 諸多(6374) 層(36369) 中(1011729) 的(16029838) 一(3701681) 環(4630) 它(316854) 確是(105) 促進(10265) 大學(83893) 逐步(5563) 邁向(3701) 自主(6552) 的(16029838) 必要(29889) 條件(36308) 之(875481) 一(3701681),{'High': 33},"{'第1級': 13, '第3級': 3, 'Unknown': 5, '第1*級': 2, '第5級': 4, '第6級': 3, '第3*級': 1, '第4級': 2}",2,Y,N,N,N
但卻與大學學術水平的提升不一定有因果的關係，因而我們不認為在大學學費自由化之後，會如教育官員所謂，我國將出現如哈佛、耶魯等名校，畢竟名校的形成，與其是否為高學費是無關的。,但 卻 與 大學 學術 水平 的 提升 不一定 有 因果 的 關係 因而 我們 不 認為 在 大學 學費 自由化 之後 會 如 教育 官員 所謂 我國 將 出現 如 哈佛 耶魯 等 名校 畢竟 名校 的 形成 與 其 是否 為 高 學費 是 無關 的,48,但(597124) 卻(333007) 與(968432) 大學(83893) 學術(15150) 水平(6013) 的(16029838) 提升(17122) 不一定(12922) 有(2217079) 因果(5948) 的(16029838) 關係(162883) 因而(29060) 我們(979260) 不(2282521) 認為(192030) 在(3284238) 大學(83893) 學費(1990) 自由化(1457) 之後(190467) 會(1014977) 如(195069) 教育(71554) 官員(31382) 所謂(59460) 我國(7225) 將(448374) 出現(124694) 如(195069) 哈佛(6642) 耶魯(1708) 等(327380) 名校(616) 畢竟(21919) 名校(616) 的(16029838) 形成(47486) 與(968432) 其(307905) 是否(78907) 為(761341) 高(128858) 學費(1990) 是(4642407) 無關(8568) 的(16029838),{'High': 48},"{'第2級': 2, '第4級': 5, '第4*級': 3, '第1級': 11, '第5級': 8, '第6級': 4, 'Unknown': 10, '第3級': 2, '第1*級': 2, '第3*級': 1}",2,Y,Y,N,Y
換言之，除了高學費，要塑造世界知名的大學，我們還有好長的路要走，特別是，目前透過聯考排序所塑造的大學等級，已經鎔鑄成一種穩定的觀念，再加上以往教育資源長年重公立輕私立的結果，期待那些先天不良的私立大學因為高學費而立即提升學術水平，晉身名校之林，恐怕是太樂觀了些。,換言之 除了 高 學費 要 塑造 世界 知名 的 大學 我們 還 有 好 長 的 路 要 走 特別 是 目前 透過 聯考 排序 所 塑造 的 大學 等級 已經 鎔鑄成 一 種 穩定 的 觀念 再 加上 以往 教育 資源 長年 重 公立 輕 私立 的 結果 期待 那些 先天 不良 的 私立 大學 因為 高 學費 而 立即 提升 學術 水平 晉身 名校 之 林 恐怕 是 太 樂觀 了 些,74,換言之(5326) 除了(75964) 高(128858) 學費(1990) 要(851264) 塑造(5909) 世界(165235) 知名(9697) 的(16029838) 大學(83893) 我們(979260) 還(625086) 有(2217079) 好(448428) 長(107092) 的(16029838) 路(74635) 要(851264) 走(128453) 特別(91212) 是(4642407) 目前(48695) 透過(63117) 聯考(1246) 排序(1016) 所(527327) 塑造(5909) 的(16029838) 大學(83893) 等級(3973) 已經(245160) 鎔鑄成(8) 一(3701681) 種(701563) 穩定(19878) 的(16029838) 觀念(39915) 再(326207) 加上(38121) 以往(9935) 教育(71554) 資源(27580) 長年(2762) 重(31331) 公立(1828) 輕(18944) 私立(1789) 的(16029838) 結果(114008) 期待(21616) 那些(113704) 先天(3311) 不良(10094) 的(16029838) 私立(1789) 大學(83893) 因為(425061) 高(128858) 學費(1990) 而(937923) 立即(28594) 提升(17122) 學術(15150) 水平(6013) 晉身(172) 名校(616) 之(875481) 林(10268) 恐怕(22544) 是(4642407) 太(181732) 樂觀(10259) 了(3199291) 些(159879),"{'High': 73, 'Low': 1}","{'第6級': 6, '第3*級': 2, '第1級': 21, '第4級': 6, '第2級': 4, '第5級': 13, 'Unknown': 12, '第7級': 1, '第4*級': 4, '第1*級': 2, '第3級': 2, '第2*級': 1}",2,Y,Y,N,N
眼前當務之急，倒是應逐步拉近各個大學的差距，寧可讓大學間為學術聲望而競爭，而非競相在學費上飆高。,眼前 當務之急 倒是 應 逐步 拉近 各 個 大學 的 差距 寧可 讓 大學 間 為 學術 聲望 而 競爭 而 非 競相 在 學費 上 飆高,27,眼前(26163) 當務之急(793) 倒是(12415) 應(82417) 逐步(5563) 拉近(1607) 各(243023) 個(2296574) 大學(83893) 的(16029838) 差距(5164) 寧可(5109) 讓(526314) 大學(83893) 間(115638) 為(761341) 學術(15150) 聲望(2482) 而(937923) 競爭(30766) 而(937923) 非(112415) 競相(912) 在(3284238) 學費(1990) 上(1233218) 飆高(104),{'High': 27},"{'第4*級': 3, '第7級': 2, 'Unknown': 5, '第5級': 6, '第2級': 2, '第1級': 5, '第6級': 1, '第4級': 2, '第1*級': 1}",1,Y,Y,N,N
特別是公私立大學間的學費，應維持合理的差距，否則在學費自由化之後，若未能有效控制差距，勢必造成家庭社經地位較好的學子在有利教育資源的奧援下紛紛進入公立大學，相反的低收入戶子弟，在競爭條件不足，反而都進入高學費的私校，造成另一種實質上的不平等。,特別 是 公私立 大學 間 的 學費 應 維持 合理 的 差距 否則 在 學費 自由化 之後 若 未 能 有效 控制 差距 勢必 造成 家庭 社經 地位 較 好 的 學子 在 有利 教育 資源 的 奧援 下 紛紛 進入 公立 大學 相反 的 低收入戶 子弟 在 競爭 條件 不足 反而 都 進入 高 學費 的 私校 造成 另 一 種 實質 上 的 不 平等,67,特別(91212) 是(4642407) 公私立(139) 大學(83893) 間(115638) 的(16029838) 學費(1990) 應(82417) 維持(31284) 合理(15811) 的(16029838) 差距(5164) 否則(26547) 在(3284238) 學費(1990) 自由化(1457) 之後(190467) 若(92766) 未(101927) 能(582260) 有效(30667) 控制(47642) 差距(5164) 勢必(5212) 造成(63141) 家庭(60608) 社經(932) 地位(36831) 較(78424) 好(448428) 的(16029838) 學子(1193) 在(3284238) 有利(7507) 教育(71554) 資源(27580) 的(16029838) 奧援(283) 下(329549) 紛紛(14617) 進入(66885) 公立(1828) 大學(83893) 相反(18945) 的(16029838) 低收入戶(123) 子弟(5188) 在(3284238) 競爭(30766) 條件(36308) 不足(20371) 反而(39627) 都(1125846) 進入(66885) 高(128858) 學費(1990) 的(16029838) 私校(108) 造成(63141) 另(138369) 一(3701681) 種(701563) 實質(7958) 上(1233218) 的(16029838) 不(2282521) 平等(10989),{'High': 67},"{'第2級': 3, '第1級': 15, 'Unknown': 12, '第4級': 12, '第5級': 9, '第4*級': 5, '第1*級': 5, '第6級': 4, '第3級': 2}",3,Y,Y,N,N
這種現象目前已經存在，一旦實施學費自由化之後，若不儘早重視並予以導正，恐將更形嚴重。,這 種 現象 目前 已經 存在 一旦 實施 學費 自由化 之後 若 不 儘早 重視 並 予以 導正 恐 將 更形 嚴重,22,這(2114032) 種(701563) 現象(47383) 目前(48695) 已經(245160) 存在(75197) 一旦(37557) 實施(11851) 學費(1990) 自由化(1457) 之後(190467) 若(92766) 不(2282521) 儘早(509) 重視(23501) 並(442790) 予以(7233) 導正(459) 恐(6031) 將(448374) 更形(835) 嚴重(39284),{'High': 22},"{'第1級': 2, 'Unknown': 6, '第4*級': 2, '第4級': 4, '第2級': 1, '第5級': 3, '第6級': 2, '第7級': 1, '第3*級': 1}",1,Y,Y,N,N
學雜費自由化，確是教育改革中必要的一環，但在現行教育體制與實際運作中，它也確實有可能對教育平等的原則造成傷害。,學雜費 自由化 確 是 教育 改革 中 必要 的 一 環 但 在 現行 教育 體制 與 實際 運作 中 它 也 確實 有 可能 對 教育 平等 的 原則 造成 傷害,32,學雜費(103) 自由化(1457) 確(6567) 是(4642407) 教育(71554) 改革(21497) 中(1011729) 必要(29889) 的(16029838) 一(3701681) 環(4630) 但(597124) 在(3284238) 現行(1947) 教育(71554) 體制(11517) 與(968432) 實際(52755) 運作(23209) 中(1011729) 它(316854) 也(1590760) 確實(36977) 有(2217079) 可能(271025) 對(897964) 教育(71554) 平等(10989) 的(16029838) 原則(31148) 造成(63141) 傷害(22978),{'High': 32},"{'Unknown': 5, '第1級': 8, '第3級': 3, '第5級': 2, '第4級': 2, '第6級': 4, '第2級': 1, '第1*級': 2, '第4*級': 5}",2,Y,Y,N,N
如何透過配套制度機制以及其他更多結構性的改革，使得學費自由化發揮其應有的功能，恐怕在未來一段時日仍將考驗教育決策官員的智慧。,如何 透過 配套 制度 機制 以及 其他 更多 結構性 的 改革 使得 學費 自由化 發揮 其 應 有 的 功能 恐怕 在 未來 一段 時日 仍 將 考驗 教育 決策 官員 的 智慧,33,如何(148068) 透過(63117) 配套(686) 制度(37973) 機制(13955) 以及(155624) 其他(189445) 更多(44083) 結構性(1526) 的(16029838) 改革(21497) 使得(30960) 學費(1990) 自由化(1457) 發揮(23985) 其(307905) 應(82417) 有(2217079) 的(16029838) 功能(38600) 恐怕(22544) 在(3284238) 未來(54445) 一段(740) 時日(2219) 仍(92056) 將(448374) 考驗(6900) 教育(71554) 決策(16052) 官員(31382) 的(16029838) 智慧(46294),{'High': 33},"{'第5級': 10, '第7級': 1, '第4級': 6, '第6級': 3, '第2級': 1, 'Unknown': 5, '第1級': 4, '第1*級': 1, '第3級': 1, '第4*級': 1}",2,Y,Y,N,N
天仁茶業公司今年上半年獲利六千八百九十五萬五千元，較去年同期成長一‧四%，稅前淨利一‧一五元，達成全年目標四八%。,天仁 茶業 公司 今年 上 半 年 獲利 六千八百九十五萬五千 元 較 去年 同 期 成長 一四 稅 前 淨利 一一五 元 達成 全 年 目標 四八,26,天仁(21) 茶業(105) 公司(168500) 今年(10836) 上(1233218) 半(80813) 年(514736) 獲利(5644) 六千八百九十五萬五千(Unknown) 元(60807) 較(78424) 去年(9462) 同(102917) 期(14058) 成長(42450) 一四(444) 稅(2840) 前(272709) 淨利(439) 一一五(73) 元(60807) 達成(19667) 全(178642) 年(514736) 目標(62638) 四八(84),"{'Low': 4, 'High': 22}","{'Unknown': 9, '第2級': 3, '第1級': 9, '第5級': 2, '第4級': 2, '第6級': 1}",2,Y,N,N,Y
天仁公司表示，今年上半年獲利能力大幅提升，主要是拜春茶提早上市及綠茶暢銷所賜，最近綠茶粉已完成全省舖貨，並大力媒體廣告促銷，而中秋節茶月餅亦將於八月上市，預期下半年營運績效會更好。,天仁 公司 表示 今年 上 半 年 獲利 能力 大幅 提升 主要 是 拜 春茶 提早 上市 及 綠茶 暢銷 所 賜 最近 綠茶粉 已 完成 全 省 舖貨 並 大力 媒體 廣告 促銷 而 中秋節 茶 月餅 亦 將 於 八月 上市 預期 下 半 年 營運 績效 會 更 好,52,天仁(21) 公司(168500) 表示(74452) 今年(10836) 上(1233218) 半(80813) 年(514736) 獲利(5644) 能力(93399) 大幅(6731) 提升(17122) 主要(78757) 是(4642407) 拜(9209) 春茶(33) 提早(3557) 上市(7933) 及(304586) 綠茶(679) 暢銷(2899) 所(527327) 賜(8072) 最近(30174) 綠茶粉(13) 已(215610) 完成(60471) 全(178642) 省(17570) 舖貨(3) 並(442790) 大力(4767) 媒體(32308) 廣告(30189) 促銷(3230) 而(937923) 中秋節(641) 茶(22006) 月餅(640) 亦(68507) 將(448374) 於(327210) 八月(15534) 上市(7933) 預期(11499) 下(329549) 半(80813) 年(514736) 營運(5641) 績效(6013) 會(1014977) 更(361676) 好(448428),"{'Low': 4, 'High': 48}","{'Unknown': 10, '第2級': 5, '第4*級': 4, '第1級': 8, '第5級': 10, '第6級': 7, '第4級': 5, '第3級': 1, '第1*級': 2}",2,Y,Y,N,Y
天仁公司日前已向証交所提出轉上市送件，預計八月份起証交所將陸續進行各項審查作業。,天仁 公司 日前 已 向 証交所 提出 轉 上市 送件 預計 八月 份起 証交 所 將 陸續 進行 各 項 審查 作業,22,天仁(21) 公司(168500) 日前(1738) 已(215610) 向(231672) 証交所(Unknown) 提出(63073) 轉(20108) 上市(7933) 送件(57) 預計(2295) 八月(15534) 份起(Unknown) 証交(Unknown) 所(527327) 將(448374) 陸續(7091) 進行(100298) 各(243023) 項(88887) 審查(4808) 作業(16954),"{'Low': 5, 'High': 17}","{'Unknown': 8, '第2級': 5, '第7級': 1, '第3級': 1, '第5級': 6, '第6級': 1}",1,Y,N,N,Y
家電業在今年正式開始實施回收廢家電制度之後，就積極進行合資公司的籌組工作。,家電業 在 今年 正式 開始 實施 回收 廢 家電 制度 之後 就 積極 進行 合資 公司 的 籌組 工作,19,家電業(94) 在(3284238) 今年(10836) 正式(23229) 開始(245562) 實施(11851) 回收(2823) 廢(4391) 家電(1038) 制度(37973) 之後(190467) 就(1737544) 積極(24247) 進行(100298) 合資(2017) 公司(168500) 的(16029838) 籌組(582) 工作(220164),"{'Low': 1, 'High': 18}","{'Unknown': 4, '第1*級': 1, '第1級': 4, '第3*級': 1, '第2級': 2, '第6級': 1, '第4級': 3, '第4*級': 2, '第5級': 1}",1,Y,N,N,N
昨日廢家電處理公司籌備處召開發起人會議，由國內十二家家電業者共同集資二億五百萬元，成立「綠電再生股份有限公司」。,昨日 廢 家電 處理 公司 籌備處 召開 發起人 會議 由 國內 十二 家 家電 業者 共同 集資 二億五百萬 元 成立 綠電 再生 股份 有限公司,24,昨日(2036) 廢(4391) 家電(1038) 處理(61797) 公司(168500) 籌備處(462) 召開(5858) 發起人(481) 會議(30698) 由(208604) 國內(17537) 十二(22310) 家(236822) 家電(1038) 業者(6857) 共同(36636) 集資(651) 二億五百萬(Unknown) 元(60807) 成立(28506) 綠電(Unknown) 再生(2722) 股份(4551) 有限公司(618),"{'High': 22, 'Low': 2}","{'第5級': 1, 'Unknown': 9, '第4*級': 5, '第2級': 1, '第6級': 3, '第4級': 3, '第1級': 2}",4,Y,N,N,Y
該公司預計明年再邀集國內相關產業和電腦業者，共同參與家電、電腦等回收事業的投資。,該 公司 預計 明年 再 邀集 國內 相關 產業 和 電腦 業者 共同 參與 家電 電腦 等 回收 事業 的 投資,21,該(148369) 公司(168500) 預計(2295) 明年(3059) 再(326207) 邀集(426) 國內(17537) 相關(41599) 產業(29756) 和(1338337) 電腦(38528) 業者(6857) 共同(36636) 參與(40595) 家電(1038) 電腦(38528) 等(327380) 回收(2823) 事業(32957) 的(16029838) 投資(38191),{'High': 21},"{'第4*級': 5, '第2級': 1, '第5級': 3, '第1*級': 4, 'Unknown': 3, '第4級': 3, '第3*級': 1, '第1級': 1}",0,Y,Y,N,N
由十二家家電業者所籌組的廢家電合資公司，在經過近半年的醞釀之後，終於在昨日定案。,由 十二 家 家電 業者 所 籌組 的 廢 家電 合資 公司 在 經過 近 半 年 的 醞釀 之後 終於 在 昨日 定案,24,由(208604) 十二(22310) 家(236822) 家電(1038) 業者(6857) 所(527327) 籌組(582) 的(16029838) 廢(4391) 家電(1038) 合資(2017) 公司(168500) 在(3284238) 經過(64617) 近(43555) 半(80813) 年(514736) 的(16029838) 醞釀(1928) 之後(190467) 終於(59622) 在(3284238) 昨日(2036) 定案(714),{'High': 24},"{'第4*級': 3, 'Unknown': 5, '第1級': 5, '第2級': 4, '第1*級': 2, '第6級': 1, '第4級': 2, '第5級': 1, '第7級': 1}",0,Y,N,N,N
在經過推舉之後，由原任籌備處主任委員洪敏昌擔任董事長，東元電機協理林弘祥擔任副董事長，而實際的經營運作則由台灣松下處長杜豐生負責，該公司並且正式命名為「綠電再生股份有限公司」。,在 經過 推舉 之後 由 原任 籌備處 主任委員 洪敏昌 擔任 董事長 東元 電機 協理 林弘祥 擔任 副董事長 而 實際 的 經營 運作 則 由 台灣 松下 處長 杜豐生 負責 該 公司 並且 正式 命名為 綠電 再生 股份 有限公司,38,在(3284238) 經過(64617) 推舉(1608) 之後(190467) 由(208604) 原任(447) 籌備處(462) 主任委員(Unknown) 洪敏昌(6) 擔任(34825) 董事長(8106) 東元(542) 電機(1107) 協理(348) 林弘祥(Unknown) 擔任(34825) 副董事長(434) 而(937923) 實際(52755) 的(16029838) 經營(39913) 運作(23209) 則(254096) 由(208604) 台灣(130718) 松下(2489) 處長(1328) 杜豐生(Unknown) 負責(37090) 該(148369) 公司(168500) 並且(60996) 正式(23229) 命名為(1822) 綠電(Unknown) 再生(2722) 股份(4551) 有限公司(618),"{'High': 33, 'Low': 5}","{'第1*級': 1, '第2級': 2, '第6級': 4, '第4級': 2, '第4*級': 5, 'Unknown': 15, '第5級': 5, '第7級': 1, '第1級': 2, '第3*級': 1}",9,Y,Y,N,Y
在今年四月時，原本各廠已陸續表達投資金額的意願，初步估計約在二億三千多萬元，不過在昨日發起人會議中定案的集資金額卻縮減為二億五百萬元。,在 今年 四月 時 原本 各 廠 已 陸續 表達 投資 金額 的 意願 初步 估計 約 在 二億三千多萬 元 不過 在 昨日 發起人 會議 中 定案 的 集資 金額 卻 縮減為 二億五百萬 元,34,在(3284238) 今年(10836) 四月(14996) 時(623734) 原本(35765) 各(243023) 廠(4599) 已(215610) 陸續(7091) 表達(34582) 投資(38191) 金額(5087) 的(16029838) 意願(6427) 初步(3730) 估計(7162) 約(47731) 在(3284238) 二億三千多萬(2) 元(60807) 不過(186226) 在(3284238) 昨日(2036) 發起人(481) 會議(30698) 中(1011729) 定案(714) 的(16029838) 集資(651) 金額(5087) 卻(333007) 縮減為(70) 二億五百萬(Unknown) 元(60807),"{'High': 31, 'Low': 3}","{'第1*級': 3, '第1級': 5, 'Unknown': 8, '第3*級': 2, '第4*級': 3, '第2級': 2, '第3級': 1, '第5級': 5, '第6級': 2, '第4級': 2, '第7級': 1}",4,Y,Y,N,N
主要的原因是大同公司臨時決定將投資金額由四千萬元，縮減為一千萬元，而原本也在發起人行列的新禾公司也臨時決定退出。,主要 的 原因 是 大同 公司 臨時 決定 將 投資 金額 由 四千萬 元 縮減為 一千萬 元 而 原本 也 在 發起人 行列 的 新禾 公司 也 臨時 決定 退出,30,主要(78757) 的(16029838) 原因(67404) 是(4642407) 大同(2367) 公司(168500) 臨時(7386) 決定(101837) 將(448374) 投資(38191) 金額(5087) 由(208604) 四千萬(363) 元(60807) 縮減為(70) 一千萬(1336) 元(60807) 而(937923) 原本(35765) 也(1590760) 在(3284238) 發起人(481) 行列(3774) 的(16029838) 新禾(Unknown) 公司(168500) 也(1590760) 臨時(7386) 決定(101837) 退出(5477),"{'High': 28, 'Low': 2}","{'第4級': 1, '第1級': 7, '第3*級': 1, '第7級': 1, '第2級': 4, '第5級': 5, '第4*級': 3, '第6級': 2, 'Unknown': 5, '第1*級': 1}",4,Y,Y,N,Y
洪敏昌表示，綠電再生公司的成立除了解決廢電器丟置的問題之外，透過產業之間結盟的做法，可以有效達到資源共用的目的，未來則將在合資公司出現利潤之後再投資，以提高廢電器的回收處理比率。,洪敏昌 表示 綠電 再生 公司 的 成立 除了 解決 廢 電器 丟置 的 問題 之外 透過 產業 之間 結盟 的 做法 可以 有效 達到 資源 共用 的 目的 未來 則 將 在 合資 公司 出現 利潤 之後 再 投資 以 提高 廢 電器 的 回收 處理 比率,47,洪敏昌(6) 表示(74452) 綠電(Unknown) 再生(2722) 公司(168500) 的(16029838) 成立(28506) 除了(75964) 解決(55725) 廢(4391) 電器(2124) 丟置(11) 的(16029838) 問題(280782) 之外(45757) 透過(63117) 產業(29756) 之間(117932) 結盟(2514) 的(16029838) 做法(16990) 可以(560531) 有效(30667) 達到(35670) 資源(27580) 共用(1652) 的(16029838) 目的(45226) 未來(54445) 則(254096) 將(448374) 在(3284238) 合資(2017) 公司(168500) 出現(124694) 利潤(8047) 之後(190467) 再(326207) 投資(38191) 以(547785) 提高(19797) 廢(4391) 電器(2124) 的(16029838) 回收(2823) 處理(61797) 比率(3447),"{'Low': 3, 'High': 44}","{'Unknown': 9, '第4*級': 8, '第6級': 2, '第2級': 2, '第1級': 7, '第3*級': 2, '第4級': 7, '第5級': 7, '第3級': 1, '第1*級': 2}",1,Y,N,N,Y
綠電再生公司預計在二年之內成立三座處理廠，並且在五年內成立七到十個廠，目標則是達到五%的廢電器回收處理比率。,綠電 再生 公司 預計 在 二 年 之內 成立 三 座 處理廠 並且 在 五 年 內 成立 七 到 十 個 廠 目標 則 是 達到 五 的 廢 電器 回收 處理 比率,34,綠電(Unknown) 再生(2722) 公司(168500) 預計(2295) 在(3284238) 二(152494) 年(514736) 之內(12501) 成立(28506) 三(313861) 座(49959) 處理廠(28) 並且(60996) 在(3284238) 五(112649) 年(514736) 內(183051) 成立(28506) 七(59385) 到(546906) 十(77415) 個(2296574) 廠(4599) 目標(62638) 則(254096) 是(4642407) 達到(35670) 五(112649) 的(16029838) 廢(4391) 電器(2124) 回收(2823) 處理(61797) 比率(3447),"{'Low': 2, 'High': 32}","{'Unknown': 5, '第6級': 1, '第2級': 1, '第5級': 3, '第1*級': 2, '第1級': 12, '第4*級': 5, '第3*級': 1, '第4級': 3, '第3級': 1}",1,Y,Y,N,Y
目前處理廠的用地取得，仍需透過工業局取得用地建廠，第一個廠預計在今年底、明年初興建完成，並且優先在北部地區，以解決最大的問題所在。,目前 處理廠 的 用地 取得 仍 需 透過 工業局 取得 用地 建廠 第一 個 廠 預計 在 今年 底 明年 初 興建 完成 並且 優先 在 北部 地區 以 解決 最 大 的 問題 所在,35,目前(48695) 處理廠(28) 的(16029838) 用地(917) 取得(25649) 仍(92056) 需(27999) 透過(63117) 工業局(282) 取得(25649) 用地(917) 建廠(575) 第一(172544) 個(2296574) 廠(4599) 預計(2295) 在(3284238) 今年(10836) 底(37174) 明年(3059) 初(42087) 興建(5688) 完成(60471) 並且(60996) 優先(6299) 在(3284238) 北部(5380) 地區(40339) 以(547785) 解決(55725) 最(421680) 大(525780) 的(16029838) 問題(280782) 所在(13079),"{'High': 34, 'Low': 1}","{'第4級': 6, 'Unknown': 6, '第1級': 6, '第5級': 7, '第2級': 2, '第1*級': 4, '第3*級': 1, '第4*級': 1, '第2*級': 1, '第6級': 1}",2,Y,Y,N,N
在回收點的籌設方面，洪敏昌表示目前在北、中、南地區各有一個回收點的洽談對象，而目前也正和國外廢電器回收處理公司，進行設備採購和技術移轉。,在 回收點 的 籌設 方面 洪敏昌 表示 目前 在 北 中 南 地區 各 有 一 個 回收點 的 洽談 對象 而 目前 也 正 和 國外 廢 電器 回收 處理 公司 進行 設備 採購 和 技術 移轉,38,在(3284238) 回收點(4) 的(16029838) 籌設(332) 方面(75079) 洪敏昌(6) 表示(74452) 目前(48695) 在(3284238) 北(20351) 中(1011729) 南(24203) 地區(40339) 各(243023) 有(2217079) 一(3701681) 個(2296574) 回收點(4) 的(16029838) 洽談(588) 對象(28123) 而(937923) 目前(48695) 也(1590760) 正(179334) 和(1338337) 國外(8646) 廢(4391) 電器(2124) 回收(2823) 處理(61797) 公司(168500) 進行(100298) 設備(12866) 採購(3679) 和(1338337) 技術(47691) 移轉(2907),"{'High': 35, 'Low': 3}","{'第1*級': 2, 'Unknown': 9, '第1級': 6, '第3*級': 2, '第4*級': 3, '第4級': 8, '第2級': 4, '第6級': 1, '第5級': 3}",3,Y,Y,N,Y
綠電再生雖然目前籌組的十二家公司均為家電廠商，包括了台灣松下、東元、普騰、聲寶、歌林、三洋、台灣日立、新力、大同、夏寶、華王電機和日立家電。,綠電 再生 雖然 目前 籌組 的 十二 家 公司 均 為 家電 廠商 包括 了 台灣 松下 東元 普騰 聲寶 歌林 三洋 台灣 日立 新力 大同 夏寶 華王 電機 和 日立 家電,32,綠電(Unknown) 再生(2722) 雖然(152988) 目前(48695) 籌組(582) 的(16029838) 十二(22310) 家(236822) 公司(168500) 均(27783) 為(761341) 家電(1038) 廠商(8879) 包括(74410) 了(3199291) 台灣(130718) 松下(2489) 東元(542) 普騰(32) 聲寶(198) 歌林(95) 三洋(264) 台灣(130718) 日立(701) 新力(931) 大同(2367) 夏寶(Unknown) 華王(7) 電機(1107) 和(1338337) 日立(701) 家電(1038),"{'Low': 5, 'High': 27}","{'Unknown': 17, '第6級': 2, '第2級': 2, '第4級': 1, '第1級': 4, '第4*級': 2, '第5級': 1, '第3*級': 1, '第7級': 2}",0,Y,Y,N,Y
不過，該公司預計在正式運作之後，於明年再邀集其他同業和電腦產業的廠商，共同參與設廠的計畫，以達資源共享的目的。,不過 該 公司 預計 在 正式 運作 之後 於 明年 再 邀集 其他 同業 和 電腦 產業 的 廠商 共同 參與 設廠 的 計畫 以 達 資源 共享 的 目的,30,不過(186226) 該(148369) 公司(168500) 預計(2295) 在(3284238) 正式(23229) 運作(23209) 之後(190467) 於(327210) 明年(3059) 再(326207) 邀集(426) 其他(189445) 同業(2212) 和(1338337) 電腦(38528) 產業(29756) 的(16029838) 廠商(8879) 共同(36636) 參與(40595) 設廠(674) 的(16029838) 計畫(54820) 以(547785) 達(25383) 資源(27580) 共享(3344) 的(16029838) 目的(45226),{'High': 30},"{'第2級': 4, '第4*級': 1, '第5級': 6, '第1*級': 4, '第3*級': 2, '第6級': 3, '第4級': 3, 'Unknown': 4, '第1級': 3}",0,Y,Y,N,N
